31,1,0,8,1.7,10,,0,8.3,2,10,,0,8.6,2.1,10,,0,8.6,1.7,11,,0,8.9,2.3,11,,0,8.8,2.5,12,,0,8.8,2.5,11,0,0,10.1,2.8,11,0.8,0,11.2,1.7,11,1,0,12.3,2.3,10,1,0,12.7,2.7,11,1,0,13,2.4,10,1,0,12.9,2.1,10,1,0,12.9,1.8,9,1,0,12.2,1.9,9,1,0,10.9,1.8,10,0.6,0,10.3,1.8,10,0,0,9.9,1.5,10,,0,9.7,2.5,12,,0,9.1,1.8,10,,0,8.8,2.1,11,,0,8.4,2.3,11,,0,8.1,2.2,12,,0,7.8,2,11,,1,0,7.4,2,11,,0,7.5,2.1,11,,0,7.3,1.4,11,,0,6.9,1.4,10,,0,7.2,1.9,11,,0,6.8,1.2,9,,0,7.3,1.7,11,0,0,8.5,1.7,12,0.8,0,10.1,1.8,10,1,0,11,2,11,1,0,11.9,2.1,12,1,0,12.5,2.2,12,1,0,12.7,2.2,12,1,0,13,1.4,10,1,0,12.4,1.2,10,1,0,10.9,1.3,13,1,0,9.6,1.7,14,0.1,0,10.2,1.9,14,,0,10,2.7,1,,0,8.8,3.5,1,,0,8,4.3,1,,0,7.5,3.2,1,,0,7.4,3.7,1,,0,6.6,3.7,1,,1,0,6.2,3.6,1,,0,6.5,3.6,1,,0,5.9,3.1,1,,0,5.9,2.7,1,,0,5.9,2.3,1,,0,6,2.4,1,,0,5.8,2.1,1,0,0,7.1,2.5,1,0.8,0,8.5,1.3,2,1,0,9.2,1.1,5,1,0,11.3,1.4,8,1,0,10.7,1.3,9,1,0,12.5,1.9,7,1,0,11.3,1.9,8,1,0,12,1.4,8,1,0,10.6,1.1,9,1,0,9.1,0.8,10,0.1,0,8.7,0.9,11,,0,8.4,0.9,12,,0,9,0.7,10,,0,8.2,0.7,15,,0,8.3,0.6,14,,0,8.7,1.2,12,,0,6.2,1.4,13,,1,0,7,1.6,14,,0,7.3,0.7,7,,0,6.9,1.2,9,,0,5.8,0.1,16,,0,5.3,1.3,15,,0,5.2,1.4,0,,0,6.6,1.9,1,0,0,9.6,0.8,2,0.7,0,9.3,1.4,3,0.8,0,10.3,1.3,3,0.7,0,11,1.8,3,0.9,0,12.1,2.5,2,1,0,11.2,1.7,2,0.7,0,10.9,3,2,0.6,0,10.3,3.8,1,0.8,0,9.6,2.8,1,1,0,8.6,2.7,1,0.1,0,8,2,1,,0,9.2,3.5,1,,0,7.8,4.3,1,,0,7.1,4.2,1,,0,6.6,4.4,1,,0,6.5,4.6,1,,0,6.4,4.9,1,,1,0,5.8,4.1,1,,0,5.4,3.9,1,,0,5.1,3.7,1,,0,4.9,3.7,1,,0,4.6,4.1,1,,0,4.4,3.8,1,,0,4.5,4,1,0,0,5.4,4.5,1,0.4,0,6.7,3.4,2,1,0,7.3,3.6,2,1,0,7.3,3.8,2,1,0,7.6,4,2,1,0,7.3,4.5,2,0.9,0,7.4,3.8,2,1,0,7.3,3.3,2,1,0,6.5,4,1,1,0,5.7,4,1,0.1,0,5.6,4.6,1,,0,5.9,4.5,1,,0,5.7,4.7,1,,0,6,5.4,1,,0,5.9,5.1,1,,0,5.4,4.9,1,,0,5.3,5.1,1,,1,0,4.9,4.4,1,,0,4.3,3.1,1,,0,4.2,4.7,1,,0,4,5.3,1,,0,4.2,4.9,1,,0,4.2,4.1,1,,0,3.8,3.5,1,0,0,5.6,3,1,1,0,7.4,1.2,3,1,0,8.4,0.7,4,1,0,9.1,0.9,6,1,0,10.4,1.2,6,1,0,8.2,0.8,2,0.3,0,11.6,1,8,0.5,0,8,2,0,0.4,0,8.2,1.1,3,0.2,0,7.1,1,1,0,0,7,1.3,0,,0,7.6,2,1,,0,6.2,2.8,1,,0,5.5,2.9,0,,0,5.1,2.7,0,,0,5,2.7,0,,0,4.9,2.7,1,,1,0,4.5,2.7,1,,0,4.4,2.5,0,,0,4.4,2.2,0,,0,4.2,1.7,0,,0,3.8,1.9,0,,0,4.3,2.3,0,,0,4.7,2.2,0,0,0,6.1,2,1,0.7,0,7.7,1.6,2,0.8,0,7.9,1.3,2,0.3,0,7.6,1,3,0,0,8.1,0.9,7,0.1,0,8.4,1.2,7,0.1,0,9.1,2,8,0.3,0,9.3,0.8,8,0.9,0,8.4,0.5,9,0.9,0,6.8,1.7,13,0.1,0,6.6,1.8,13,,0,6.9,1.6,13,,0,6.9,0.5,13,,0,6.2,0.4,12,,0,7.3,0.8,11,,0,7.7,0.9,9,,0,7.9,0.9,9,,1,0,7.8,0.7,11,,0,8.5,0.7,10,,0,8.9,1,11,,0,8.8,1.1,12,,0,8.6,1.2,12,,0,9,1.4,12,,0,9.4,1.3,13,0,0,10.3,1.2,12,0.1,0,11,1.1,11,0.1,0,11.9,1,10,0,0,12.1,1,10,0,0,12.6,1.1,8,0,0,12.8,0.9,7,0,0,11.7,0.6,9,0,0,11.7,0.4,11,0,0.5,11.1,1.5,13,0,1.5,10.5,0.9,13,0,1.5,10.3,0.5,15,,2,10.3,0.3,15,,3.5,10.4,0.3,6,,5,10.5,0.3,0,,6,10.7,0.7,1,,3.5,10.5,0.9,1,,4.5,10.1,1.5,2,,1,6.5,9.1,3.3,1,,3.5,8.6,4.3,1,,0,8.3,2.4,2,,0,8,2.7,1,,0,8,3.2,1,,0,8,2.4,1,,0,8,3.3,1,0,0,8.2,3,1,0,0,8.3,3.7,1,0,0,8.8,2.9,1,0,0,9.1,2.2,1,0,0,8.9,3.9,1,0,0,8.7,2.8,1,0.1,0,8.3,2.3,1,0,0,8.5,2.2,1,0,0,8.1,3.2,1,0,0,7.1,4.7,1,0,0,6.6,4.6,1,,0,6.8,5.2,1,,0,6.5,6.3,1,,0,5.2,4.9,1,,0,4.2,5.9,1,,0,3.3,5.1,1,,0,3.2,4.4,1,,1,0,3.3,4.3,1,,0,3.7,3.7,1,,0,3.6,2,1,,0,3.5,1.7,1,,0,3.6,1.5,1,,0,3.4,1.7,1,,0,3.7,1.9,0,0,0,3.8,2.3,2,0,0,1.9,3.1,1,0,0,1.6,2.3,1,0,0,2.3,1.2,0,0,0,2.9,0.9,2,0,0,4.6,1.2,2,0.3,0,4.5,1.5,3,0.8,0,5.3,0.8,3,0.7,0,4,0.4,2,0.7,0,2.5,1.2,15,0.1,0,2.4,1.7,14,,0,2.5,1.7,14,,0,2.6,1.7,14,,0,2,2.1,14,,0,2.5,1.9,14,,0,2.4,1.6,14,,0,2.7,1.5,14,,1,0,2.8,1.5,14,,0,2.4,1.6,14,,0,2.3,1.7,14,,0,2.5,1.6,13,,0,2.7,2.4,14,,0,2.5,2.8,14,,0,2.2,2.9,13,0,0,5.3,1.2,15,0.9,0,6.8,1,0,1,0,7.7,1.2,3,1,0,8.3,1.9,9,1,0,7.2,1.7,3,0.8,0,8.9,1.4,2,0.9,0,9,1.5,3,1,0,7.5,1.1,2,0.6,0,7,1.6,1,0.7,0,5,1.1,14,0.1,0,3.9,1,13,,0,4.5,1.6,15,,0,5.5,2.1,0,,0,5.8,2.3,0,,0,5.5,1.8,0,,0,5.6,2.2,0,,0,5.4,2,15,,1,0,5.3,1.8,15,,0,5.7,1.3,1,,0,5,0.3,12,,0,4.4,1,15,,0,4.4,1,14,,0,3.7,0.7,12,,0,4.2,1.5,14,0,0,6.2,0.9,2,0.4,0,7.9,1.4,8,1,0,8.5,1.8,8,1,0,9.3,1.8,10,1,0,9.6,1.5,10,1,0,10,1.9,9,1,0,10.2,1.9,10,1,0,9.5,1.3,8,1,0,7.9,1.6,10,1,0,7,1.5,11,0.1,0,6.9,1.5,12,,0,6.6,1.4,12,,0,6.3,1.7,12,,0,5.9,1.6,14,,0,5.9,2,13,,0,5.8,1.8,13,,0,5.8,1.8,11,,1,0,5.6,2,12,,0,5.7,2.1,13,,0,5.9,2.9,13,,0,6,2.7,14,,0,6.1,3.3,14,,0,5.5,2.1,13,,0,5.5,2.3,13,0,0,5.2,1.1,15,0,0,7.1,0.9,2,0,0,7.5,1.4,2,0,0,7.8,2,2,0.2,0,8,1.4,3,0.5,0,9,1.5,3,0.4,0,8.6,1.3,2,1,0,8.2,2.2,2,1,0,7.2,2.4,1,0.8,0,6.2,2.8,0,0.1,0,6,2.7,0,,0,6.5,3.7,1,,0,5.9,4.6,1,,0,4.8,5.6,1,,0,4.1,5.7,1,,0,3.9,5.3,1,,0,3.4,4.5,1,,1,0,3.3,3.9,1,,0,3,3.6,1,,0,2.5,3.3,0,,0,2.4,3.1,1,,0,2.3,3.6,1,,0,2.2,3.5,1,,0,2.2,3.8,1,0,0,3.1,3.8,1,0.2,0,4.4,3.8,1,0.7,0,5.7,3.1,2,1,0,5.8,2.4,2,1,0,6.9,2.3,2,1,0,6,2.7,2,0.8,0,6.7,2.5,2,0.8,0,5.9,2.5,2,0.7,0,5.5,3.1,1,0,0,5.1,2.2,0,0,0,4.6,2.6,0,,0,4.7,3,1,,0,5.5,3.5,1,,0,5.7,3.9,1,,0,5.5,4.6,1,,0,4.9,4.7,1,,0,4.8,5.2,1,,1,0,4.6,5.7,1,,0,4.5,6,1,,0,4.4,6.4,1,,0,4.2,7.2,1,,0,4.3,6.6,1,,0,4.5,6.7,1,,0,4.5,6.3,1,0,0,3.4,6.6,1,0,0,2.9,7,1,0,0,3.6,7.9,1,0,0,3.6,7.2,1,0,0,3.7,8,1,0,0,3.1,9,1,0,0,3.8,7.8,1,0,0,4.3,7.7,1,0,0,4.4,8.4,1,0,0,4.3,6.3,1,0,0,4.3,6,1,,0,4.3,6.3,1,,0,4.5,5.8,1,,0,4.4,6.3,1,,0,4.2,6.9,1,,0,3.9,5.5,1,,0,3.6,5.3,1,,1,0,3.6,5.4,1,,0,3.4,5.6,1,,0,3.1,4.7,1,,0,2.8,3.6,1,,0,3,4.1,1,,0,2.8,3.1,1,,0,2.6,2.9,1,0,0,4.5,2.6,1,1,0,5.3,1.6,2,0.9,0,6.4,1.5,2,0.2,0,6.4,1.5,2,0.2,0,7,1.5,3,0.5,0,7,0.5,4,0.8,0,7.1,1.1,8,0.2,0,7,1.5,9,0,0,6.5,0.9,9,0,0,5.7,0.1,16,0,0,5.3,0.8,13,,0,4.5,0.8,11,,0,4.7,1.3,13,,0,5,1.8,14,,0,5.1,1.6,14,,0,4.9,1.5,14,,0,4.4,1.8,13,,1,0,4.2,1.7,13,,0,4.4,1.7,13,,0,4.9,1.9,0,,0,3.4,1.5,0,,0,3.3,1.2,14,,0,3.9,1.9,0,,0,4.7,2.3,0,0,0,5.9,2.1,1,0.3,0,7.2,1.9,2,0.7,0,8.2,2.2,2,0.9,0,8.2,2.1,2,1,0,8.6,1.7,3,1,0,9.2,1.7,3,0.9,0,8.7,1.5,2,0.7,0,8.2,1.2,3,1,0,7.1,2.1,1,1,0,6.1,2,0,0.1,0,5.6,2.3,0,,0,5.5,2.7,0,,0,5.4,2.3,1,,0,6,4.1,1,,0,5.5,3.8,1,,0,4.8,4.3,1,,0,4.9,4.5,1,,1,0,4.9,4.8,1,,0,4.8,5,1,,0,4.2,5.3,1,,0,3.4,6,1,,0,3.3,6.9,1,,0,3.5,6.8,1,,0,4,5,1,0,0,4.4,5.5,1,0,0,4.8,4.3,1,0.1,0,6,3.2,2,0.7,0,6.7,2.9,2,0.9,0,6.7,2.4,2,0.8,0,7.4,2,2,0.6,0,7.8,1.8,2,0.5,0,7.1,1,4,0.9,0,6.4,0.6,1,0.2,0,5.2,0.9,14,0,0,3.6,1.5,13,,0,3.8,1.4,13,,0,3.5,1.1,13,,0,4.3,1,14,,0,5.3,1.4,12,,0,3.5,0.9,14,,0,4.3,0.7,11,,1,0,4.4,1.4,0,,0,3.3,1,10,,0,3.3,1.6,15,,0,2.4,1.7,15,,0,3.6,4.5,1,,0,3.6,1.8,15,,0,3.8,2,0,0,0,5.2,0.2,16,0.3,0,6.9,1.2,13,1,0,6.9,2.9,2,1,0,8.2,1.6,13,1,0,8.7,1.6,2,1,0,9.4,1.5,8,1,0,8.9,1.3,13,1,0,7.8,2.8,0,1,0,6.6,0.7,9,1,0,4.2,1.3,14,0.2,0,4,1.4,15,,0,4.1,2,1,,0,3.8,1.9,1,,0,2.9,1.5,0,,0,3.8,1.9,1,,0,3.3,1.1,15,,0,4.3,0.7,0,,1,0,4.5,0.7,2,,0,5.2,1.1,1,,0,4.1,1.8,1,,0,5.1,2.2,2,,0,5.3,2.1,1,,0,5.7,2.5,1,,0,5.1,1.9,0,0,0,6.3,1.4,0,0.2,0,8,1.7,4,1,0,7.9,0.7,6,1,0,10.1,2.8,8,1,0,10.2,1.1,8,1,0,10.1,1.4,9,1,0,10.2,1.8,9,1,0,10,1.7,10,1,0,8.7,1,8,1,0,7.8,1.5,10,0.1,0,7.3,0.9,13,,0,7.3,1.1,10,,0,7.9,1.3,12,,0,8.6,0.9,12,,0,8.4,1.1,12,,0,8.5,0.6,9,,0,9.3,1,12,,1,0,9.6,1.1,9,,0,8.1,0.5,8,,0,7.3,0.5,7,,0,8.3,1,8,,0,8,1.1,10,,0,9.2,1.4,13,,0,8.8,1.2,10,0,0,9.4,1,7,0.7,0,10.4,0.9,10,1,0,10.5,1.2,8,1,0,12,1.3,9,1,0,11.3,1.3,9,1,0,11.4,1.6,9,1,0,11.2,1.3,10,1,0,10.1,1.5,10,1,0,8.6,1.1,13,0.9,0,7.5,0.9,12,0.1,0,6,0.3,5,,0,4.8,1.1,13,,0,4.7,1.1,13,,0,4.7,1.4,13,,0,6.1,2.2,1,,0,6.1,2.4,1,,0,5.5,4.3,1,,1,0,4.9,5.8,1,,0,4.3,4.7,1,,0,4.1,5.2,1,,0,3,4.4,1,,0,3.3,4.7,1,,0,3.5,4,1,,0,3.6,3.6,1,0,0,4.4,2.9,1,0.4,0,6.3,2.5,1,1,0,8.1,1.2,3,1,0,8.2,1.8,2,1,0,7.8,1.8,2,0.4,0,8.5,1.4,3,0.3,0,8,1.7,1,0.1,0,6.9,1.9,1,0.5,0,6.7,1.9,1,0.9,0,6,2.3,1,0,0,5.4,2.3,0,,0,5,2.4,0,,0,5.3,2.2,0,,0,4.8,2.5,1,,0,4,4.1,1,,0,4.4,4,1,,0,4.5,3.5,1,,1,0,4.4,2.7,0,,0,4.1,2.6,0,,0,3.7,2.3,0,,0,3.6,1.9,0,,0,3.1,1.6,15,,0,3.8,2,0,,0,3.1,1.3,15,0,0,6,0.4,0,0.6,0,7.5,1,8,1,0,9.6,1.7,8,1,0,10,2.4,9,1,0,10.1,2.4,9,1,0,10.6,1.7,8,0.9,0,11,1.6,9,1,0,10.7,0.7,8,1,0,8.6,1.1,8,0.9,0,7,0.3,10,0.2,0,5.2,1.6,14,,0,5.2,1.5,13,,0,5.1,1.6,14,,0,5.2,1.7,14,,0,5.2,1.6,14,,0,6.6,1.5,14,,0,6.2,1,13,,1,0,6.5,1.3,14,,0,6.9,1.1,14,,0,7,0.6,15,,0,6.4,0.1,16,,0,6.1,0,16,,0,7.6,1.1,13,,0,7.5,1.6,13,0,0,9.6,1.1,11,0.6,0,10.6,1.7,9,0.5,0,11.8,1.2,9,1,0,12.6,1.7,9,1,0,12.4,1.8,9,1,0,12.5,1.6,10,1,0,11.3,2.2,9,0.8,0,11.7,2.3,9,1,0,10.5,1.6,9,0.8,0,9.1,1.3,8,0.2,0,8.9,1.7,13,0,0,9.9,1.9,11,,0,10,1.6,10,,0,9.9,1.9,12,,0,9.8,2.6,12,,0,10.1,2,12,,0,9.8,1.7,13,,1,0,10.1,1.6,11,,0,10.4,1.5,9,,0,10.7,1.9,9,,0,10.8,1.5,9,,0,10.7,1.5,5,,0,10.8,1.7,11,,0,10.5,1.5,10,0,0,12.1,2.2,11,0.5,0,12.3,1.3,10,0.6,0,13.6,1.8,9,0.9,0,13.6,1.4,8,0.5,0,14.5,1.7,9,0.4,0,15,1.6,9,0.5,0,14.1,1.4,9,0.4,0,13.5,1.3,8,0,0,13,1.4,10,0,0,13.1,1.4,11,0,0,12.9,1.2,9,0,0,12.2,0.7,8,,0,10.5,0.5,9,,0,10.6,0.6,11,,0,12,1.2,10,,0,11.8,0.9,9,,0,12.5,1.2,10,,1,0,13.5,1.3,10,,0,12.9,1.5,9,,0.5,12.5,1.5,10,,5,10.8,1.6,11,,5,10.2,0.7,12,,0,10.9,0.9,8,,0,10.5,1.3,9,0,0,11,1.1,9,0.6,0,12,1.2,9,0.8,0,13.4,1.3,9,1,0,14.6,1.4,10,1,0,14.4,1.5,9,1,0,14.6,1.2,9,1,0,14.3,1.2,9,0.9,0,13.2,1.2,10,0.5,0,12.6,1.1,13,0.4,0,11.4,2,13,0.3,0,10.7,1.8,11,0,0,8.5,1.2,12,,0,7.6,1.2,11,,0,5.3,0.6,12,,0,7.2,3.1,2,,0,5.5,4.4,1,,0,5,4.9,1,,1,0,4.9,5.6,1,,0,4,5.1,1,,0,3.1,5.9,1,,0,2.6,4.7,1,,0,2.3,3.6,1,,0,2.5,3.3,1,,0,2.8,3.5,1,0,0,4.1,3.2,1,1,0,5.7,2.6,2,1,0,6.5,1.8,3,1,0,7.2,2.4,2,1,0,7.9,1.8,3,1,0,7.2,1.6,2,1,0,6.8,1.4,3,1,0,5.9,0.6,15,1,0,5.7,0.5,8,0.8,0,4.1,1.2,13,0.3,0,3.8,1.6,13,0,0,3.8,1.6,13,,0,6.1,0.8,12,,0,5.4,1.1,13,,0,5.8,1.5,13,,0,6.1,1.1,13,,0,6.1,0.9,12,,1,0,6.4,1.4,13,,0,6.3,1.1,13,,0,6.2,0.7,10,,0,5.5,1.1,13,,0,4,0.3,15,,0,4.7,0.6,7,,0,5.2,1,8,0.1,0,7.6,1.4,10,1,0,9.3,1.6,9,1,0,10.5,1.7,8,1,0,11.6,1.9,9,1,0,12.5,1.8,9,1,0,12.9,2.1,9,1,0,13.1,1.9,8,1,0,12.8,2.2,11,1,0,11.5,1.9,10,0.7,0,10.6,1.9,10,0.3,0,10.3,1.6,11,0,0,10.1,1.6,11,,0,10.5,1.9,11,,0,10.1,1.5,11,,0,9.5,1.8,11,,0,9.1,2.2,12,,0,9.1,2.8,12,,1,0,9,1.7,12,,0,8.5,1.4,13,,0,10.3,3.1,0,,0,8.6,1.7,1,,0,8,0.6,9,,0,7.6,2.7,1,,0,6.5,1.8,1,0,0,8.3,1.7,2,0.9,0,9.2,2.1,2,1,0,9.8,1.8,3,1,0,10.2,1.5,3,1,0,11,1.2,3,1,0,9.9,1,3,1,0,10.9,1.2,3,1,0,10.4,1,8,1,0,10.4,0.5,9,0.7,0,8.7,1.3,14,0.3,0,8.4,1.6,14,0,0,8.1,1,15,,0,7.2,1.2,13,,0,7.1,0.8,13,,0,6.9,1.2,13,,0,6.4,0.2,16,,0,6.2,1.1,0,,1,0,5.4,0.6,13,,0,5.5,0.7,11,,0,8.1,1.1,8,,0,7.5,0.4,9,,0,8.1,0.7,9,,0,9.5,1,9,,0,9.9,0.9,10,0,0,12.2,0.9,9,0.5,0,12.1,0.8,9,0.2,0,14.4,1.8,9,0.1,0,15.3,3.1,9,0.2,0,14.1,2.2,9,0.2,1,11.8,0.9,12,0,7.5,11.8,1,11,0,9.5,12.5,0.8,9,0,11.5,12.7,1,11,0,1,12.7,1.2,10,0,0.5,12.7,1.1,9,0,0,12.9,1.3,9,,0,13.2,1.6,11,,0,13.1,1.5,11,,0,13,1.8,11,,0,13,2.1,11,,0,12.4,1.7,12,,1,0,13.4,2.5,11,,0,13.4,2.4,11,,0,12.3,1.7,12,,0,12.3,1.8,11,,0,11.7,2.1,11,,0,11.4,1.8,11,,0,10.8,1.7,12,0,0,11.6,1.8,11,1,0,12.6,1.6,11,1,0,13.1,1.5,10,1,0,13.4,1.7,10,1,0,14.2,2,10,1,0,15.2,1.4,10,1,0,14.3,2.4,12,1,0,13.6,2.4,13,1,0,12.6,2.4,13,0.7,0,11.4,3,14,0.3,0,11.5,4.2,1,0,0,9.9,1.2,15,,0,8.8,1.5,15,,0,8.9,2.6,1,,0,8.4,3,1,,0,7.7,3.4,1,,0,7.3,4,1,,1,0,6.7,3.1,1,,0,6.1,1.1,1,,0,5.8,0.9,0,,0,5.4,1.3,15,,0,5.8,1,15,,0,5.9,1.5,15,,0,6.2,1.5,15,0,0,9.4,0.9,0,0.7,0,10.6,0.8,3,1,0,10.8,1.7,3,1,0,10.9,1.2,5,1,0,11.5,1.5,5,1,0,11.4,1,4,1,0,15.8,1.4,9,0.9,0,14.5,2.1,8,1,0,13.3,0.9,11,0.5,0,12.9,1.3,10,0,0,11.4,0.5,9,0,0,9.9,0.8,7,,0,9.3,1,15,,0,8.6,0.6,10,,0,8.6,2,0,,0,7.8,1.5,15,,0,8.3,1.4,0,,1,0,8.4,1.8,0,,0,7.5,0.7,15,,0,8.3,1.3,1,,0,8.5,0.8,0,,0,8.6,0.1,16,,0,8.6,0.3,0,,0.5,8.5,0.9,15,0,4.5,8.6,1,11,0,0.5,9.1,0.7,3,0,2,9.3,0.5,3,0,3,9,0.7,2,0,4,9.2,0.8,1,0,1.5,9.4,0.4,15,0,3.5,10,0.9,9,0,0.5,10.9,0.7,8,0,0,12.1,0.8,9,0,0,11.8,2.8,1,0.2,0,11.7,0.8,12,0,0,10.7,0.6,12,,0,10.7,1,13,,0,10.7,0.4,15,,0,10.1,0.9,14,,0,9.8,1.7,0,,0,10.3,0.6,15,,1,0,9.5,1.2,1,,0,10.5,0.7,14,,0,10.6,0.3,13,,0,10.5,0.8,12,,0,10.6,0.5,13,,0,12.9,1.5,8,,0,12.9,1.9,9,0,0,13.8,2.6,9,0.9,0,15.1,2.7,9,1,0,16.2,1.4,8,1,0,17.4,3.2,9,1,0,17.8,2.1,8,1,0,19.5,2.1,9,1,0,19.4,1.9,8,1,0,17.2,2.2,9,0.7,0,16.3,1.3,9,0.1,0,14.5,1.1,9,0,0,15.1,2.6,9,0,0,15.4,2,9,,0,15.7,1.5,9,,0,15.6,0.9,9,,0,15.8,1.1,8,,0,15.5,1.3,10,,0,14.8,0.6,8,,1,0,16.2,1.5,11,,0,15.8,1.1,7,,0,12,1.6,0,,0,12.3,3.6,1,,0,10.6,6.2,1,,0,10.1,4.7,1,,0,9.2,5.6,1,0,0,9.3,4.8,1,0,0,9.4,3.8,1,0,0,9,5.1,1,0,0,8.3,5.1,1,0,0,8.2,4.3,2,0,0,7.1,5.1,1,0,0,6.7,5.5,1,0,0,5.9,5.4,1,0,0,4.6,5.2,1,0,0,3.5,6.5,1,0,0.5,1.1,5.6,1,0,0,1,5.9,1,,1,1.4,6,1,,0.5,1.5,5.8,1,,0.5,1.4,4.7,1,,0,1.4,3.7,1,,0,1.6,1.6,1,,1,0,1.4,1.8,0,,0,0.7,1.6,14,,0,0.2,1.2,13,,0,-0.4,1.2,13,,0,-0.4,2,14,,0,0.2,1.9,14,,0,1.2,1.2,15,0,0,1.9,1.5,1,0.1,0.5,4.3,1.9,3,0.5,1,3.9,2.5,2,0.5,0.5,3.4,2,2,0.3,0,3,1.4,2,0,0.5,4.1,1.6,2,0.1,0,3.4,0.5,13,0,0,4.2,1,3,0.4,0,3.3,1.3,2,0.2,0,2.8,1.6,0,0,0,2.3,2.3,0,0,0,2.3,2.4,0,,0,2.7,2.4,0,,0,3.2,3.6,1,,0,2.4,4.9,1,,0,1.4,5.5,1,,0,0.9,4.2,1,,1,0,0.7,4.5,1,,0,1,4,1,,0,1.1,4.1,1,,0,1,3.7,1,,0,1.2,3.9,1,,0,1.1,4.4,1,,0,0.9,4.1,1,0,0,1.7,5,1,0,0,1.9,4.7,1,0,0,2.8,3.8,2,0.2,0,3.2,3.8,2,0.2,0,3.5,3,2,0,0,3.7,2.7,2,0,0,3.7,1.9,2,0,0,3.8,1.4,2,0,0,3.4,2.9,1,0,0,3.5,3,1,0,0,3.8,2.7,1,0,0,3.9,3,1,,0,4,3.6,1,,0,4,4.3,1,,0,3.4,4.3,1,,0,3.3,5.1,1,,0,2.7,4.8,1,,1,0,2.5,5.5,1,,0,2.4,5,1,,0,2.2,4.8,1,,0,2.3,5.2,1,,0,2,5,1,,0,2,4.9,1,,0,2.2,5.3,1,0,0,3.1,5.2,1,0.9,0,4,5.1,1,1,0,4,4.3,2,0.6,0,5.2,3.9,2,0.9,0,6.1,4.1,2,1,0,5.8,3.9,2,1,0,6.5,3.1,2,1,0,5.8,3.4,2,1,0,5.2,3.9,1,0.1,0,4.7,3.3,1,0,0,4.5,3.2,1,0,0,4.9,4.1,1,,0,5.1,4.5,1,,0,5.3,4.5,1,,0,5.3,4.9,1,,0,5,5.9,1,,0,4,5.9,1,,1,0,2.9,7.2,1,,0,1.7,7.6,1,,0.5,1.3,8.9,1,,0,1.2,9.1,1,,0,0.9,8.9,1,,0.5,0.9,10.3,1,,1,0.7,10.4,1,0,0.5,0.6,10.4,1,0,0.5,0.6,11.1,1,0,0.5,0.7,11.3,1,0,1,0.9,12.6,1,0,1.5,1,12.3,1,0,1,1.4,10,1,0,0.5,0.9,11,1,0,0,1,11.2,1,0,2,2.8,10.6,1,0,3,2.9,8.9,1,0,3.5,3.2,11.8,1,0,1.5,4.6,6.1,1,,0.5,6.4,5.8,1,,0,6.1,3.3,3,,0.5,6,1.9,13,,0,5.9,1.8,0,,0,5.7,1.9,13,,1,0,5.9,2.3,1,,0,6.3,1.8,1,,0,6,1.7,2,,0,6.2,2.5,1,,0,5,0.5,0,,0,4.2,1.2,1,,0,4.4,1.6,0,0,0,5.8,0,16,0.1,0,7.2,0.5,9,0.1,0,9.1,1.2,7,0.4,0,7.6,1.4,2,0.3,0,6.8,0,16,0,0.5,9.1,1.4,3,0.4,0,8.3,1,2,0.2,0,8,1.8,1,0,0,7.1,2.7,1,0,0,6.8,3.4,1,0,0,6.9,2.2,0,0,0,7.1,2.5,0,,0,7.1,2.4,0,,0,7,1.5,0,,0,6.5,0.9,0,,0,7,2.4,2,,0,6.2,1.8,0,,1,0,5.9,1.6,0,,0,5.7,2.6,0,,0,4.9,2.9,1,,0,4.8,1.6,1,,0,4.8,0.9,14,,0,4.5,0.7,0,,0,5.2,4.6,1,0,0,5.3,3.6,1,0,0,6.7,3.8,1,0.5,0,6.9,2.4,2,0.3,0,6.9,3.5,1,0.6,0,7.3,3.4,1,0.2,0,7.2,2.8,2,0.6,0,7.1,2.9,2,0.1,0,7.6,3.1,2,0.5,0,6.8,2.8,1,0.4,0,5.9,2.5,1,0.2,0,5.9,2.5,0,0,0,6.2,2.5,0,,0,6.4,2.6,0,,0,6.3,2.4,0,,0,6.6,2.2,0,,0,6.4,2.2,0,,0,5.8,2.3,0,,1,0,4.7,4,1,,0,4.1,4.9,1,,0,4.1,5.6,1,,0,2.6,6.9,1,,0,1.8,7.5,1,,0,1.6,9.3,1,,0.5,1,8.2,1,0,0,0.7,6.8,1,0,0.5,1.8,6.1,1,0.1,0,4.4,7,1,0.4,0,5.1,7.5,1,0.9,0,4.9,7,1,0.3,0,4.6,6.7,1,0.1,0,4.3,8.8,1,0,0,4.7,6.9,1,0.2,0,4.4,6.5,2,0,0,4.2,7.8,1,0,0,4,7.8,1,0,0,3.8,9.2,1,,0,3.7,9.5,1,,0,3.7,9.4,1,,0,3.7,9.9,1,,0,3.6,9.9,1,,0,3.4,9.9,1,,1,0,3.3,11.1,1,,0,3.4,11.6,1,,0,3.4,11.2,1,,0,3.5,9.9,1,,0,3.9,9.8,1,,0,3.9,8.1,1,,0,4,8.6,1,0,0,4.3,9.1,1,0,0,4.6,8.1,1,0,0,5.6,6.5,1,0,0,5.9,8.2,1,0,0,6.5,7.8,1,0.1,0,7,6.6,2,0.4,,,,,,,,,,,0,7.1,3.5,,0,0,6.6,4.2,1,0,0,6.7,4,1,0,0,6.7,3.9,1,,0,6.6,4.3,1,,0,6.4,5.2,1,,0,6.1,3.9,1,,0,5.8,4.6,1,,0,5.5,3.4,1,,1,0,5.1,2.8,1,,0,5.2,2.5,1,,0,5.2,3,1,,0,5.2,3.3,1,,0,5.1,3.4,1,,0,4.9,2.5,1,,0,5.1,2.6,1,0,0,5.5,3.3,1,0,0,6.1,5,1,0.1,0,6.3,4.5,1,0.3,0,6.9,3.9,2,0.5,0,7.4,3.8,2,0.4,0,7.4,4.9,2,1,0,7.3,3.8,2,0.9,0,6.7,3.6,2,0.2,0,6.2,4.4,1,0.5,0,5.7,2.7,1,0,0,5.6,2.6,1,0,0,5.5,2.7,1,,0,5.5,3.1,1,,0,5.8,2.9,1,,0,6,3.1,1,,0,6.3,3.7,1,,0,6.3,4.6,1,,1,0,6.5,4.9,1,,0,6,5.2,1,,0,5.7,5.2,1,,0,5.2,6.3,1,,0,3.4,7.6,1,,0,3,8.1,1,,0,3.3,9.4,1,0,0.5,3.1,9.1,1,0,1.5,2.6,9.8,1,0,1,2.5,9.7,1,0,0.5,2.1,10.5,1,0,0.5,1.4,10,1,0,0.5,1.1,12.3,1,0,0.5,1,11.9,1,0,1,1.7,10.8,1,0,0.5,1.5,12,1,0,0.5,1.5,11.1,1,0,3,1.8,10.9,1,0,2.5,1.8,11.4,1,,2.5,1.4,12.2,1,,2,1.5,11.3,1,,2,1.4,12,1,,2.5,2.1,11.7,1,,2.5,2.3,9.1,1,,1,3,2.5,8.6,1,,3.5,3.3,9.7,1,,5,4.3,9.7,1,,2.5,4.7,11.6,1,,1,5.5,12,1,,2.5,5.7,11.5,1,,2,5.9,5.5,1,0,2.5,6.4,1.3,13,0,0,9.9,1.7,9,0.7,0,10.2,2.1,2,1,0,11.8,1.2,6,1,0,11.6,4.3,9,0.8,0,11.2,1.5,9,1,0,12,1.2,10,1,0,12.1,1,9,1,0,10,2,2,0.5,0,9.4,1.4,1,0.1,0,8.6,3.3,1,0,1.5,7.4,3.6,1,,0,7,1.9,0,,0,6.2,0.8,14,,0,6.7,2.4,0,,0,7.8,2.6,14,,0,6.3,1.6,14,,1,0,7.7,1.4,15,,0,7.7,1.7,0,,0,7.7,1.6,15,,0,6.7,1,10,,0,5.8,1.3,12,,0,4.3,1.7,13,,0,6.8,1.6,14,0.4,0,9.1,1,11,1,0,11.7,2.5,15,1,0,12.5,1.6,2,1,0,13.4,1.1,6,1,0,14.6,2.6,1,1,0,13.7,1.7,5,1,0,13.2,1.1,3,1,0,12.3,1.9,2,1,0,10.7,1.6,2,0.7,0,9.3,0.9,1,0.4,0,7.2,1.5,15,0,0,7.9,3.4,1,,0,7.3,3.1,1,,0,6.7,2.7,1,,0,6,1.9,0,,0,5.8,1.4,15,,0,5.7,1.7,0,,1,0,5.3,1.4,15,,0,6.3,2,0,,0,6.4,2.6,0,,0,5.8,2.3,1,,0,5.5,1.8,0,,0,5.2,1.7,0,,0,5.6,1.5,0,0,0,7.6,0.9,1,0.7,0,8.7,1.5,2,0.5,0,9.5,1.4,3,0.9,0,10.7,1.2,8,1,0,11.2,1.4,6,1,0,12.4,1.3,8,1,0,12.6,1.4,8,1,0,13,2.1,8,1,0,10.7,0.5,6,0.7,0,8.9,1.5,0,0.4,0,8.6,2.3,0,0,0,8.6,2.1,0,,0,7.6,3.5,1,,0,7,3.9,1,,0,6.3,3.8,1,,0,5.5,2.9,1,,0,5,3.1,1,,1,0,5.1,2.4,1,,0,5.2,2.5,1,,0,5.1,2.7,1,,0,4.9,3.2,1,,0,4.6,3.7,1,,0,4.2,4.6,1,,0,4.1,4.4,1,0,0,4.9,3.7,1,0,0,5.5,3.8,1,0,0,5.6,2.4,2,0,0,6.4,2.5,2,0.1,0,6.6,2.8,2,0,0,6.3,2.3,2,0.2,0,6.2,2.9,1,0,0,6.4,1.7,2,0,0,6.3,1.9,2,0,0,6.1,3.1,1,0,0,5.4,3.7,1,0,0,5.7,3.1,1,,0,6.1,4,1,,0,5.1,5,1,,0,4.7,3.8,1,,0,4.3,4.3,1,,0,3.8,3.9,1,,1,0,3.8,4.4,1,,0,3.5,3.9,1,,0,3.2,4.1,1,,0,3.1,4.4,1,,0,3.1,5.6,1,,0,3,4.9,1,,0,3,4.8,1,0,0,3.2,5,1,0,0,4,4.3,1,0,0,4.7,3.6,2,0,0,5.2,3.7,2,0,0,6,2.4,2,0,0,6.1,2.5,2,0,0,6.5,1.5,2,0.1,0,6.2,2.3,2,0.1,0,6.2,1.5,2,0,0,5.5,1.9,1,0.1,0,4.9,2.1,0,0,0,5,2.2,0,,0,5.2,2.2,0,,0,5.2,2.5,1,,0,5.2,2.7,1,,0,4.4,2.3,1,,0,4.3,2.3,0,,1,0,3.9,2.3,1,,0,4,4.1,1,,0,3.7,4.6,1,,0,3.6,4.7,1,,0,3.6,4.9,1,,0,3.1,5,1,,0,3.5,4.5,1,0,0,3.6,5.6,1,0,0,3.9,5.7,1,0,0,5.2,4.7,2,0.4,0,5.7,4.2,1,0.2,0,6.1,3.7,2,0.3,0,6,3.7,2,0.3,0,6.2,3.9,2,0.2,0,6.2,2.7,2,0,0,5.7,3.2,1,0,0,5.4,3.5,1,0,0,5.3,3,1,0,0,5.8,3.1,1,,0,5.8,3.7,1,,0,5.8,4,1,,0,5.5,4.1,1,,0,5.3,4.4,1,,0,5.7,4.2,1,,1,0,5.4,4.2,1,,0,5.2,4.2,1,,0,4.7,4.9,1,,0,4.2,4.6,1,,0,4.1,3.7,1,,0,3.8,2.8,1,,0,4.6,2.9,1,0,0,5.6,3.1,1,0.2,0,6.6,2.2,2,0.5,0,8,1.6,2,0.9,0,8.9,1.3,3,0.9,0,7.5,1,5,0.6,0,8.4,1.4,7,0.7,0,10.2,1,8,1,0,8.3,1.1,5,1,0,7.7,0.9,3,0.9,0,6.5,0.4,1,0.3,0,5.5,1.5,0,0,0,6.3,2.3,0,,0,7,3,1,,0,5.2,5.1,1,,0,4.5,5.2,1,,0,3.6,6.3,1,,0,3.4,5.8,1,,1,0,3.1,6.2,1,,0,2.9,5.5,1,,0,2.5,4.8,1,,0,2.3,4,1,,0,2.7,4,1,,0,2.8,3.9,1,,0,2.8,3.9,1,0,0,4,3.8,1,0.3,0,4.6,3.6,2,0.2,0,5.4,3.2,2,0.1,0,6,3.3,2,0.2,0,5.8,3.1,2,0.4,0,7.3,2.1,2,0.6,0,6.6,1.6,2,0.1,0,6.6,1.1,2,0,0,6.4,1.3,1,0,0,5.9,0.8,15,0,0,4,1.3,14,0,0,3.8,1.7,14,,0,3.8,1.4,14,,0,4.3,1.2,15,,0,5.1,2,0,,0,5.5,3.8,1,,0,5.2,5.1,1,,1,0,4.5,5.5,1,,0,4.1,5.5,1,,0,4,5.4,1,,0,4.2,5.9,1,,0,3.8,5.8,1,,0,3.8,6,1,,0,3.9,5.3,1,0,0,5.7,4.9,1,0.8,0,6.9,3.1,2,0.8,0,7.1,3.7,2,0.9,0,8.6,3,2,1,0,8.5,2.9,2,1,0,8.3,2.8,2,0.6,0,8.9,2.4,2,0.9,0,8.3,2.4,2,0.9,0,7.3,2.5,2,1,0,6.6,2.8,1,0.3,0,6.1,2.4,1,0,0,6,2.6,0,,0,6.3,2.9,0,,0,6.8,2.1,0,,0,6.4,3,0,,0,6.1,4.3,1,,0,6.1,5.3,1,,1,0,5.9,5.3,1,,0,5.5,5.1,1,,0,5.1,5.8,1,,0,4.9,5.8,1,,0,4.7,5.4,1,,0,4.5,6,1,,0,4.6,6.1,1,0,0,5.9,5.3,1,0.8,0,6.9,3.7,2,1,0,7.9,4.3,2,1,0,8.6,4.1,2,1,0,8.5,4.1,1,1,0,9.3,2.3,2,1,0,8.6,3.2,2,1,0,8.8,2.5,2,1,0,7.8,1.9,2,1,0,7.2,1.9,1,0.3,0,5.8,1.2,15,0,0,5.1,1.1,15,,0,4.9,1.4,14,,0,5.6,1.1,14,,0,5.3,1.2,14,,0,6.5,0.7,12,,0,5.4,1.3,14,,1,0,4.8,1.3,15,,0,5.9,2.3,1,,0,5.8,2.6,1,,0,5.8,2.4,1,,0,5.6,2.4,1,,0,5.2,1.6,0,,0,5.9,2,1,0,0,6.9,2.8,1,0.4,0,8.1,2.4,2,0.8,0,9.3,1.3,3,0.7,0,10.4,1.7,3,0.8,0,10.7,1.3,3,0.9,0,9.8,1.1,4,1,0,11.3,0.9,5,1,0,10.1,0.7,4,1,0,10.3,0.5,8,1,0,8.9,1,14,0.3,0,7.7,1.1,14,0,0,8.7,2,1,,0,8.9,2.8,1,,0,7.9,0.7,10,,0,8.7,2.1,1,,0,8.6,4.7,1,,0,8.3,4.8,1,,1,0,7.8,3.4,1,,0,7.5,2.8,1,,0,7.5,2.8,1,,0,7.3,3,1,,0,7.1,2.3,1,,0,7.3,3,1,,0,7.8,2.4,1,0.2,0,9.5,2.3,1,1,0,10.7,2,2,1,0,11,2.4,2,1,0,11.6,2.2,2,1,0,12.2,1.9,3,1,0,12.1,2.1,2,1,0,12.7,1.4,3,1,0,10.9,0.9,7,1,0,10.9,1,7,1,0,8.7,0.6,15,0.4,0,7.6,1.4,13,0,0,7.7,1.1,13,,0,7.3,1.3,13,,0,8.2,1.2,13,,0,8.9,1.3,14,,0,9,1.4,14,,0,9.2,1.3,14,,1,0,9.7,1.3,14,,0,9.9,1.5,14,,0,10.4,1.4,13,,0,11,1,13,,0,10.8,1.2,15,,0,11.3,1.6,0,,0,10.8,0.1,16,0,1,10.5,0.4,13,0,1,10.8,0.3,13,0,1.5,11,0.6,9,0,1,12,0.7,12,0,0.5,12.1,3.3,9,0,1,11.7,1,9,0,0.5,12.1,2.7,9,0,1,12,1,9,0,4.5,12.1,3.2,9,0,5.5,12.4,3.9,9,0,4,12.7,0.8,10,0,1,13,1.3,9,,3.5,13.1,2.9,9,,2,13.3,4.5,9,,7.5,13.3,1.5,9,,7.5,13.6,2,9,,5.5,13.6,1.7,9,,1,6.5,13.8,2.2,9,,0.5,14,2.8,9,,0,14.4,1.6,9,,0,14.1,0.7,8,,0,13.3,0.9,8,,0,12.3,0.9,13,,0,13.8,1.5,13,0,0,13.8,2.9,1,0.4,0,15.4,2.4,1,0.8,0,16.3,2.9,2,1,0,15.6,4,2,1,0,16.8,1.6,3,1,0,15.9,1.8,3,1,0,16.1,1,3,0.8,0,15.5,4,2,0,0,14.9,1.4,2,0,0,14,1.9,1,0,0,13.2,2.9,1,0,0,12.9,1.5,0,,0,13.2,1.4,1,,0,12.6,1.9,0,,0,12.3,1.6,15,,0,12.6,0.9,2,,0,12.7,3.7,1,,1,0,12.5,2.8,1,,0,12.4,2.4,0,,0,12.4,2.9,1,,0,12,4,1,,0,11.9,3.4,1,,0,11.8,3.3,1,,0,11.8,3.2,1,0,0,11.7,3.3,1,0,0,11.7,3.4,1,0,0,11.8,3.2,2,0,0,12.9,3.1,2,0.2,0,11.8,4.9,2,0.4,0,12.2,3.2,2,0.7,0,10.7,3.8,2,0.7,0,10.1,2.9,2,0,0,9.7,4.3,1,0,0,9.2,4.8,1,0,0,8.8,6.3,1,0,0,8.6,4.7,1,,0,8.1,5.4,1,,0,8.1,5.8,1,,0,8.1,4.8,1,,0,8,5.4,1,,0,8,5.4,1,,1,0.5,7.9,4.3,1,,0.5,7.8,5.2,1,,0.5,7.6,5.3,1,,1.5,7.6,6.4,1,,0.5,7.4,6.6,1,,1,7.2,6.2,1,,0.5,7,8.5,1,0,0.5,6.4,7.2,1,0,0.5,6.3,7.4,1,0,0.5,6.3,7.9,1,0,0,6.2,7.4,1,0,0,5.7,6.5,1,0,0.5,5.8,6.9,1,0,2,6.1,7.2,1,0,1,6.6,7.1,1,0,0.5,6.7,7.5,1,0,1.5,6.4,7.1,1,0,1,6,7.9,1,0,0.5,5.6,7.7,1,,0,5.7,8.4,1,,0,5.7,7.1,1,,0,5.7,7.4,1,,0,5.6,7,1,,0,5.4,6.5,1,,1,0,5.6,6.2,1,,0,5.6,6.5,1,,0.5,5.3,5.9,1,,0,5.2,6.2,1,,0,5.3,5.9,1,,0,5.4,5.2,1,,0,5.2,6.2,1,0,0,5,6.2,1,0,0,5.4,5.9,1,0,0,6.7,4.3,1,0,0,7.5,4.6,1,0.3,0,7,5.8,2,0.3,0,7.6,4.5,2,0.1,0,7.5,5.2,2,0,0,8,4,2,0,0,7.6,3.7,2,0.4,0,7.2,3.2,1,0,0,7.1,3.3,1,0,0,7,2.7,1,,0,7.6,3.2,1,,0,6.8,5.5,1,,0,5.9,5.5,1,,0,5.1,5.9,1,,0,4.7,5.1,1,,1,0,4.7,6,1,,0,4.5,5.1,1,,0,4.5,4.9,1,,0,4.2,4.8,1,,0,4.4,5.4,1,,0,4.1,6.3,1,,0,3.7,7,1,0.1,0,4.9,6.6,1,0.7,0,6.8,4.5,1,1,0,6.9,4.4,2,0.7,0,8.5,3.3,2,1,0,8.6,2.9,2,1,0,8.8,3.2,2,1,0,9.3,2.6,2,1,0,8.4,2.3,2,0.8,0,8,2.5,1,0,0,7.9,2.2,1,0,0,7.6,1.4,0,0,0,7.8,1.5,15,,0,8,1.8,15,,0,7.9,2.2,15,,1,6.9,2.6,0,,0.5,7.5,3.2,1,,1.5,7.5,3.3,0,,1,0.5,8.3,2.7,1,,0.5,8.3,1.4,1,,2,8.2,0.9,1,,3.5,8.7,2.9,1,,5,8.4,2.5,1,,2,9.7,1.9,2,,1.5,9.8,1.8,2,0,14,9.6,1.6,0,0,11.5,9.9,0.6,14,0,8.5,10.3,0.4,13,0,12,10,0.1,16,0,12,9.7,1.3,2,0,9,10.4,1,9,0,10,10.3,1.3,2,0,16.5,10.7,1,2,0,8,10.7,1,4,0,8,11.2,2.1,0,0,4.5,10.1,1,0,0,0,9.6,2.4,2,,0,8.9,1.9,2,,0,8.7,0.9,0,,0,8.6,0.2,16,,0,8.7,0.3,12,,0,6.9,1.7,13,,1,0,6.2,1.1,14,,0,6.3,2.2,14,,0,6.8,1.1,0,,0,7.8,2.7,2,,0,6.8,1.9,2,,0,6.4,2.4,2,,0,6.1,2.6,2,0,0,6.2,1.6,2,0,0,6,1.7,2,0,0,6,2.3,2,0,0,6,1.6,2,0,0,7.5,1.3,3,0.1,0,6.9,1,2,0.1,0,6,0.7,9,0,0,6,1,12,0,0,6.5,0.5,15,0,0,6.1,0.8,2,0.2,0,5.6,2,0,0,0,5.6,2.1,1,,0,5.8,3.2,1,,0,5.2,1.9,0,,0,4.7,1.3,0,,0,4.3,1.5,0,,0,4.4,1.2,0,,1,0,4.5,1.7,0,,0,3.5,2.7,2,,0,2.6,1.7,1,,0,2.7,1.7,1,,0,2.3,0.6,0,,0,2.2,0.8,2,,0,1.6,1.3,1,0,0,2.1,1.8,1,0,0,3.8,1,1,0.7,0,3.6,1.4,0,0.1,0,5.3,1.2,4,0.2,0,6.1,0.4,6,0.4,0,6.2,1.9,8,0.4,0,7.8,2.6,9,0.6,0,8.3,1.5,8,0.9,0,7.2,1.3,10,0.7,0,6.4,1.2,10,0.5,0,5.1,1.3,12,0,0,4.8,2.2,13,,0,3.7,0.9,12,,0,3,0.8,13,,0,2.9,0.7,13,,0,3,1.2,12,,0,3.3,1.4,12,,1,0,1.9,0.6,13,,0,2.6,1.4,13,,0,2.3,1.1,14,,0,1.5,0.7,13,,0,1.1,1.3,14,,0,1.9,2.1,14,,0,2.3,1.8,14,0,0,5.2,0.9,2,0.6,0,5.3,1.7,2,0.7,0,5.3,1.9,2,0,0,7.5,1.7,3,0.7,0,6.5,1.1,4,0.6,0,8.3,1.3,8,0.3,0,9.3,0.7,8,1,0,8.9,0.8,4,1,0,8.7,0.9,7,1,0,7.9,0.9,8,0.5,0,5.1,1.5,13,0,0,5.1,1.5,14,,0,6.3,0.6,3,,0,5.1,1.1,13,,0,5.7,0.6,11,,0,5.6,0.8,14,,0,5.6,1.8,0,,1,0,5.3,3.2,1,,0,5.1,3.4,1,,0,4.8,2.8,1,,0,4.6,3.2,1,,0,4.3,3.2,1,,0,4.1,3.3,1,,0,4.3,3.6,1,0,0,4.6,4.4,1,0,0,6.3,3.3,1,0.2,0,6.6,3.2,2,1,0,7.2,3.4,2,1,0,8.4,2.2,3,1,0,8.9,1.8,2,1,0,9.1,1.4,3,1,0,8.1,1,3,1,0,7.1,0.7,4,1,0,6.2,0,16,0.5,0,3.9,1.5,14,0,0,3.6,1.6,14,,0,3.7,1.2,14,,0,3.5,1.4,13,,0,5.7,1.2,12,,0,5.8,1.1,12,,0,5.7,1.2,12,,1,0,6.1,2.2,12,,0,5.6,1.9,12,,0,5.3,1.7,12,,0,4.7,1.4,12,,0,4.8,2.2,14,,0,3.6,1.6,15,,0,3.7,0.6,12,0.2,0,7.6,1.5,14,1,0,8,1.9,14,1,0,8.9,2,14,1,0,8.3,1.5,9,0.8,0,7.4,1.3,8,0.5,0,9.6,1.5,9,0.4,0,8,1.4,8,0.5,0,9.3,2.2,13,0.6,0,6.9,1.6,12,0.8,0,7.2,1.1,12,0.1,0,4.3,1.3,13,0,0,4,2.3,13,,0,3.6,3,13,,0,3.1,2,13,,0,2.4,0.7,12,,0,2.4,1.4,14,,0,1.7,2.6,14,,1,0,1.5,1.7,14,,0,0.8,1.5,15,,0,0.4,1.4,14,,0,0.2,1.7,14,,0,0.7,1.3,14,,0,0.7,1.5,15,,0,3.6,0.5,0,0.8,0,5.9,0.7,3,1,0,6.9,1.2,2,1,0,7.2,0.8,2,1,0,7,1.2,5,1,0,10.2,1.6,8,1,0,10.2,2.8,8,1,0,7.4,3.8,9,0.4,0,8.1,3.9,8,0.9,0,7.1,3,8,1,0,7.1,0.6,9,0.5,0,4.8,1.1,13,0,0,4.4,0.8,13,,0,3.7,0.7,13,,0,4.3,0.7,0,,0,6,1.1,11,,0,6.2,1.4,14,,0,7.1,1.5,10,,1,0,6.3,1.1,3,,0,5.3,0.9,14,,0,5.1,1.1,13,,0,4.6,1.3,15,,0,4.7,1.8,0,,0,5,0.4,2,,0,6,0.4,0,0,0,8.7,0.2,16,0.5,0,11.8,1.1,9,1,0,13.7,1.3,9,1,0,14.7,1.5,10,1,0,16.1,1.8,9,1,0,16.2,3.7,9,1,0,15.6,3.8,9,1,0,15.8,3,9,1,0,14.5,2.4,9,1,0,13.6,1.6,9,0.2,0,12.7,1,9,0,0,12.8,1.3,10,,0,12.4,1.1,11,,0,12.5,1,11,,0,12.5,1,10,,0,13.4,1.4,11,,0,13.1,0.7,8,,1,0,11.7,0.5,10,,0,11.6,1.7,13,,0,12.3,1.1,12,,0,12.6,1.2,12,,0,12.9,1.1,10,,0,13,0.9,11,0,2.5,12.3,1.2,12,0,2.5,13.6,1.6,9,0,0,14.5,2.2,9,0,0.5,14.4,2.8,9,0,1,14.2,1.4,9,0,1,14.2,2.1,9,0,3,14.1,1.9,9,0,4,14.4,3.1,9,0,4.5,14.4,3.2,9,0,9,14.6,5.2,9,0,8,15,6.4,9,0,15,15.1,2,9,0,7,16.1,4.2,9,,4,16.8,2.3,9,,0,17.2,3.8,9,,1,15.4,1.5,9,,0,14.7,1.3,10,,0,14.1,1.6,11,,1,0,14.4,1.5,10,,0,13.6,1.6,9,,0,13.1,1.3,8,,0,12.9,1.6,9,,0,10,1.1,9,,0,8.6,0.6,13,0,0,9.3,1.1,6,0.1,0,11.7,1.9,2,0.9,0,12.3,2.2,2,1,0,12.7,1.7,3,1,0,12.3,1.8,2,0.5,0,11.6,2.3,2,0.5,0,10.3,2.1,2,0,0,10.8,1.7,2,0,0,10,1.9,2,0,0,8.9,4.5,1,0,0,8.6,4.3,1,0,0,8.1,4.9,1,0,0,7.6,5.2,1,,0,7.3,4.9,1,,0,7.3,4.8,1,,0,6.9,4.4,1,,0,6.4,4.2,1,,0,5.7,2.8,1,,1,0,5,3.4,1,,0,4.8,4.2,1,,0,4.7,3,1,,0,4.6,2.8,1,,0,5.1,2,1,,0,5.5,1.7,2,0,0,6,2,1,0.2,0,7.9,1.8,2,0.6,0,8.2,1.9,3,0.7,0,7.8,1.7,3,0.7,0,9.5,1.7,3,0.6,0,9.3,1.6,4,1,0,9.4,0.9,6,1,0,8,0.8,5,0.1,0,9.4,1.3,8,0.6,0,9.2,2.1,8,1,0,9.2,2.2,8,0.4,0,7.3,0.6,13,0,0,6.5,1.9,13,,0,5.5,1.8,14,,0,6.1,1.7,13,,0,6.1,1.2,14,,0,5.5,1,15,,0,5.2,1.2,13,,1,0,4.4,1.2,13,,0,5.4,0.9,11,,0,6.5,0.8,7,,0,4.9,0.7,1,,0,5.1,1,14,,0,5.3,0.7,13,0,0,8.3,1,9,0.6,0,10.6,1.5,11,1,0,11.9,1.5,10,1,0,13.1,1.7,10,1,0,13.8,1.9,9,1,0,14.4,1.9,9,1,0,14.7,2.2,9,1,0,15.3,2.1,9,1,0,14.6,2.9,9,1,0,14.2,3,9,1,0,14.2,1.5,10,0.4,0,13,1.6,11,0,0,12.6,1.8,12,,0,12.4,3.2,13,,0,12.4,2.7,14,,0,10.4,3.8,1,,0,9.5,3.9,1,,0,9.2,3.3,0,,1,0,8.9,2.6,0,,0,8.7,1.8,0,,0,8.1,2.2,0,,0,9.3,2.9,1,,0,8.7,3.1,1,,0,8.5,2.7,1,0,0,9.7,3.5,1,0.5,0,10.9,2.4,2,1,0,12,2.7,2,1,0,12,2.2,2,0.9,0,13.8,1.7,3,0.9,0,13.3,1.5,3,1,0,13.3,1.2,5,1,0,13.8,1.2,9,1,0,13.3,1.2,8,1,0,12.7,1.8,8,1,0,12.4,0.8,8,0.4,0,10.2,1.3,13,0,0,10,1.6,13,,0,9.6,1.5,13,,0,9.5,1.7,13,,0,9.6,0.6,13,,0,9,0.4,14,,0,9.2,0.5,11,,1,0,10.3,1.4,13,,0,10.6,0.3,11,,0,10.9,0.7,14,,0,11.9,0.6,8,,0,13.2,1,10,,0,13.3,1,11,0,0,14.2,1.2,9,0.3,0,15.1,1.5,9,0.3,0,16.2,1.4,9,0.2,0,17.7,1.8,9,0.2,0,18.4,3.2,9,0.3,0,16,1.8,9,0,0,15,2,9,0,0,15.8,2.1,9,0,0,16,2.5,10,0,0,15.4,2.2,11,0,0,15.7,2.1,11,0,0,15.7,2,10,0,0,15.6,2,10,,1,15.5,2,11,,0.5,15.9,2.3,12,,0,15.6,1.9,12,,0,15.2,1.4,11,,0,15.1,1.2,10,,1,0,13.3,1.5,13,,0,12.2,0.8,15,,0,11,1.1,15,,0,10.2,1.2,15,,0,10.2,3.2,1,,0,9.7,3.3,1,0,0,9.7,4,1,0,0,10,3.8,2,0.2,0,10.5,3.7,2,0.2,0,12.3,4.3,2,0.2,0,12.2,5.3,2,1,0,13.5,3.2,2,1,0,13.2,3.3,2,1,0,13.4,2.3,2,1,0,12.2,2.2,2,0.9,0,11.1,2.3,3,0.7,0,10.4,3.1,3,0.2,0,10,3,3,0,0,10,2.6,3,,0,9.9,2.8,2,,0,10,2.8,2,,0,9.9,2.2,2,,0,10,2.6,2,,0,10,3.3,1,,1,0,9.7,3.6,1,,0,10,4.2,1,,0,10.4,4,1,,0,10.6,5.2,1,,0,10.4,6.1,1,,0.5,9.6,5.5,1,0,0.5,9.5,5.8,1,0,1,9.4,4.4,1,0,0.5,9.5,4.4,1,0,2.5,9.2,3.1,1,0,4.5,9.1,3.7,1,0,5,8.9,3.1,2,0,4.5,8.2,6.8,1,0,4.5,8.4,3.1,2,0,1.5,9.1,1.2,2,0,3,8.8,1.3,2,0,2,8.7,0.6,2,0,2.5,8.8,0.8,2,0,2.5,8.9,0.3,3,,0,9.4,0.4,11,,0,9.4,0.3,9,,0,10.5,0.3,10,,0,10.4,1.1,12,,0,9.5,0.5,6,,1,0,9.1,1.2,12,,0,9.1,1.4,11,,0,8.3,1.5,10,,0,7.7,1.4,12,,0,7.4,1.7,12,,0,7.5,1.9,13,0,0,8.9,2.7,14,0.5,0,11.4,1.4,12,1,0,12.7,1.6,13,1,0,13.4,1.6,11,1,0,14.7,1.5,11,1,0,14.5,1.9,12,1,0,14,1.6,12,1,0,13.2,2.5,12,1,0,12.9,2.4,12,1,0,12,1.9,14,1,0,11.4,1.1,13,0.6,0,8.6,1.7,13,0,0,6.8,1.2,14,,0,8.3,2.6,14,,0,8.5,2.8,15,,0,9.2,1.7,2,,0,8.7,1,13,,0,7.3,1.5,11,,1,0,6.3,1.6,13,,0,6.6,2.1,0,,0,5,1.6,14,,0,5,1.3,13,,0,4.9,1.5,13,,0,4.9,1.2,15,0,0,8.5,0.6,9,1,0,9.5,1.2,3,1,0,10.6,1.6,3,1,0,11.5,1.6,3,1,0,12.1,1.3,6,1,0,13.5,1.5,8,1,0,12.5,1.4,6,0.9,0,13.5,1.3,8,1,0,12.6,1.6,8,1,0,10.2,2.3,8,1,0,9.4,2.2,9,0.6,0,7.8,0.4,12,0,0,6.3,1.2,13,,0,6.1,0.3,3,,0,5.9,0.8,14,,0,5.9,1,14,,0,5.7,1.5,14,,0,7.6,3.6,1,,1,0,7.6,4.5,1,,0,7.5,5.1,1,,0,7,3.8,1,,0,5.9,1.9,0,,0,4.7,0.7,11,,0,5,1.3,13,0.1,0,8.9,0.5,10,1,0,11.6,1.8,8,1,0,13.2,1.4,8,1,0,14.1,2.3,9,1,0,13.3,3.7,8,1,0,13.2,4.2,8,1,0,13.4,4.9,8,1,0,13.5,5.5,9,1,0,13.3,4.8,9,1,0,12.3,4.2,9,1,0,12,1,9,0.6,0,9.3,1.2,13,0,0,8.3,1.4,13,,0,8.4,1.7,14,,0,9.3,1.8,15,,0,9,1.3,15,,0,8.3,1.3,15,,0,8,1.5,14,,1,0,8,1.6,13,,0,7.7,1.7,13,,0,7.4,1.1,14,,0,7.4,1.6,15,,0,7.7,1,1,,0,7.7,0.3,0,0,0,10.8,1.7,1,0.9,0,12.5,1.7,2,1,0,14.3,1.5,3,1,0,13.4,1.5,3,1,0,13.4,1.4,5,1,0,15.7,1.2,8,1,0,15.4,3.4,8,1,0,15.2,3.7,8,1,0,15.3,3.6,8,1,0,14.1,4.5,9,1,0,13.8,0.9,9,0.7,0,11.9,0.8,13,0,0,10.7,0.6,14,,0,11.6,1.4,13,,0,10.8,0.6,12,,0,9.8,0.3,9,,0,10.2,0.6,10,,0,10.9,0.5,9,,1,0,11.1,0.7,9,,0,12,0.9,8,,0,12.1,1.1,10,,0,10.9,0.9,13,,0,11.2,1.1,13,,0,11,0.5,14,0,0,12.1,0.5,11,0.2,0,15.7,1.5,8,0.9,0,18,1.4,9,1,0,19.1,1.6,9,1,0,20.3,1.6,8,1,0,20.6,2,8,1,0,19.9,2.7,9,1,0,20,2.1,9,1,0,19,3.2,9,1,0,18.5,2.2,9,1,0,17.1,1.3,9,0.7,0,16,1.2,10,0,0,15.8,1.7,12,,0,15.9,2.7,12,,0,15.8,1.4,12,,0,15.8,2.1,13,,0,15.9,2.4,12,,0,16.4,2.5,13,,1,0,16.9,2.7,12,,0,16.6,1.7,12,,0,16.2,0.7,0,,0,15.6,1.4,8,,0,14.9,1.6,8,,0,14.4,1.3,8,0,0,14.6,1.6,5,0,0,15,1.3,8,0,0,15.1,1,9,0,0,16.5,1.7,8,0.2,0,16.6,1.2,8,0,0,16.8,1.5,9,0,0,16.3,1.3,9,0,0,16.9,1.6,9,0,0,16.1,1.1,9,0,0,15.4,1.1,9,0,1,14.6,0.7,9,0,1,14.7,0.7,10,0,1.5,15.2,0.9,10,,4,15.7,1,9,,1.5,16,1.3,9,,2,16.2,1.1,8,,0.5,16.4,1.1,9,,0.5,16.4,1.2,9,,1,1,16.6,1.4,9,,1.5,16.7,1.7,10,,0,16.6,1.2,10,,0,16.5,1,9,,0,16.2,0.9,12,,0,15.5,0.3,13,0,0,13.9,1.5,2,0,0,13.6,2.6,2,0.1,0,13.6,4.5,1,0.1,0,13.9,5.4,2,0,0,13.1,5.1,1,0.1,0,12.1,5.4,1,0,0,11.9,6.9,1,0,0,11.5,7.6,1,0,0,11.4,6.7,1,0,0,11,6.4,1,0,0,10.6,5.9,1,0,0.5,10.3,5.9,1,0,0.5,10.2,5.7,1,,2,10.1,5.2,1,,1,10.3,5.2,1,,0,10.5,4.6,1,,0,10.9,5.1,1,,0,11.1,4.5,1,,1,0,10.9,5.3,1,,0,10.4,2.5,1,,0,8.1,1.7,14,,0,7.9,1.1,14,,0,9.4,0.1,16,,0,8.9,0.2,16,0,0,13,0.5,12,1,0,15.7,1.1,9,1,0,16.9,1.6,8,1,0,17.3,1.8,8,1,0,18.9,1.5,8,1,0,19.3,2,8,1,0,19.2,3.2,8,1,0,20.1,2.4,9,1,0,19.5,1.4,9,1,0,17.7,2.2,9,1,0,16.1,1,9,0.7,0,13.7,0.5,2,0,0,12.5,1.1,13,,0,12,0.9,13,,0,11.1,0.5,13,,0,11,1.1,13,,0,10.7,0.4,11,,0,10.2,0.3,12,,1,0,11.7,0.8,12,,0,11.8,0.9,13,,0,12.8,1,14,,0,13.7,1.3,9,,0,13.4,0.9,8,,0,14,1.4,9,0,0,15,1.2,9,0.1,0,15.8,1.4,9,0.7,0,16.1,1.5,9,0,0,17,1.6,8,0,0,18,2,9,0.1,0,17.8,1.9,9,0,0,19.8,2,9,0.4,0,18.5,2,9,0.8,0,18.4,1.6,10,0.4,0,17.9,1.4,9,0.8,0,17,1.3,8,0,0,16,1.2,9,0,0,15.7,1,8,,0,15.5,0.9,9,,0,15.6,0.9,9,,0,15.7,1.1,9,,0,15.1,0.9,9,,0,15.1,1.2,10,,1,0,14.6,1.1,10,,0,14.6,1,10,,1.5,14.5,1.5,9,,3,14.2,1,9,,2.5,13,0.9,13,,2.5,13.4,0.9,11,0,2,14,1,10,0,7.5,15.1,1.6,9,0,8.5,15.2,2,9,0,8,15.3,3.1,9,0,12.5,15.5,2.5,9,0,5.5,16,3.4,9,0,2.5,16,4.6,9,0,3,16.4,3.8,9,0,12.5,17.1,3.3,9,0,4,16.2,2,10,0,0,15.9,2.1,10,0,0,16.1,2.2,10,0,0,14.9,2.1,11,0,0,13.7,1.6,11,,0,13.3,2.4,11,,0,13.2,1.8,12,,0,13.5,2.1,13,,0,13.2,3.4,14,,1,0,12,1.4,9,,0,13.9,3,14,,0,12.4,2.2,14,,0,13.6,2.4,15,,0,15.3,3.2,14,,0,13.7,1,10,0.2,0,15.4,0.5,1,1,0,16.3,0.8,4,1,0,16.6,1.4,2,1,0,17,0.9,3,1,0,16.2,1.3,5,1,0,17,1.2,8,1,0,18.4,1.6,8,1,0,18.1,1.1,8,1,0,15.9,1.3,8,0.6,0,16.3,1.4,8,0.7,0,15,1.4,9,0.6,0,13.7,0.7,13,0,0,12.7,0.6,0,0,0,13.5,1.9,1,,0,12.5,1.6,0,,0,13,2.2,0,,0,13.2,3.1,1,,0,12.2,4,1,,1,0,11.8,3.8,1,,0,11.4,3.3,0,,0,11.3,3.8,1,,0,11.2,4.4,1,,0,10.9,6,1,,0,10.7,6,1,0,0,11.3,5.8,1,0.5,0,11.9,5.5,1,1,0,13.1,6.2,1,0.8,0,13.7,5.3,2,1,0,13.1,5,2,0.1,0,13.5,3.9,2,0.1,0,14.2,3.9,2,0.7,0,15.1,1.9,2,0.4,0,14.9,1.6,2,0.8,0,14.1,1.3,2,1,0,13.1,1.2,2,0.7,0,12,0.8,0,0,0,11.7,1.4,1,0,0,10.8,1.6,0,,0,10.7,1.4,15,,0,11.2,1.7,15,,0,11.8,1.8,0,,0,11.2,2.2,0,,1,0,11.7,2.6,1,,0,11.4,2.8,1,,0,11.9,3.4,1,,0,11.9,4.2,1,,0,11.9,4.2,1,,0,12.2,4.6,1,0,0,13.1,5.3,1,0,0,14.2,4.6,1,0.4,0,15.2,3.5,1,0.7,0,15,5.7,1,0.9,0,16.3,5.6,1,0.6,0,15.3,5.4,1,0.5,0,15.5,4.6,1,0.4,0,14.9,4.1,1,0,0,14,4,1,0,0,13.6,3.6,1,0,2,13.1,4,1,0,0.5,13.3,3,1,0,0,13.8,1.8,3,0,1,13.3,3.6,1,,0.5,13,3.8,1,,1.5,12.3,3.1,0,,0.5,13.1,3.3,1,,0.5,13.2,3.9,1,,1,1,13,4.6,1,,3,12.4,4.4,1,,1.5,12.3,4.6,1,,0.5,12.2,4.2,1,,1.5,12.1,4.7,1,,0.5,11.9,4.7,1,0,2.5,12,5,1,0,1,12.4,5.2,1,0,1.5,12.6,5.1,1,0,0.5,12.8,4.4,1,0,3,13,5.7,1,0,0.5,13.5,4.5,1,0,0.5,13.6,3.6,1,0,1.5,13.2,3.8,1,0,0.5,13.6,3,1,0,2,13.2,2.7,1,0,4,13.3,0.6,2,0,1.5,13.3,0.9,1,0,5,13.1,1,1,0,4,13.1,1.3,1,,0,13.5,0.6,14,,1,13.5,0.4,4,,3,13.7,0.7,11,,4.5,14.1,0.2,16,,1,5.5,13.9,0.3,2,,4.5,13.9,1.1,0,,1,13.9,1.5,1,,1,13.6,0.7,2,,0.5,13.3,1,2,,0.5,13.3,1.1,8,0,0,14.2,1.7,8,0,0,14.9,1,11,0.3,0,14.9,1.7,11,0.4,0,17,1.9,9,0.8,0,18.3,1.4,9,0.9,0,17.9,1.7,10,0.7,0,19.1,2.3,9,0.9,0,19.6,1.6,8,0.9,0,17.1,1.9,10,0.9,0,13.7,2.1,12,0.7,0,12.6,1.9,11,0.3,0,12.3,1,11,0,0,12,0.9,11,0,0,11.7,2.5,13,,0,10.7,1.5,12,,0,10.2,3.3,13,,0,10,3.6,13,,0,10.2,2.9,13,,1,0,9.1,3.3,14,,0,9.3,1.3,14,,0,8.5,1.8,13,,0,8.1,3.2,13,,0,7.5,2.9,14,,0,7.5,3.6,14,0,0,10.6,1.4,1,0.7,0,11.8,1.5,3,0.9,0,12.7,1.6,8,1,0,13.6,3.9,8,1,0,15.6,2.5,9,1,0,15.1,1.9,9,1,0,15.3,2,9,1,0,14.4,2.7,9,1,0,14.1,1.7,10,1,0,12.9,1.7,10,1,0,11.5,1.5,10,0.8,0,10.2,1,9,0,0,9,0.7,9,0,0,8.7,0.5,11,,0,8.8,0.9,13,,0,8.3,0.8,12,,1,7.1,0.5,13,,2,7,0.8,13,,1,2,7.2,0.9,2,,1.5,7,0.7,2,,0.5,6.4,2.3,1,,0,6.9,0.7,9,,0,6.7,0.5,3,,0,6.8,0.9,14,0,0,8.3,0.4,9,0.4,0,9.2,1.4,12,0.9,0,9.9,2.7,2,0.3,0,11.1,2.1,2,0.9,0,12.2,1.6,3,0.8,0,10.5,1.2,2,0.2,0,11.8,0.9,3,0.2,0,11,1.3,2,0.5,0,9.5,3.4,2,0.1,0,9.9,1.6,2,0.5,0,9.3,1.1,2,0.2,0,7.6,2.9,15,0,0,6.2,1.1,13,0,0,5.2,1.5,15,,0,5.5,1.8,14,,0,5,1.4,13,,0,5.4,2.1,13,,0,5.7,2.1,14,,1,0,6.5,1.4,13,,0,4.5,0.9,15,,0,4.7,1.2,15,,0,6.5,5.6,1,,0,6,4.9,1,,0,6.4,4,1,0.2,0,8.3,2.7,1,1,0,10.1,2,2,1,0,10.8,1.9,3,1,0,11.6,1.5,3,1,0,11.8,1.3,8,1,0,12.4,3.9,8,1,0,13.1,4.4,8,1,0,12.4,4.7,9,1,0,14.1,3.5,9,1,0,13.5,1.9,9,1,0,12.6,2.2,9,0.7,0,11.2,1.1,15,0,0,10.6,0.5,13,0,0,11.4,1,11,,0,11.2,0.9,11,,0,11.3,0.9,9,,0,11.7,1.6,9,,0,11.6,1.1,11,,1,0,12.2,1.2,11,,0,12.2,1.4,11,,0,12.5,1.5,13,,0,9.6,1,15,,0,9.2,1.7,0,,0,10,1.2,0,0.1,0,12.7,0.6,10,1,0,13.2,1,6,1,0,14.9,1.1,6,1,0,14.1,1.5,5,1,0,15.3,1.3,6,1,0,16.6,1.9,8,1,0,16.1,1.6,8,1,0,16.4,1.4,8,1,0,17.5,0.8,8,1,0,17.2,0.4,7,1,0,16.6,0.5,15,1,0,13.7,0.7,14,0,0,13,0.4,12,0,0,13.6,0.3,10,,0,13,1.4,2,,0,14.2,3.9,1,,0,13.7,4,1,,0,14.2,5.2,1,,1,0,13.7,5.2,1,,0,13.9,5.3,1,,0,13.7,5.8,1,,0,13.5,5.8,1,,0,13.5,5.3,1,,0,13.4,4.9,1,0.1,0,14.2,5.3,1,1,0,15.3,4,1,1,0,16.1,4.2,2,1,0,16.5,4.7,2,1,0,17,4.3,2,1,0,17.1,4.8,2,1,0,18.7,2.8,2,1,0,18.8,1.3,3,0.9,0,18.1,1.1,2,1,0,16.7,0.7,3,1,0,16,0.7,9,0.9,0,14.5,0.1,16,0,0,13.8,1.1,13,0,0,12.1,0.9,13,,0,12.7,1.1,13,,0,11.7,0.8,13,,0,11.2,0.2,16,,0,14.1,0.9,11,,1,0,13.8,0.9,10,,0,15.1,1.9,12,,0,14.6,1.8,13,,0,13.7,1.3,13,,0,13.1,0.8,12,,0,12.4,0.9,15,0.1,0,15.2,0.5,9,1,0,16.9,1.1,3,1,0,17.7,1.2,2,1,0,21.1,2.2,8,1,0,22.2,1.6,9,1,0,22.3,1.7,10,1,0,22.1,2,11,1,0,22.2,1.6,10,1,0,22,1.8,9,1,0,21,2,9,1,0,19.9,1.8,12,1,0,18.6,1.9,12,0.1,0,17.8,2.4,1,0,0,15.6,1.7,0,,0,14,1.6,0,,0,14,1.4,2,,0,13.2,3.8,1,,0,12.7,3.6,2,,1,0,11.6,4.4,1,,0,11.2,3.9,2,,0,10.8,3.7,1,,0,9.9,5.4,1,,0,9.3,5.8,1,,0,9.1,4.7,1,0.1,0,9.3,5,2,0.3,0,10.2,2.3,2,0.4,0,10.5,2.3,2,0.1,0,12.5,1.5,2,0.7,0,12.6,1.5,3,0.4,0,13.2,1.2,6,0.7,0,13.6,1.5,8,0.4,0,14.7,3.2,8,0.8,0,13.4,3.3,9,0.5,0,12.4,4.5,9,0.6,0,12.1,3.6,9,0,0,11.3,0.7,13,0.1,0,9.8,1.6,13,0,0,9.4,1.5,13,,0,8.8,1.4,14,,0,9.7,1.8,14,,0,10.3,2,0,,0,10.8,4.8,1,,1,0,10.5,5.5,1,,0,10.2,5.3,1,,0,9.9,4.1,1,,0,10,3.6,1,,0,9.8,4.2,1,,0,10,2.9,1,0.1,0,11.4,3.4,1,0.9,0,12.1,2.6,2,0.9,0,12.4,3.5,2,0.9,0,13.6,3.3,2,1,0,14.8,1.9,2,1,0,15.8,1.8,2,1,0,15.9,1.5,3,1,0,14.1,1,6,1,0,15,1.5,8,1,0,14.7,2.1,8,0.9,0,13.8,2.3,9,0,0,12.6,0.9,10,0,0,11.1,1.5,13,0,0,11.1,1.8,13,,0,10.5,1.7,13,,0,9.7,1,13,,0,10.2,1.1,15,,0,10.8,1.6,0,,1,0,11,2.2,0,,0,11.5,2.8,0,,0,11.4,2.6,0,,0,11.6,2.6,0,,0,10.3,2.6,1,,0,11.3,2.1,1,0.1,0,13.9,1.6,2,1,0,15.6,1.2,3,1,0,16.1,1.3,3,1,0,15.9,1.3,3,0.5,0,16.5,1.3,3,1,0,15.9,1.3,3,0.6,0,15.2,1,7,0.4,0,15,1.3,8,0,0,15.7,0.9,8,0,0,15,0.7,8,0,0,14.6,0.7,10,0,0,13.6,0.1,16,0,0,13,1,14,0,0,13.9,0.7,0,,0,13.5,1,0,,5.5,11.6,1,11,,4,11,1.5,14,,1,10.6,1.4,15,,1,0.5,10.5,2.4,1,,0,10.6,1.2,0,,0,11.9,3.8,1,,0.5,10.7,4.6,1,,1,10,4.7,1,,0,10.4,4.3,1,0,0,10,4.8,1,0,0,10.6,4.9,1,0,0.5,11.8,5.1,1,0,0,12.2,5,1,0,0,13.9,6,2,0.4,0,13.8,5.3,2,0.3,0,13.2,3.4,2,0.1,0,13.3,2.7,2,0,0,13,1.8,2,0.1,0,12.7,2.1,3,0,0,12.5,1.8,3,0,0,12,0.8,2,0,0,10.4,1.7,14,0,0,9.9,1.7,14,,0,9.9,1.4,14,,0,10.7,1.7,0,,0,10.2,1.7,14,,0,10.6,1.8,14,,1,0,10.1,1.9,13,,0,10.4,2.1,14,,0,10,1.9,13,,0,10.3,2.1,13,,0,10.3,1.8,13,,0,10.9,1.4,13,0.4,0,14.1,0.3,9,1,0,16.2,1,9,1,0,17.1,3.7,9,1,0,18.4,1.8,8,1,0,19,2.7,9,1,0,20.1,1.7,8,1,0,20.4,1.4,8,1,0,19.7,2.2,9,1,0,19.1,1.5,9,1,0,17.7,1.5,8,1,0,16.3,1.2,10,1,0,14.8,1.5,9,0.1,0,14.5,1.5,10,0,0,14.3,1.2,13,,0,13.1,0.8,15,,0,13.4,1.6,0,,0,13.6,1.6,0,,0,14.9,1,11,,1,0,14.4,1.9,1,,0,12.8,0.9,15,,0,13.3,1.8,0,,0,14.4,1.2,0,,0,14.7,1.6,0,,0,14.6,1.4,15,0,0,16.8,0.2,16,0,0,20.5,0.9,11,0.5,0,20.7,0.9,9,1,0,18,1.2,6,1,0,19,1.8,8,1,0,19.6,1.6,8,1,0,18.1,1.8,8,1,0,19.4,1.5,9,1,0,22.8,2,8,1,0,21.7,1.9,8,1,0,20.1,0.9,4,0.6,0,19.2,2.2,14,0,0,18.4,1.3,8,0,0,18.8,1.6,11,,0,19.2,1.9,12,,0,17.8,0.7,6,,0,19.6,1.8,12,,0,20.6,2.6,13,,1,0,19.7,1.3,10,,0,17.1,0.6,10,,0,17.6,3.5,1,,0,16.2,2.2,0,,0,15.3,4.6,1,,0,14.7,5.3,1,0,0,15.4,5.9,1,0.8,0,16.6,4.7,2,1,0,17.1,3.6,2,1,0,18,2.5,2,1,0,18.1,1.8,2,1,0,19,1.4,3,1,0,18.2,1.2,6,1,0,18.8,2,8,1,0,18.7,1.4,8,1,0,18.6,1.6,9,1,0,19.5,1.1,8,0.6,0,18.3,0.9,8,0,0,18,1.6,9,0,0,17.7,0.7,7,,0,17.8,1.1,8,,0,16.7,0.5,9,,0,16.3,0.6,12,,0,15.6,0.9,15,,1,0,15.6,0.3,15,,0,15.5,1.2,15,,0,15.5,1.2,0,,0,15,0.8,1,,0,15.2,0.2,16,,0,14.7,0.9,15,0,0,14.5,0.9,15,0,0.5,15,1.9,1,0,0,14.9,2.1,2,0,0.5,13.4,4.4,1,0,0,12.8,6,1,0,0.5,11.8,5.4,1,0,1,11.6,6,1,0,1,11,6.2,1,0,0.5,10.8,7.5,1,0,0,10.2,7,1,0,0.5,9.8,7.6,1,0,0.5,9.3,7.6,1,0,0,9.5,7.1,1,0,0,9.7,7.1,1,,0,9.4,7,1,,0,9.4,6.5,1,,0,9.3,6,1,,0,9.7,6.3,1,,1,0,9.7,6.6,1,,0,9.8,5.7,1,,0,10,5.8,1,,0,10.1,6.3,1,,0,10,7.9,1,,0,10.1,5.6,1,0,0,10.1,6.2,1,0,0,11,6.5,1,0,0,12.3,4.3,2,0,0,12,5.5,2,0,0,13.3,5.1,2,0.1,0,12.9,5.2,2,0.2,0,13.1,3.8,2,0,0,12.9,3,1,0,0,13,2.9,1,0,0,12.8,1.9,2,0,0,12.2,1.8,3,0,0,11.2,1.6,1,0,1.5,9.8,2.3,0,0,0,9.3,3.3,1,,0,9.2,3.5,1,,0.5,9.1,3.7,1,,0.5,8.5,4.1,1,,0.5,7.9,4.3,1,,1,0,7.7,6,1,,0,8,5.8,1,,0,8,5.6,1,,0,7.7,5.6,1,,0,7.6,5.7,1,,0,7.4,5.7,1,0,0.5,7.1,5.9,1,0,0,8.1,5.1,1,0,0,8.8,5.2,1,0,0,9.8,5.8,1,0,0,9.6,3.9,1,0.1,0,10,3.2,1,0,0,10.2,3.3,1,0,0,10.5,2.7,1,0,0,11.2,2,0,0,0,11.1,1.5,2,0,0,11,2.6,15,0,0,11.1,2,15,0,0,10.6,2.7,0,0,0.5,10.4,1.8,0,,0,10.5,2.7,0,,0,10.6,2.2,0,,0,10.9,1.5,0,,0.5,11,0.9,0,,1,1,11.1,2.3,0,,2,11.2,0.6,2,,0.5,11.4,1.8,1,,0.5,11.5,0.7,15,,1,11.5,0.6,13,,1.5,11.9,1.2,14,0,0,12.1,0.3,7,0,0.5,12,0.2,16,0,0,12.8,0.6,12,0,0,14.1,0.6,12,0,0,15.7,1.2,9,0,0,15.5,3.1,9,0,0,15.4,1.6,9,0,0,15.2,3.3,9,0,1,14.1,0.6,10,0,1.5,13.7,1.9,9,0,2,13.4,0.5,12,0,2,13.2,1.4,13,0,2,13.2,0.9,15,0,1.5,13.2,1.7,1,,2,13.8,2.9,0,,2,13.9,4.2,1,,0,14.3,4.3,1,,0,14.8,5,1,,1,0,15,1.4,1,,0,13.6,2.2,1,,0,12.9,0,16,,0,13.2,0.9,14,,0,13.2,1.7,1,,0,13.2,2.4,2,0,0,13.7,2.5,1,0,0,15,2.6,2,0.3,0,15.9,3.1,2,1,0,14.8,4.1,1,0.6,0,16.9,2.2,2,0.5,0,16.2,2.9,2,0.1,0,16.4,1.3,1,0,0,15.5,0.5,12,0,0,15.6,0.3,7,0,0,15.3,0.4,0,0,0,14.9,1.1,3,0,0,14.4,0.6,0,0,0,14.7,1.3,0,0,0,14.6,1.9,1,,0,14.3,1.3,1,,12,12.3,4.8,1,,0,11.9,5.4,1,,0.5,11.2,6.2,1,,1,0.5,11.2,5.7,1,,0,11.5,5.4,1,,0.5,11.3,5.8,1,,0,11.2,4.7,1,,0,11.4,3.8,1,,0,11.4,2.3,1,0,0,12.4,3.2,1,0,0,13.7,2.2,1,0,0,15.9,1.7,3,0.8,0,15.6,1.6,3,0.6,0,17.3,1.6,3,1,0,17.2,1.9,2,1,0,17.3,1.6,3,1,0,16.9,1.5,5,1,0,15.4,1.1,8,0.3,0,15.6,1.1,9,0,0,15.2,1.1,9,0.3,0,13.3,0.7,13,0.1,0,12.1,1.2,13,0,0,11.7,1,13,,0,12.6,1.5,13,,0,12.8,1.7,13,,0,12.9,1.2,13,,0,11.6,1.4,15,,1,0,11.7,0.8,15,,0,11.6,1.2,15,,0,12.6,2.4,1,,0,12.4,2.8,1,,0,12.2,3.1,1,,0,12.8,2.8,1,0.5,0,14.3,3.4,2,1,0,15.2,4.1,2,1,0,16.2,3.5,2,1,0,16.8,4.3,2,1,0,17.8,2.6,2,1,0,17.5,2.6,2,1,0,18.7,1.4,2,1,0,18.2,1.5,2,1,0,17.5,0.9,3,1,0,16.1,0.8,8,0.7,0,16.3,0.9,8,0.4,0,15.1,0.2,16,0,0,14.1,1,13,0,0,13.4,1.3,13,,0,12.9,1.6,14,,0,12.5,1.4,13,,0,12.6,2.1,13,,0,13.1,1.9,13,,1,0,12.6,2.1,13,,0,12.7,2,13,,0,12.5,1.8,13,,0,11.9,1.9,14,,0,11.6,1.7,14,,0,13.7,1.2,0,0.6,0,15.5,1.1,4,1,0,15.6,1.2,5,1,0,16.5,1.3,3,1,0,17.5,1.4,2,1,0,17,1.4,7,1,0,18.9,1.8,8,1,0,18.7,2.4,9,0.7,0,18,2.8,8,0.3,0,18.1,2.6,8,0.6,0,17.3,3,9,1,0,16.7,3.1,9,0.8,0,15.8,0.4,9,0.1,0,14.6,1.7,13,0,0,14.8,2.4,13,,0,13.8,1.7,13,,0,13.1,1.8,13,,0,13.6,1.8,13,,0,12.7,1.8,13,,1,0,12.4,1.5,13,,0,11.9,1.4,0,,0,11.7,0.6,10,,0,11.8,1,13,,0,12,0.5,4,0,0,14.2,1.6,2,0.6,0,15.7,1.9,2,1,0,17.4,2.2,2,1,0,18.4,1.9,2,1,0,19,1.3,3,1,0,17.5,1.3,5,1,0,17.8,1.3,7,1,0,18.3,1.3,8,1,0,18.5,1.4,8,1,0,18.7,1.3,7,1,0,18.1,1.2,8,1,0,16.8,1.2,8,1,0,15.5,0.9,10,0.3,0,13.8,1,13,0,0,13.5,1.5,14,,0,12.3,0.9,13,,0,12.4,1.5,13,,0,12,1.3,13,,0,12,1.5,13,,1,0,12,1.4,13,,0,11.8,1.5,13,,0,11.9,1.4,13,,0,11.7,1.2,13,,0,11.5,1.6,13,0,0,13.4,0.5,13,0.7,0,15.3,0.6,9,1,0,17.5,1.5,8,1,0,19.4,2.1,9,1,0,18.7,2.4,8,1,0,19.6,2.7,8,1,0,19.5,3.5,8,1,0,19.4,4,9,1,0,19.3,3.9,9,1,0,18.9,4,9,1,0,18.1,4,9,1,0,17.1,3.2,9,1,0,16,0.9,9,0.4,0,14.1,0.5,12,0,0,13.8,0.5,12,,0,12.5,0.4,9,,0,12.1,0.3,11,,0,11.9,0.3,12,,0,11.5,0.4,10,,1,0,11.4,0.2,16,,0,12,0.4,8,,0,12.4,0.4,8,,0,12.2,0.5,5,,0,12.3,0.5,4,0,0,13.3,0.3,8,0,0,14.9,0.3,8,0.2,0,17.6,1.8,8,0.5,0,17.6,1.7,9,0.1,0,19.7,3.6,9,0.7,0,21.4,1.8,8,0.7,0,22.1,3.2,8,0.9,0,22.7,3.8,9,1,0,20.6,4.4,9,0.9,0,19,5.3,9,1,0,17.7,3.7,9,0.4,0,17.4,2.5,9,0,0,17.1,1,8,0,0,16.3,0.5,8,0,0,15.5,0.6,12,,0,16,0.6,10,,0,16.2,0.8,9,,0,16,0.4,10,,0,15.9,0.4,11,,1,0,15.4,0.4,14,,0,15.5,0.6,11,,0,15,0.3,12,,0,15.5,0.2,16,,0,15.1,0.4,13,0,0,16.2,0.9,13,0,0,16.8,1.4,9,0,0,17.4,0.4,9,0,0,18,1.1,9,0,0,17.9,0.8,9,0,0,17,0.1,16,0,0.5,16.1,0.2,16,0,1,15.7,0.1,16,0,1,14.6,1.6,9,0,1,15,1.8,14,0,0.5,15.2,1,14,0,0,14.7,0.5,14,0,0.5,13.8,1.4,14,0,0,13.3,0.8,14,0,0.5,13.4,1.1,1,,0,13.7,1.2,15,,0,13.9,0.7,15,,1,13.4,1.4,14,,1.5,13.2,1.5,15,,1,1.5,13.7,1.5,15,,2,14.2,0.7,2,,3.5,14.1,1,0,,2,14.1,0.8,0,,4,13.8,2.8,2,0,7,13.9,1,0,0,2.5,14.8,1.1,2,0,1,14.8,1.5,0,0,2,15.3,0.8,9,0,2,15.8,1.8,9,0,2.5,16.2,3.8,9,0,6.5,16.1,1.1,11,0,2.5,16.2,1,12,0,1,16.7,2.2,9,0,6,16.7,1.2,9,0,3,16.6,3.8,9,0,3,16.6,1.3,9,0,0.5,16.7,5.6,9,0,0,16.7,4.9,9,0,1,16.4,1.8,9,,2,16.4,3.9,9,,0.5,16.4,1.6,9,,4,16.5,2.4,9,,0,16.6,1.2,9,,1,0,16.8,5.2,9,,0,16.9,2.5,9,,0.5,16.9,2.6,9,,4,17,0.6,11,,1,16.4,1.1,13,0,0,16.2,0.5,13,0,0,16.3,0.5,10,0,0,18.1,0.9,9,0.3,0,18.6,1.5,9,0.6,0,20.9,1.2,9,0.8,0,21,1.6,9,0.6,0,21.8,2.4,9,0.6,0,22,2,8,0.8,0,21.7,1.6,9,0.7,0,21.5,2.1,9,0.8,0,20.9,1.7,9,1,0,19.3,1.1,9,0.9,0,18.4,0.8,8,0.2,0,17.5,0.7,15,0,0,17.7,1.5,12,,0,18.5,1.8,12,,0,16.9,0.7,0,,0,15.8,0.2,16,,0,15.1,0.9,13,,1,0,14.7,1.1,2,,0,16.7,2.7,1,,0,15.3,1.2,0,,0,16.2,1.9,2,,0,15.2,1,0,0,0,17.1,0.9,2,0.6,0,18.3,0.7,6,1,0,18.5,1.1,5,1,0,18.8,1.1,5,1,0,19.4,1.4,7,1,0,19.3,1.4,6,1,0,19.9,1.2,7,1,0,20.1,1.7,8,1,0,21.3,2,8,0.9,0,20.3,3,8,1,0,20.4,1.5,8,1,0,18.5,0.6,8,1,0,19,0.5,13,0.5,0,17.6,0.6,9,0,0,16.2,1.2,12,,0,16,0.7,10,,0,15.5,0.8,13,,0,15,0.6,15,,0,15.2,0.5,12,,1,0,16.1,0.4,3,,0,15.4,1.3,1,,0,16,0.8,15,,0,14.9,0.5,12,,0,15,0.8,12,0,0,16.5,0.1,16,0.7,0,18,1,8,1,0,19.3,1.8,8,1,0,20.3,1.2,8,1,0,22.6,2,8,1,0,25.9,1.7,8,1,0,26.1,2,10,1,0,26.1,1.9,10,1,0,24.6,2.1,9,0.8,0,23.7,1.5,9,0.1,0,23.5,1.3,9,0.4,0,22.8,1.5,11,0.7,0,21.9,1.8,12,0,0,21.7,1.9,12,0,0,21.5,2,12,,0,22.2,3.5,14,,0,20.4,1.8,2,,0,19.2,3.5,1,,0,18.3,4.7,1,,1,0,17,5.3,1,,0,16.1,3.9,1,,0,15.5,4.5,1,,0,14.3,4.6,1,,0,13.8,3.8,1,0,0,14.4,3.5,1,0.5,0,15.6,3.5,2,1,0,16.5,2.1,2,0.8,0,17.8,2.4,2,1,0,18.4,2.1,2,1,0,19.1,1.8,2,1,0,19.3,1.5,2,1,0,19,1.4,4,1,0,19.9,1.1,8,1,0,19,1.5,8,1,0,17.5,1.6,8,1,0,16.4,1,8,1,0,15.2,0.5,10,0.5,0,13.8,1.2,14,0,0,13.5,1.4,14,,0,13.5,1.6,14,,0,13.9,1.5,14,,0,13.8,0.7,15,,0,14,1.3,15,,1,0,13.5,1.7,14,,0,14.4,1.6,14,,0,14.8,1.1,0,,0,14.8,0.8,15,,0,15.4,1.7,0,0,0,16.1,1.2,15,0,0,17.1,0.8,2,0,0,17.8,1.4,2,0,0,19.3,1.1,2,0.1,0,18.9,0.4,3,0.1,0,17.9,0.9,8,0,0,16.6,1,6,0,0,17,1,9,0,3.5,15.7,0.6,13,0,11,15.8,1.9,9,0,3.5,14.9,1,10,0,0.5,14.8,1.2,9,0,0.5,14.6,1,10,0,0,14.7,1.6,12,0,0,15.3,1,9,,0.5,15,0.7,8,,1.5,15,0.5,9,,1,15,0.3,9,,4,15.3,1.8,9,,1,0.5,15.4,1.8,9,,0,15.6,1.2,9,,0,15.8,1.4,9,,0,15.5,0.4,11,,0.5,15.4,0.4,11,0,0,15.5,0.9,11,0,0,16.5,0.6,8,0,0,17.8,1,9,0.2,0,17.3,1.4,9,0.1,0,18.3,1.4,4,0.4,0,18.2,1.4,2,0.9,0,18.6,2.4,2,1,0,17.8,3.1,2,0.7,0,15.8,5,1,0,0,14.7,5.8,1,0,0,14.5,5.3,1,0.4,0,13.9,5.2,1,0.5,0,13,5.2,1,0.3,0,12.7,5.9,1,0,0,13.2,5.1,1,,0,13.3,3.9,1,,0,13.5,3.9,1,,0,13.1,3.3,1,,0,13,4.2,1,,1,0,12.7,2.4,1,,0,12.2,1.9,1,,0,13,1.4,1,,0,12.2,1.6,0,,0,11.9,2.7,1,0,0,13.7,2.1,1,0.3,0,15.5,2.3,2,0.9,0,15.3,3.4,2,0.6,0,16.1,3.7,2,0.5,0,18,2,2,0.8,0,17.7,2.1,2,0.9,0,18.8,1.5,3,1,0,17.4,1.2,3,0.9,0,16.6,0.9,6,0.3,0,17.1,1.4,8,0.5,0,16.7,1.6,8,0,0,16.5,1.5,8,0.3,0,14.6,0.8,13,0.6,0,13,1.1,13,0,0,13.6,1.9,13,,0,13.8,1.8,13,,0,13.7,2.1,13,,0,13.7,2.1,13,,0,14.2,2.1,13,,1,0,14.4,2,13,,0,14.7,1.7,13,,0,14.9,1.1,13,,0,14.8,1.4,13,,0,15,1.6,13,0,0,15.8,0.9,13,0,0,16.1,0.7,9,0.6,0,17.3,1.2,9,1,0,17.3,2.3,8,0.6,0,18.2,2.3,8,0.9,0,19.7,2.7,8,0.5,0,19.6,2.1,9,0.3,0,19.4,2.7,9,0.2,0,19.2,3,8,0.3,0,19,2.1,8,0.1,0,18.2,2.4,9,0,0,18.2,1.5,8,0,0,17.3,0.9,9,0,0,16.7,0.2,16,0,0,16.8,0.7,9,,0,16.5,0.7,11,,0,16.6,0.7,9,,0,17,1.1,9,,0,16.7,0.7,9,,1,0,16,0.6,9,,0,15.7,0.4,10,,0,16.6,1.2,11,,0,16,1,10,,0,16.1,0.9,10,0,0,17,0.7,10,0.7,0,18.6,1.1,9,1,0,20.9,1.1,9,1,0,22.3,1.4,9,1,0,23.4,3.3,8,1,0,24,2.3,8,1,0,23.7,2.1,10,1,0,24.5,1.9,9,1,0,24,2.2,9,1,0,23.7,1.8,10,1,0,22.5,1.9,10,1,0,21.3,1.5,9,1,0,19.7,1.3,13,0.6,0,19.1,0.8,11,0,0,17.7,1.2,2,,0,15.8,1.9,1,,0,15.5,2.4,1,,0,14.1,1.2,0,,0,13.8,1.2,1,,1,0,13.8,2,0,,0,14.2,3.8,1,,0,14,3.1,1,,0,13.7,2.6,1,,0,13.6,2.8,1,0,0,14.8,1.6,1,0.6,0,16.1,1.6,2,1,0,17.3,1.7,3,1,0,18.7,1.5,3,1,0,18.7,1.9,4,1,0,18.6,1,5,1,0,20.3,1.1,9,1,0,21.5,1.9,8,1,0,22.2,2,8,1,0,21.4,2,8,1,0,20.6,1.5,8,1,0,19.8,1.2,9,1,0,18.2,0.3,11,0.6,0,17,0.7,1,0,0,16.3,0.9,12,,0,16.2,0.9,13,,0,15,1.5,15,,0,15.4,0.8,6,,0,15,0.5,7,,1,0,14.7,0.6,9,,0,14.2,0.6,4,,0,13.9,0.7,14,,0,13.7,1.3,15,,0,14.6,0.8,1,0,0,15.6,0.9,2,0.8,0,18.5,0.6,8,1,0,19.2,1.5,3,1,0,18.7,1.7,3,1,0,18.2,1.1,5,0.9,0,20.5,1.6,8,0.9,0,21.8,1.8,8,1,0,22,2,8,1,0,21.5,1.6,8,1,0,20.3,2.2,8,1,0,20,1.8,8,1,0,18.4,1.5,9,1,0,16.8,0.4,10,0.7,0,15.3,1.7,13,0,0,15.4,1.5,13,,0,15.2,0.7,13,,0,14.5,1.1,14,,0,14.3,1.1,0,,0,14.5,1,14,,1,0,13.6,1,14,,0,12.8,0.8,12,,0,12.8,1.5,13,,0,13.2,1.3,13,,0,14.1,1.4,13,0,0,16.5,1.1,13,0.5,0,18.4,0.9,9,1,0,19.1,2.5,9,1,0,18.8,3.6,9,1,0,19.1,4.4,9,0.8,0,19.6,4.9,8,1,0,19.3,5.5,9,0.8,0,20.4,5.6,9,0.7,0,19.5,5.7,9,1,0,19.6,2.6,9,0.4,0,19.2,2.9,9,0.3,0,18.3,1.5,9,0.1,0,17.7,1.1,9,0,0,17.2,1.1,9,0,0,17.1,1.1,10,,0,17.2,1.1,9,,0,17.4,1.2,9,,0,16.3,1,9,,1,15.9,1,12,,1,1,15.5,1.1,10,,1,15.3,1.2,11,,1.5,15.8,1,11,,2,16.4,1,9,,4.5,17,1.4,9,0,13,16.8,0.7,12,0,6.5,17.2,0.6,12,0,4,17.7,0.3,9,0,1,18.2,1.7,8,0,0,18.7,2.4,9,0,0,20.9,3.1,9,0.4,0,21,1.9,2,0.9,0,21.5,2.1,4,1,0,22.9,1,6,1,0,23.2,1.3,3,1,0,22.4,3,1,1,0,20.7,3.3,1,1,0,20.3,2.2,1,0.6,0,19.7,2.6,1,0,0,19.5,3.8,1,,0,19,1.4,1,,0,18.3,1.5,0,,0,17.6,1.6,14,,0,16.8,1,13,,1,0,17.4,0.8,11,,0,16.7,1,12,,0,17.4,0.5,11,,0,17.5,0.9,0,,0,16.9,1,0,0,0,18.1,0.6,2,0.4,0,19.2,0.4,4,1,0,21,0.7,3,1,0,19.5,1.4,4,1,0,20.6,0.9,3,0.5,0,21.2,1,2,1,0,20.8,1.1,6,0.8,0,21.4,1.7,8,0.7,0,21.7,1.1,9,0.3,0,21.7,1.7,8,0.8,0,20.2,1,9,0.1,0,19.5,1.3,9,0,0,19.6,1.5,13,0,0,19,1,12,0,0,19.1,0.4,9,,0,19.1,0.7,11,,0,19.7,0.7,13,,0,19,0.4,11,,0,19,0.2,16,,1,0,18.7,2.2,14,,0,18,1.2,13,,0,18.3,0.3,10,,0,17.2,0.9,2,,4.5,14.2,5,1,0,3.5,14.4,5.6,1,0,0.5,15.3,7.9,1,0,0,15.9,8.2,1,0,0,16.5,6,1,0,0,17.9,6.2,1,0,0,19.1,5.4,1,0,0,19.5,6.8,1,0.1,0,19.2,2.4,2,0,0,17.2,1.3,9,0,0,18.7,1,9,0,0,18.2,1.7,8,0,0,17.7,1,8,0,0,17.6,1.5,9,0,0,17.6,1.4,9,0,0,17.9,1.5,12,,0,18,1.8,2,,0,17.6,1.3,13,,0,16.6,1.3,14,,0,17.1,1.7,1,,1,0,16.2,1.2,15,,0,16.2,0.7,1,,0,15.8,1.1,13,,0,15.1,1.2,14,,0,15.4,1.4,15,0,0,18.1,0.7,0,0.4,0,20.4,0.9,7,1,0,21.7,0.6,9,1,0,21.7,1.3,8,0.9,0,23.5,1.3,8,0.8,0,23.3,1.8,10,1,0,23.6,1.8,11,1,0,24,2.3,9,1,0,24.6,2,9,1,0,24.1,2.3,10,1,0,23.9,1.5,10,1,0,22.7,1.2,11,1,0,21,1.6,12,0.7,0,20.1,2.1,11,0,0,19.2,1.7,9,,0,16.6,1.5,13,,0,17.4,2.7,13,,0,17.4,3.2,14,,0,15.9,1,0,,1,0,17.1,0.6,10,,0,14.3,1.1,14,,0,15.9,2.5,1,,0,14.5,1.3,13,,0,16.1,2.5,0,0,0,17,3.5,1,0.7,0,17.4,2,2,0.9,0,17,2.6,2,0.2,0,18,1.5,3,0.6,0,19,1.3,3,1,0,19.8,0.9,6,1,0,19.9,1.1,8,1,0,21,2,8,1,0,21,2.6,8,1,0,21.2,3.4,8,1,0,19.8,4,9,1,0,19.2,2.9,8,1,0,18.3,2.1,9,0.7,0,15.8,0.7,13,0,0,15.8,1,13,,0,15.3,1.3,15,,0,14.7,0.9,0,,0,17.6,2.9,1,,0,17.9,2.9,0,,1,0,17.4,4.4,1,,0,17.2,3.8,1,,0,17.2,5.1,1,,0,16.7,5.3,1,,0,16.6,5.1,1,0.1,0,17.4,3.6,1,0.7,0,18.9,2.9,1,1,0,19.6,2.5,2,1,0,20.9,2.2,2,1,0,21.7,1.8,2,1,0,21.6,1.7,3,1,0,21.2,1.1,3,1,0,20.3,1.1,7,1,0,21.1,2.3,8,1,0,21.2,2.5,8,1,0,19.9,1.7,8,1,0,18.7,2.2,8,1,0,17.4,0.7,11,0.7,0,16.4,0.4,12,0,0,16.1,1.2,13,,0,16.2,1,13,,0,15.3,1.4,14,,0,15.6,1,13,,0,15.5,0.9,0,,1,0,15.5,0.9,13,,0,15.7,1.5,0,,0,14.8,1.6,0,,0,16.7,3.1,1,,0,17.4,5.6,1,0,0,18,6.1,1,0.4,0,19,4.9,1,1,0,19.3,3.5,2,1,0,19,4.2,2,0.7,0,19.5,4,2,0.3,0,19.8,2.5,2,0.5,0,22,1.4,3,1,0,20.9,1.5,3,1,0,20.7,1.1,8,0.7,0,21.4,1.9,8,0.7,0,20.4,1.2,9,0.1,0,19.9,0.5,9,0,0,19.7,0.8,9,0,0,17.8,1,13,0,0,17.3,0.6,12,,0,16.7,1.4,0,,0,16.6,0.4,15,,0,15.8,0.5,15,,0,14.7,1.2,15,,1,0,16.5,1.2,12,,0,16.3,0.9,13,,0,16.4,1.8,1,,0,15.7,1.3,15,,0,15.4,1.2,15,0,0,17.6,0.3,12,0.4,0,18.8,0.5,11,0.4,0,20,1.5,8,0.3,0,20.5,1.2,5,1,0,20.9,1.4,4,1,0,22.5,1.7,8,1,0,23.5,1.7,8,1,0,24.4,1.6,8,0.9,0,21.7,2.7,9,1,0,20.2,1.9,9,0.1,0,20.6,0.6,10,0,0,19.7,0.4,12,0,0,19,0.3,11,0,0,18.5,0.6,13,0,0,18.7,1.1,13,,0,18.5,1,15,,0,18.6,0.8,0,,4,17.1,3.2,1,,1.5,17.3,2.6,1,,1,6.5,17.3,4.7,1,,7.5,17,3.3,2,,7.5,15.8,3.3,3,,5.5,15.2,2.7,2,,6.5,15.9,4.9,1,0,8.5,16.6,4.7,1,0,12,16.1,7.6,1,0,4.5,16.1,9.5,1,0,0,18.2,9.9,1,0.9,0,19.1,8,1,0.8,0,20,7.4,1,0.1,0,21.1,4.9,1,0.1,0,20.9,1.6,15,0,0.5,19.1,0.5,4,0,0,19.3,1.3,4,0,0,20.4,1.2,3,0.6,0,19.6,0.4,6,0.6,0,18.6,1.2,2,0.4,0,17.8,0.8,12,0,0,17.2,1.2,13,,0,17,0.1,16,,0,16.6,0.7,13,,0,16.4,0.8,13,,0,16.6,1.5,13,,1,0,16.3,1.3,13,,0,17.1,1.6,14,,0,18,0.9,9,,0,17.2,0.9,15,,0,16.2,0.9,10,0,0,18.1,0.4,2,0.5,0,19.3,2.3,1,0.6,0,20.9,1.9,2,0.8,0,21.6,1.3,3,1,0,21.4,1.3,3,0.9,0,19.7,1.2,3,0.5,0,19.2,0.9,4,0.3,0,20.5,1.7,5,0.9,0,22.3,0.9,3,1,0,20.6,4,1,0.8,0,19.7,4.6,1,0.4,0,18.7,6.2,1,0.3,0,18.5,4.9,1,0.8,0,17.5,5.4,1,0,0,17.3,6.4,1,,0,18,5,1,,0.5,16.7,5.5,1,,0,16.8,4.8,1,,0,15.7,4,1,,1,0,15.6,4.3,1,,0,15.7,3.6,1,,0,15.3,3.4,1,,2,14.7,2,1,,3,14.4,2.2,1,0,2.5,13.9,3.3,1,0,0.5,13.7,2.9,1,0,0,14.3,1.8,1,0,0,16.1,2.1,1,0.1,0,18.2,1.2,3,1,0,19,1.7,3,1,0,17.7,1.3,4,0.9,0,16.8,0.6,15,0.5,0,19.1,1.4,8,0.2,0,17.7,1.3,9,0.6,0,17.8,1.3,8,0,0,17.8,1.5,8,0.5,0,16.3,0.3,13,0,0,15.4,1,13,0,0,15.4,1.4,13,,0,15.3,1.7,13,,0,15.8,1.4,13,,0,15.9,1.4,13,,0,15.6,0.9,13,,1,0,15,1.4,13,,0,15.2,1,13,,0,14.8,1.4,13,,0,14.6,1.9,13,,0,14.6,0.2,16,0,0,16.9,0.5,12,0.6,0,18.9,1.4,9,1,0,20,2.6,8,1,0,22,2.5,8,1,0,22.9,1.8,8,1,0,21.2,4.3,9,1,0,22.1,3.6,9,1,0,23.6,2.7,9,1,0,23.5,2.1,9,1,0,23.3,1.8,8,1,0,22.1,1.8,9,1,0,20.8,1.6,9,1,0,19.5,1.5,9,0.6,0,19.1,1.1,9,0,0,19.4,1.5,8,,0,19.2,2,8,,0,18.8,1.8,8,,0,19.1,1.4,8,,0,19.2,1.3,9,,1,0,19.1,2,9,,0,18.4,0.6,6,,0,18,0.6,8,,0,17.8,0.9,12,,0,17.9,0.7,12,0,0,18.6,1.1,12,0,0,20,1.5,8,0.9,0,21.7,1.7,8,1,0,22.5,2.2,9,0.7,0,22.9,1.8,8,0.6,0,22.9,1.5,9,0.1,0,22.9,1.8,8,0.2,0,23.3,3.4,8,0.6,0,23.2,2.1,8,0.4,0,22.5,2.1,9,0,0,23.1,1.4,9,0.1,0,22.6,0.8,10,0.5,0,21,0.9,10,0.8,0,19.5,1,12,0,0,19.5,1,10,,0,19.9,1.4,10,,0,19.8,1.1,9,,0,19.6,0.9,9,,0,19.3,1.1,13,,1,0,19.5,1.2,12,,0,18.8,0.9,9,,0,18.1,0.7,9,,0,18.2,0.8,9,,0,18.7,0.9,10,0,0,19,1.2,8,0,0,20.3,1.3,9,0.3,0,20.6,2,9,0,0,20.8,2.5,9,0,0,22,3.3,9,0.3,0,21.6,2.7,9,0.4,0,21.2,1.6,9,0,0,20.9,2.1,9,0,0,20.7,1.5,9,0,0,20.4,1.8,9,0,0,21.1,1.5,9,0,0,19.6,3.1,9,0,0,19.8,1.7,9,0,0,19.7,1.6,9,0,0,19.3,1.8,8,,0,18.4,1.4,9,,3,17.3,1,9,,8.5,16.9,0.7,10,,8.5,17.4,0.9,11,,1,13,17.4,0.6,10,,25.5,18.3,0.8,9,,30,18.8,1,9,,15,18,0.7,1,,0.5,17.6,2.6,1,0,0,17.8,1.9,1,0,0,18,2.6,1,0,0,18.9,4.7,1,0,0,21,1.8,1,0,0,20.4,1,7,0,0,20.4,0.8,10,0,0,21.2,1.1,7,0.4,0,21.6,2.2,9,0,0,21.4,1.5,8,0,0,21.5,0.6,8,0,0,20.7,0.6,9,0.4,0,21.4,0.3,15,0,0,20.7,0.6,9,0,0,20.2,0.8,15,0,0,19.5,1.4,14,,0,19.2,1.1,13,,0,19.7,1.1,12,,0,19.1,1.4,14,,0,19.9,0.7,3,,1,0,18.9,0.9,8,,0,19.6,2,13,,0,18.1,1.7,15,,0,17.2,1.1,12,,0,17.5,1,11,0,0,18.1,0.2,16,0,0,18.7,0.3,3,0,0,20.1,1,4,0.4,0,22.5,1.3,3,1,0,23.2,1.5,3,1,0,23.7,1,3,1,0,22.4,1.1,4,1,0,22.6,1.5,8,0.9,0,21.7,1.2,9,0.4,0,22.1,1.1,9,0.2,0,21.7,1.3,9,0.8,0,20.8,1.3,9,0.5,0,21.3,0.7,10,0.3,0,19.4,0.2,16,0,0,18.3,0.8,13,,0,17.8,1.2,13,,0,17.2,0.8,13,,0,16.9,1.6,13,,0,16.5,1,13,,1,0,16.7,1.3,13,,0,15.3,1.4,0,,0,16.1,1.3,0,,0,15.9,0.8,14,,0,15.3,0.5,11,0,0,17.9,0.4,8,0.8,0,18.4,1.1,8,0.9,0,19.7,1.5,8,1,0,20.9,1.2,8,1,0,21.1,2.6,8,1,0,23.6,1.7,9,1,0,23.5,1.7,8,1,0,23.7,1.8,8,1,0,24.4,1.3,8,1,0,23.4,2,9,1,0,22.6,0.8,8,0.9,0,21.9,0.5,12,0.3,0,21.1,0.5,13,0.5,0,20.8,0.9,1,0,0,19.2,1,12,,0,18.8,0.6,13,,0,18.3,0.7,11,,0,18.4,0.3,9,,0,17.1,1,13,,1,0,17.1,1.2,15,,0,17.4,0.7,9,,0,16.9,1.3,15,,0,17.2,0.9,12,,0,17.3,0.5,14,0,0,18.3,0.3,12,0,0,19.7,0.9,8,0.4,0,20.3,1.4,9,0.9,0,21.5,1.2,3,1,0,22,1.2,7,1,0,22.4,1.3,6,1,0,25,1.7,8,1,0,24.7,1.9,9,1,0,24.9,2.4,8,1,0,26.4,3,9,1,0,25.2,0.7,9,1,0,23.7,0.9,9,0.9,0,22.6,0.5,12,0.8,0,21.3,0.6,11,0,0,20.1,0.7,11,,0,19.3,0.7,11,,0,19,1,12,,0,18.6,0.9,14,,0,18.6,0.7,14,,1,0,19.1,0.6,10,,0,19.3,1.4,13,,0,18.3,1.3,14,,0,18.4,1.3,0,,0,17.9,1.2,13,0,0,20.3,0.2,16,0.5,0,21.5,0.6,6,1,0,22.4,1.1,8,1,0,22.7,1.3,5,1,0,23.4,1.1,5,1,0,23.9,1.1,5,1,0,24.9,1.3,6,1,0,25.6,1.4,8,1,0,26.1,1.6,8,1,0,24.1,1.2,8,0.8,0,24.4,1.1,8,1,0,21.4,1.5,9,1,0,20.3,1.1,9,0.2,0,20.1,0.8,9,0,0,19.8,0.9,9,,0,19.2,0.2,16,,0,18.6,1.5,0,,0,18.6,0.5,1,,0,19.3,1,1,,1,0,19.2,0.3,7,,0,19.3,0.7,0,,0,18.3,0.9,13,,0,18.4,0.7,11,,0,18.3,0.8,2,0,0,20.5,1,8,0.6,0,21.2,0.7,4,1,0,22.5,0.9,3,1,0,24.3,0.8,3,1,0,23.2,1.2,6,1,0,24.2,1.9,8,1,0,23.9,2.6,8,1,0,24.6,2,8,1,0,23.4,1.8,8,1,0,23.2,1.9,9,1,0,22.7,1.7,9,1,0,22.1,1.5,9,1,0,20.9,1.1,9,0.7,0,20,1,9,0,0,19.4,0.4,9,,0,18.7,0.6,0,,0,18.3,1.1,13,,0,19.3,0.3,15,,0,19.2,0.3,10,,1,0,19.3,0.7,14,,0,19.6,0.6,10,,0,19,0.5,12,,0,18,0,16,,0,19.4,1,12,0.1,0,20.5,0.5,2,0.8,0,20.7,0.9,5,1,0,21.5,0.9,7,1,0,22.9,1.3,5,1,0,23.6,1.3,5,1,0,26.4,1.2,3,1,0,24.4,1.1,8,1,0,25.2,1.3,8,1,0,24.8,0.9,7,0.6,0,24.9,1.2,8,0.3,0,25,1.7,8,1,0,23.1,1.1,9,1,0,23.9,1.1,1,0.7,0,22.9,0.7,12,0,0,21,0.4,15,,0,20.2,0.8,8,,0,19.8,0.4,8,,0,19.8,2.2,1,,0,19.8,1.6,1,,1,0,19.4,1.1,0,,0,19.6,1,1,,0,19.3,0.8,2,,0,19.2,1.1,2,,0,19.2,1.4,1,0,0,19.4,0.5,2,0,0,19.6,1.5,1,0,0,20.6,1.4,2,0,0,20.9,2.5,2,0,0,22.9,2.5,2,0.8,0,23.8,3,2,1,0,23.9,2.7,2,1,0,24,2.6,2,1,0,23.9,1.5,3,1,0,22.6,1.3,8,0.9,0,21.8,1.1,9,0.4,0,21.4,0.8,9,0.2,0,20.4,0.3,11,0,0,19.5,0.1,16,0,0,19.2,0.2,16,,0,18.7,0.6,0,,0,18.7,0.8,14,,0,18.3,0.5,0,,0,17.9,0.3,12,,1,0,18.1,0.6,15,,0,17.9,1.2,14,,0,18.7,1.5,1,,0,18,1.3,1,,0,18.9,2.1,1,0,0,20,1.7,1,0,0,21.5,1.1,2,0.3,0,22.1,2,2,0.6,0,21.4,2.8,1,0.6,0,24.2,1.3,2,0.4,0,25.1,1.2,2,1,0,25.1,2,2,0.9,0,24.3,1.6,2,1,0,23,2.2,2,0.1,0,22.4,2.3,1,0,0,22.1,1,2,0.3,0,21.5,1.1,2,0,0,21.4,1.4,3,0,0,21,1.3,3,0,0,20.6,1.4,2,,0,20.4,2.5,1,,0,20.5,3.4,1,,0,20.2,3.6,1,,0,20,2.3,1,,1,0,19.9,3.9,1,,0,19.6,2.6,1,,0,19.7,3.4,1,,0,19.5,5,1,,0,19.3,4.7,1,0,0,19.3,6.1,1,0,0,19.2,5.1,1,0,2.5,18.1,6.6,1,0,2,18.1,7.5,1,0,2,18.2,7.5,1,0,0.5,18.6,7.1,1,0,0,19,5.7,1,0,0.5,18.8,6.4,1,0,0.5,18.5,6.6,1,0,7,16.9,2.8,2,0,1,16.4,6,1,0,2,16.6,3.8,2,0,0,16.4,4.4,1,0,2.5,16.6,5.1,1,0,1.5,16.6,5.8,1,,2,17.3,5.9,1,,3,17.4,6.2,1,,2.5,17.5,6.4,1,,5.5,17.8,5.9,1,,1,6.5,18,5.9,1,,5,18.1,6.3,1,,8,18.8,4.7,0,,1,19.3,4.1,0,,1.5,19.2,4.2,1,0,2,19.1,2.4,2,0,0.5,19.3,2.4,2,0,0,19.1,3.2,2,0,0,19.3,4.6,1,0,2,19.4,4,1,0,6,19.2,4.6,1,0,7.5,19.4,4.1,1,0,1.5,20.2,5.8,1,0,1,19.8,5.2,1,0,15.5,19.4,4.9,1,0,4.5,19.4,5.8,1,0,5.5,19.1,5.3,1,0,1.5,19.2,5.4,1,0,6.5,19.1,5.9,1,0,2,19.1,5.4,1,,5,19.3,7,1,,7.5,19.4,6.4,1,,8.5,19.2,6.9,1,,5,18.9,6.5,1,,1,7,18.8,5.6,1,,7,18.5,6.9,1,,17,18.4,6.6,1,,8.5,18.3,6.2,1,,22,18,6.6,1,0,25.5,17.5,7.4,1,0,20,17.7,7.2,1,0,5.5,17.8,7.7,1,0,6,17.8,7.4,1,0,2.5,18,7.4,1,0,0.5,18.3,7.6,1,0,0.5,18.9,7.8,1,0.2,0.5,18.9,7.4,1,0.1,0.5,19.1,6.5,1,0,0,18.9,7.1,1,0,0,18.7,6.1,1,0.2,0,18.6,9.2,1,0.1,0,18.7,8.2,1,0,0,19.1,8,1,0,0,19.6,7,1,,0,19.8,6.9,1,,0,20.1,3.7,1,,0,20.5,2.8,1,,0,20.3,1.5,1,,1,0,19,0.3,11,,0,18,1.2,14,,0,17.5,1.2,13,,0,17.1,0.8,12,,0,17.5,0.6,0,0,0,18,0.9,0,0,0,19.6,0.7,5,0.9,0,20.1,0.5,5,1,0,21.6,1.9,4,1,0,22.3,1.5,7,1,0,23.5,2.4,8,0.7,0,24.6,0.9,9,0.4,0,23.3,2.5,8,1,0,23.5,2.2,8,1,0,22.4,1.9,9,1,0,22.8,1.5,9,1,0,22.7,1,9,1,0,21.4,0.4,10,0.5,0,20.2,0.2,16,0,0,19.1,0.5,13,,0,19.4,0.8,13,,0,20.2,0.9,7,,0,18.9,0.1,16,,0,19,1.2,14,,1,0,18.9,0.4,11,,0,19.1,1.5,13,,0,19.2,0.9,13,,0,19.1,1,15,,0,19.5,0.3,2,0,0,20.9,0.5,3,0.3,0,21.9,1.2,1,0.6,0,22.7,1,2,0.8,0,24.4,1,3,1,0,24.8,0.8,3,1,0,25.7,1,3,1,0,24.4,1.2,2,0.5,0,24.1,0.7,3,0,0,24,0.9,4,0.9,0,24.1,1,7,1,0,23.1,0.7,8,1,0,22.3,0.8,7,1,0,22,0.7,8,0.2,0,21.2,0.3,13,0,0,21,0.4,15,,0,20.5,0.6,15,,0,20.2,1,14,,0,20,1.2,0,,0,20.5,0.5,4,,1,0,20.4,1.2,0,,0,20.3,1.1,0,,0,20.6,0,16,,0,20.4,0.5,11,,0,20.1,0.9,15,0,0,21.1,1.9,1,0.1,0,21.7,1.7,2,0.1,0,23,1.2,2,0.1,0,24.3,1.5,2,0.1,0,24.8,1.2,3,0.6,0,25.7,1.4,3,1,0,25.3,1.3,2,1,0,25.5,1,3,1,0,24.2,1.3,3,0.9,0,23.9,1.4,4,0.9,0,23,1.4,4,1,0,22.5,0.9,8,0,0,22.4,0.4,11,0,0,22,0.9,13,0,0,21.5,0.9,13,,0,21.2,1.1,14,,0,20.8,0.6,12,,0,20.5,1,15,,0,20.7,1,15,,1,0,20.6,0.9,15,,0,20.8,1.9,0,,0,20.6,1.4,0,,0,20.9,1.3,1,,0,21.2,1.9,0,0,0,21,1.8,1,0,0,21,3.6,1,0,0,21.2,4.4,1,0,0,21.3,3.5,1,0,2.5,20.8,3.6,1,0,0.5,21,5.5,1,0,0,21,5.2,1,0,2,20.8,5.2,1,0,2,20.4,6.2,1,0,1.5,19.8,4.6,1,0,5.5,20,4.9,1,0,5.5,19.8,4.5,1,0,1.5,20.1,5.3,1,0,0.5,20.3,5,1,0,7.5,20.8,6.4,1,,1,20.8,5.2,1,,6,20.5,5.3,1,,4,19.7,6,1,,3,19.8,9.5,1,,1,3,19.9,7.9,2,,1.5,19.8,9.4,1,,0.5,20.2,7.6,1,,0,20.6,8.5,1,,0,20.5,6.8,1,0,0,21,4.3,1,0,0,22.4,5.7,1,0,0,23,6.1,1,0,0,23.4,2.2,0,0,0,24.1,0.9,9,0,0,22.6,1.3,9,0.3,0,22.7,0.7,8,0,0,23,1,9,0,0.5,24.3,2.2,8,0.1,0,23.7,1.6,9,0,0,23.5,2.4,9,0.2,0,22.1,1.4,9,0,0,22.5,1,9,0.1,0,21.7,0.5,10,0,0,22.3,1,11,,0,22.5,1.1,8,,0,22.7,0.8,8,,0,21.4,0.4,7,,0,21.5,0.7,11,,1,0,21.3,0.9,11,,0,21.8,1.8,10,,0,22.4,1.7,11,,0,23,1.4,11,,0,22,1,10,0.2,0,22.6,1.3,9,0.9,0,23.3,1.2,9,0.9,0,24.9,1.6,9,1,0,25.4,1.7,9,1,0,25.8,1.6,9,1,0,26.8,1.7,10,1,0,26.9,1.8,10,1,0,28.1,1.5,9,1,0,28.1,1.3,9,1,0,26.9,1.8,10,1,0,26.3,1.7,12,1,0,25.3,1.5,11,1,0,24.2,1.8,11,1,0,23.4,1.9,12,0,0,22.6,2.1,11,,0,22.4,2.5,12,,0,21.8,2.4,13,,0,22.5,1.6,12,,0,22.3,1.6,12,,1,0,22.3,1.2,12,,0,20.8,1.6,12,,0,20,0.6,4,,0,18.2,1.5,14,,0,19.2,1.2,14,0.3,0,20.8,2.1,13,0.8,0,22.9,0.6,11,0.8,0,23.9,0.4,3,1,0,24.2,0.7,3,1,0,25.6,2.1,8,1,0,27.4,2.6,9,1,0,28,1.7,9,1,0,28.4,1.8,8,1,0,26.9,1.7,11,1,0,26.4,1.4,10,1,0,25.6,1.8,12,1,0,24.7,2.2,13,0.6,0,23.8,1.9,12,0.2,0,22.7,1.7,12,0,0,22.5,2.3,12,,0,22.3,2.4,12,,0,22.4,2.7,13,,0,22.3,3,13,,0,23.1,2.1,13,,1,0,20.9,0.9,0,,0,20.3,1.6,15,,0,20.2,2.4,1,,0,19.2,0.9,2,,0,19.9,2.4,1,0.1,0,20.6,2.8,1,0.8,0,21.6,2.2,2,0.9,0,23,1.4,2,1,0,24.5,1.4,2,1,0,25.5,1.4,2,1,0,26.7,1.2,3,1,0,26.2,1,3,1,0,25.3,1.8,8,1,0,25.4,1.9,8,1,0,25.7,1.2,9,1,0,23.9,1.8,9,1,0,23.4,0.9,9,0.8,0,23.3,1.5,12,0.7,0,21.8,0.6,13,0,0,20.2,0.2,16,,0,21.4,1.2,13,,0,19.7,0.2,16,,0,19.4,0.2,16,,0,18.7,0.3,12,,1,0,18.6,1.2,13,,0,18.2,1.3,0,,0,18.5,0.4,2,,0,18.1,0.7,2,,0,17.8,1.1,13,0,0,20.3,0.3,11,0.8,0,22.6,0.7,4,0.9,0,24.5,1.2,2,1,0,25.8,1,3,1,0,26.3,1.4,2,1,0,26.3,1,3,1,0,25.2,1.6,8,1,0,24,1.8,8,1,0,24.1,1.8,8,0.9,0,23.5,1.4,9,0.7,0,23,1.7,9,0.2,0,23.2,1,9,0.3,0,21.5,0.7,10,0.3,0,20.7,0.2,16,0,0,20.2,0.4,12,,0,19.1,0.8,13,,0,18.9,0.6,12,,0,19.1,0.4,11,,0,19.1,1.3,13,,1,0,18.6,1.1,14,,0,18.4,1.3,14,,0,19,1.2,15,,0,18.5,1,14,,0,19.2,0.8,0,0,0,20.9,0.6,3,0,0,21.5,0.4,3,0,0,22.9,1.1,2,0.2,0,22.3,1.1,4,0.3,0,23.7,1.1,4,0.8,0,22,0.8,7,0.6,0,23.7,1.2,8,0.7,0,23.7,1.7,8,0.2,0,23.5,1.7,8,0,0,23.6,1.5,8,0,0,22.8,1.1,8,0,0,21.9,0.8,9,0,0,21.5,0.7,10,0,0,21,0.3,9,0,0,20.5,0.2,16,,0,20.2,0.1,16,,0,20.5,1.1,13,,0,19.7,0.8,12,,0,19.4,0.6,3,,1,0,19.4,0.6,4,,0,19.5,0.4,12,,0,19.7,0.6,15,,0,20.1,1.5,0,,0,20.1,0.5,2,0,0,20.2,1.7,1,0,0,19.7,0.8,1,0,1,19.1,0.3,10,0,3,18.7,0.6,3,0,1,17.3,2.5,1,0,1.5,16.7,3.3,1,0,1.5,16.6,4.2,0,0,1.5,18.3,2.7,0,0,0.5,19.1,3.5,1,0,0,20.7,3.3,1,0.1,0,20.6,3.9,1,0,0,20.4,4.2,1,0,0,20.4,3.6,1,0,0,20.4,3.9,1,0,0,20.5,2.6,1,,0,20.6,3.3,1,,0,20.6,3,1,,0,20.7,3.4,1,,0,20.3,2.9,1,,1,0,19.9,1.3,2,,0,19.4,0.2,16,,0,18.9,1,0,,0,19.2,1.4,1,,0,19.5,2.2,1,0,0,20.2,0.5,2,0.1,0,21.3,1.2,2,0,0,23.7,1.2,2,0.3,0,24.1,1,2,1,0,24,1.7,3,1,0,24.9,1.3,3,1,0,23.8,1.3,8,1,0,25,1.6,8,1,0,24.5,1.6,8,1,0,24.2,2.1,8,1,0,23.6,2.1,8,1,0,22.7,1.5,9,1,0,21.7,0.2,16,1,0,20.2,1,13,0,0,19.7,1.4,13,,0,20.4,1.5,13,,0,19.4,0.7,13,,0,19.1,0.9,14,,0,19.2,0.3,12,,1,0,18.6,1,13,,0,17.6,0.4,13,,0,18.4,1.3,13,,0,19,1.4,13,,0,19.3,1.8,13,0,0,20.5,0.3,10,0.7,0,21.7,2.3,9,0.8,0,23,2.5,8,1,0,22.7,1.3,8,1,0,23.2,2.5,8,1,0,23.7,3.4,9,1,0,23.6,3.1,8,1,0,24.3,3.6,8,1,0,23.8,4.1,9,1,0,25.4,3.6,9,1,0,25.5,1.5,8,1,0,24.6,1.2,9,0.9,0,23.5,1.1,9,0.8,0,22.2,0.7,10,0,0,20.7,0.3,15,,0,20.6,0.5,8,,0,20.7,0.3,9,,0,20.7,0.3,5,,0,20.5,0.5,9,,1,0,20.2,0.5,10,,0,20.1,0.7,13,,0,19.9,0.2,16,,0,19.9,0.2,16,,0,20.2,0.3,12,0,0,20.7,0.3,14,0,0,22,0.4,8,0,0,22.9,1,9,0,0,23.5,0.4,5,0,0,24.5,1.3,7,0.3,0,24,2.3,8,0.3,0,25.2,1.9,8,0.6,0,23.8,2.3,9,0.6,0,23.7,2.3,9,0.1,0,23.4,1.6,9,0,0,23.5,2.5,9,0.3,0,22.6,0.6,10,0,0,22,0.5,9,0.2,0,21.4,0.2,16,0,0,21.1,0.3,10,,0,20.9,0.4,13,,0,20.2,0.6,12,,0,20.8,1,13,,0,20.7,0.8,14,,1,0.5,19.9,0.9,0,,0.5,19.6,1.2,0,,1,20,1.8,1,,1.5,19.8,3,1,,2,19.5,2.2,2,0,0.5,18.2,3,1,0,0,18.4,3.1,1,0,0.5,19.5,3.6,1,0,1.5,19.5,3.5,1,0,0.5,20.1,3.8,1,0,0,20.9,3.5,1,0,0,20.8,4.5,1,0,0,21.4,3.5,1,0,0,22.2,2,1,0,0,21.6,3.1,1,0,0,21.7,1.4,1,0,0,21.4,0.9,1,0,0,20.9,0.2,16,0,0,20.4,0.5,12,0,0,20.1,1.4,13,,0,20.4,1.2,13,,0,20,1.2,14,,0,19.6,1.4,13,,0,19.4,1.4,14,,1,0,19.6,1.2,14,,0,19.4,0.4,13,,0,19.5,1,13,,0,19.3,1,0,,0,19.1,0.4,10,0,0,20.7,0.1,16,0,0,21.4,0.4,4,0.1,0,21.9,0.7,3,0.3,0,22.5,1.1,4,0.5,0,23.9,1.2,4,0.8,0,25,0.7,3,1,0,23.3,1.6,8,1,0,23.4,1.5,8,0.7,0,25.5,2,8,0.7,0,24.3,2.6,8,1,0,22.8,2,9,0.9,0,22.2,0.9,9,0,0,21.9,0.6,9,0,0,21.1,0.3,11,0,0,20.5,0.1,16,,0,20.2,0.2,16,,0,19.9,0.5,13,,0,20.2,0.6,13,,0,19.9,1,14,,1,0,19.7,0.1,16,,0,19.6,0.7,13,,0,19.4,1,14,,0,19.5,1.1,13,,0,19.4,0.5,0,0,0,20.2,0.6,0,0,0,21.8,0.8,9,0.1,0,22.3,0.9,4,0.1,0,23,0.5,3,0.1,0,24.3,0.8,3,1,0,23.1,0.6,3,0.5,0,22.5,1.5,5,0.5,0,24.5,1.5,8,0.5,0,25.1,2.1,8,0.8,0,24.5,2,8,1,0,23.1,1.8,9,0.9,0,22,0.4,4,0,8,20.7,1.2,14,0,0,19.9,0.8,11,0,0,19.4,1.7,13,,0,19.1,1.4,15,,0,19.7,1.4,0,,0,19,0.5,12,,0,18.7,1.6,13,,1,0,18.5,0.7,13,,0,18.4,1.2,13,,0,18.5,1,13,,0,18.4,1.1,15,,0,18.7,0.9,0,0,0,20.3,0.9,0,0.4,0,21.9,1.1,2,0.7,0,22.5,1,2,0.5,0,23.1,0.8,3,0.6,0,23.9,0.8,3,0.8,0,24.8,1.5,3,0.9,0,24,1.2,6,0.9,0,24.1,1.2,7,1,0,24.3,2,8,0.8,0,23.8,1.7,8,0.5,0,23.3,1.3,8,0,0,23.8,1.6,8,0.3,0,22.4,0.5,8,0.2,0,21.7,0.2,16,0,0,21.3,0.6,9,,0,20.8,0.8,13,,0,20.6,0.8,14,,0,20.2,1.2,14,,0,19.8,0.5,1,,1,0,19.8,1.2,15,,0,20.3,1,15,,0,19.8,0.4,11,,0,20.3,2.7,1,,0,20.3,2.4,1,0,0,20.9,3.2,1,0.2,0,22.3,2.8,1,0.6,0,23.1,2.7,2,1,0,23.8,2.8,2,1,0,24,2.3,2,1,0,25.4,1.7,2,1,0,26.1,1.1,2,1,0,26.2,1.2,2,1,0,25.7,1,3,1,0,24.9,1.2,4,1,0,24.1,1.1,3,0.9,0,23.3,0.6,3,1,0,22.9,0.4,3,0.6,0,21.8,0.3,15,0,0,21.3,0.5,15,,0,21.6,2,0,,0,21.6,2.6,1,,0,21.5,1.7,1,,0,21.4,1.8,1,,1,0,21.3,1.1,0,,0,21.3,1.6,0,,0,21.1,2.4,1,,0,21.2,3.4,1,,0,21.2,3.4,1,0,0,21.4,3.3,1,0,0,21.5,4.1,1,0,0,22.3,3.8,1,0,0,22.9,3.9,2,0,0,22.6,4,1,0,0,23.3,4.5,2,0,0,22.6,3.8,1,0,0,21.1,1.9,2,0,0.5,20.1,4.2,1,0,0.5,20.4,3.7,1,0,0.5,21.1,3.7,1,0,0,21.6,2.7,1,0,0,21.7,2.9,1,0,0,21.6,3.3,1,0,0,21.5,3.4,1,,0,21.6,3,1,,0,21.8,3.7,1,,0,21.6,3,1,,0,21.3,3.7,1,,1,0,21.2,3.1,1,,0,21.1,3.1,1,,0,21.1,4,1,,0,21.2,3.1,1,,0,21.2,3.3,1,0,0,21.2,4.3,1,0,0,21.2,4.4,1,0,2,21,3.4,1,0,0.5,21,3.8,1,0,0.5,20.9,4.6,1,0,1.5,20.9,4.4,1,0,0,21,4.1,1,0,2.5,20.8,3.1,2,0,0.5,21.1,3.8,1,0,1,21,4.8,1,0,0,21.1,5.6,1,0,1,21.1,6.2,1,0,0.5,21,5.9,1,0,0,21.2,4.9,1,0,0,21.1,4.5,1,,0.5,21,4.6,1,,0,21.2,4.9,1,,0,21.3,4.6,1,,0,21.6,4.7,1,,1,0,21.5,4.4,1,,0,21.4,2.3,1,,0,21.2,0.6,10,,0,20.9,0,16,,0,20.9,0.2,16,0,0,21.2,0.1,16,0,0,22.3,0.8,7,0.5,0,22.8,0.7,6,0.2,0,25.6,1.4,9,0.7,0,26.2,1.3,3,1,0,26.8,1.2,3,1,0,27.6,1.2,3,1,0,26.7,0.9,3,0.6,0,27.1,0.8,3,0.8,0,26.1,1,5,1,0,27.3,1.2,8,1,0,27,1.3,11,1,0,25.4,0.9,3,1,0,23.2,0.8,3,0,0,23,1.5,0,,0,22.7,1.2,0,,0,22,1.8,1,,0,21.6,0.8,0,,0,22.2,2.4,1,,1,0,22.3,4.1,1,,0,21.7,5.2,1,,0,21,2.9,2,,0,20.8,3.2,2,,0,20.9,3.8,1,0,0,21.2,3.6,1,0,0,21.6,2.7,2,0,0,21.4,2.7,2,0,0,22.9,1.6,2,0.3,0,25,2.7,1,0.9,0,24.7,1.2,3,1,0,24.5,1.8,3,0.7,0,24.7,1.7,3,0.9,0,24.7,1.6,8,1,0,23.1,1.2,8,0.5,0,22.2,1.7,8,0,0,22,1.1,8,0,0,21.8,0.7,8,0,0,21.3,1.2,9,0,0,21.1,0.9,9,,0,20.9,0.2,16,,0,20.8,0.4,8,,0,20.7,0.1,16,,0,20.7,0.3,10,,1,0,20.5,0.8,12,,0,20.4,0.9,3,,0,19.8,0.8,10,,0,20,0.4,10,,0,19.9,0.8,0,0,0,21.4,0.8,2,0,0,23.1,2.9,1,0.3,0,23.8,2.3,2,0.8,0,24.1,2.1,2,0.3,0,24.7,2.9,2,0.9,0,24.6,2.6,2,0.9,0,26.5,2.1,2,1,0,25.8,1.1,2,0.8,0,26.3,1.1,3,0.6,0,25.6,0.9,3,1,0,24.7,1.1,8,1,0,23.8,0.4,10,0.5,0,23.6,0.1,16,0.9,0,22.2,0.9,9,0,0,21,0.8,14,,0,21,1.2,13,,0,20.8,1,13,,0,20.7,1,15,,0,20.8,0.8,14,,1,0,20.4,0.9,14,,0,20.5,1.1,14,,0,20.8,1.5,0,,0,21.3,1.1,1,,0,21.4,2.3,1,0,0,22.2,2.1,1,0.3,0,22.9,2,2,0.3,0,24.1,2.2,2,0.7,0,25,1.8,2,0.9,0,26.1,1.4,3,1,0,25.9,0.9,3,1,0,22.8,1.1,6,0.5,0,24.1,1.4,7,1,0,25,1.5,8,1,0,24.5,1.3,8,0.5,0,24.7,1.5,8,1,0,23.7,1.7,8,1,0,23.1,0.5,10,0.2,0,21.9,0.2,16,0,0,21.6,0.6,14,,0,21.5,1.1,13,,0,20.9,1.5,14,,0,20.9,0.3,0,,0,20.8,1.1,15,,1,0,20,1,14,,0,20.3,1.3,14,,0,19.8,0.9,14,,0,20.1,1.1,14,,0,20.2,0.9,13,0,0,21.2,0.7,15,0,0,22.3,0.3,10,0,0,23.5,0.8,8,0.1,0,23.8,1.4,8,0.8,0,23.7,1.4,8,0,0,25,1.6,8,0.2,0,24.3,2.2,8,0,0,23.9,2.5,8,0,0,23.7,1.4,9,0,0,23.6,1.8,9,0,0,23.5,1.6,9,0,0,22.8,1.2,9,0,1,22.1,1.1,9,0,2,20.5,0.9,13,0,2,19.7,2,14,,2,20.2,1,13,,2.5,20.2,0.8,12,,2.5,19.2,0.8,12,,1,19.3,0.7,13,,1,9,19,1,15,,9,19.5,1.6,0,,5.5,19.4,2.9,1,,5,19.8,4,1,,0,20.5,4.6,1,0,0,20.9,4.3,1,0.1,0,22.1,5.2,1,0.5,0,23.8,4.1,1,1,0,23.5,4.2,1,0.3,0,23.8,2.8,1,0.1,0,23.7,2.8,2,0,0,23.6,3.7,1,0,0,23,5.4,1,0,0,23.5,4.4,1,0,0,23.4,4.5,1,0,0,23.2,4.4,1,0,0,22.6,4.5,1,0,0,22.4,4,1,0,0,21.9,4.6,1,0,0,21.5,4.5,1,,0,21.5,4.5,1,,0,21.4,3.7,1,,0,21.3,4.8,1,,0,21.2,5.3,1,,1,0,21,4.8,1,,0,20.8,5.5,1,,0,20.9,5.8,1,,0,20.7,5.7,1,,0,20.9,5.5,1,0,0,20.4,5.4,1,0,0,20.7,5.2,1,0,0,20.7,4.4,1,0,0,20.7,5.1,1,0,0,20.7,4.4,1,0,0.5,21,4.6,1,0,0,21.6,4.9,1,0,0,21.8,4.8,1,0,0,21.3,5.3,1,0,0,22.9,4.9,1,0,0,23.3,4.2,1,0.8,0,22.1,5.4,1,0.2,0,21.8,4.7,1,0,0,21.8,4.1,1,0,0,21.9,4.5,1,,0,22,4.2,1,,0,21.9,3.9,1,,0,22,4.2,1,,0,21.8,4,1,,1,0,21.7,3.7,1,,0,21.5,3.8,1,,0,21.2,3,1,,0,21.3,3.5,1,,0,20.8,4.6,1,0,0,21.6,3.6,1,0.2,0,22.6,2.5,2,0.9,0,22.8,2.4,2,1,0,24.1,2.1,1,0.9,0,24.3,0.7,3,0.6,0,24.1,0.9,3,0.1,0,25.2,0.6,3,0.3,0,24.6,0.6,3,0,0,24.2,0.7,5,0,0,23.4,0.7,7,0,0,23,0.6,7,0,0,23.5,0.7,9,0,0,22.7,0.1,16,0,0,22.3,0.1,16,0,0,21.7,0.1,16,,0,21.5,0.8,13,,0,21.6,0,16,,0,20.9,1,13,,0.5,21.2,0.6,13,,1,3,20.8,0.2,16,,4.5,20.6,0.3,13,,1,20.5,0.1,16,,0.5,20.5,0.2,16,,0,20.4,0.8,13,0,1,20.3,0.2,16,0,3,20.5,0.4,10,0,4.5,20.8,1,13,0,3,21.9,0.7,8,0,0.5,22.8,0.9,9,0,0,24.2,1.1,8,0,0,25.3,1.2,9,0.5,0,26.9,1.6,9,0.3,0,26.9,1.7,9,0.9,0,26.1,1.4,9,0.1,0,25.6,1.3,10,0.5,0,25.4,1.5,9,0.3,0,24.8,1,8,0,0,24.2,1.3,9,0,0,24.9,1.1,9,,0,24.3,0.7,7,,0,25,1,11,,0,25.2,0.9,10,,0,24.8,1,10,,1,0,24.6,1.5,7,,0,23.7,0.9,8,,0,24,1.2,8,,0,24,1.2,15,,0,23.5,2.3,1,0.1,0,24.2,1.1,2,0.9,0,25.1,0.9,2,0.9,0,25.7,1.8,2,1,0,26.2,1.2,2,1,0,26,1.6,2,0.4,0,26.9,1.9,2,0.9,0,25.7,2.5,1,0.2,0,25.3,1,3,0,0,25.7,1.3,4,0.3,0,23.8,1.3,9,0,0,24.1,0.7,9,0,0,23.7,0.5,8,0,0,23.8,0.8,9,0,0,23.5,0.6,11,0,0,22.7,0.6,0,,0,22,1.5,13,,0,22,0.6,9,,0,22.7,0.6,13,,0,23.1,0.5,13,,1,0,23.3,0.3,2,,0,22.8,0.3,14,,0,22.8,0.1,16,,0,22.9,1.1,2,,0,22.6,0.1,16,0,0,23.4,0.4,3,0,0,23.9,0.9,7,0,0,26.2,0.7,3,0.3,0,25.7,1.1,8,0.7,0,26.9,2,8,0.6,0,26.8,1.3,10,0.8,0,27.7,1.4,9,0.7,0,31.5,1,8,0.4,0,28.8,1,5,1,0,27.7,0.7,2,0.3,0,26.6,0.5,4,0.3,0,25.7,0.6,3,0,0,25.5,0.9,1,0,0,24.1,1,2,0,0.5,23.8,0.4,3,,0.5,23.6,1.9,1,,0,23.2,0.9,1,,0,23.2,1.4,8,,1,23.5,0.2,16,,1,1,23.3,0.3,12,,0,23.1,0.3,10,,0,23.5,0.6,12,,0,24.1,0.6,9,,1,24,0.4,8,0,0.5,24.3,0.6,9,0,0,25.2,0.6,8,0.1,0,25.3,1.5,9,0,0,25.3,2.5,9,0,0,26,1.5,8,0,0.5,26,1.5,9,0,0,25.4,2.4,9,0,0,24.7,3.5,9,0,0,24.7,3.5,9,0,0,24.6,2.3,9,0,0.5,24.4,2.3,9,0,0,24.6,2,9,0,0,24.4,2,9,0,0.5,24.6,1.7,9,0,0,24.6,1.6,9,,0,24.4,1.5,9,,4,22.9,6.1,9,,0.5,23.1,6.7,9,,0,22.8,1.4,9,,1,1,23,1.3,9,,1,23.1,0.9,9,,2,23.2,0.1,16,,0,23.1,0.5,9,,0,23.2,0.3,11,0,0,24,0.5,12,0.1,0,25.1,1.2,8,0.9,0,25.4,0.8,4,0.4,0,27.7,1.4,8,0.9,0,29.3,0.8,2,1,0,30.8,1.2,10,0.8,0,31.1,1.2,11,1,0,32.4,1.6,9,1,0,32.1,2.1,13,1,0,31.8,1.5,10,1,0,31.9,1,8,1,0,30.2,1.7,8,0.9,0,29.1,1.4,10,1,0,28.9,1.6,12,0,0,28.9,1,6,,0,25.7,1.1,14,,0,25.5,0.4,11,,0,26.1,1.4,0,,0,26,1.6,0,,1,0,26.2,2.1,1,,0,25.6,0.8,9,,0,25.1,0.6,4,,0,24.1,0.2,16,,0,26.3,3.3,1,0,0,26.6,4,1,0.2,0,27.4,2,2,0.8,0,28.8,2.3,2,1,0,28.3,3.4,1,1,0,30.6,1.1,2,1,0,29.6,1,3,1,0,27.2,1,8,0.8,0,29.7,1.2,8,0.8,0,28.9,1.5,8,0.9,0,29.1,1.3,8,0.9,0,28.2,0.6,10,0.5,0,27,0.5,9,0.3,0,26.3,0.2,16,0,0,25.3,1.4,13,0,0,25.2,1.3,13,,0,24.8,1.1,13,,0,24.4,1.1,1,,0,23.6,1.1,0,,0,23.3,0.7,13,,1,0,23.9,0.9,1,,0,23.6,0.6,1,,0,23.2,0.5,15,,0,23.1,0.2,16,,0,23.4,0.6,7,0,0,23,0.8,8,0,0,24.3,0.2,16,0,0,25.2,0.6,9,0,0,23.9,0.9,9,0,0,25.8,0.8,7,0.1,0,25.1,0.9,9,0,0,25,0.4,10,0,0,24,0.5,12,0,1,23.4,0.3,10,0,1.5,23,0.6,9,0,0,24.1,0.5,8,0,0,24.8,1.1,9,0,1.5,25,1,9,0,0.5,25.1,1.2,10,0,0.5,25.1,1.1,9,,0,25.2,1.4,9,,0,25.2,1.2,9,,0.5,25.3,1.3,10,,0,25.3,1.5,9,,1,0,25.4,1.3,9,,0,25.5,1.2,9,,0,25.5,1.2,9,,0,25.5,0.9,4,,0,25.4,0.9,13,0,0,26.3,1,9,0.1,0,27.5,1.4,9,0.9,0,28.8,1.4,9,1,0,28.8,1.5,9,1,0,30.4,1.6,8,1,0,30.1,1.4,10,0.3,0,30.9,1.3,8,1,0,31.8,1.7,9,1,0,31.9,1.2,9,1,0,31.6,1.7,9,1,0,31.2,1.3,8,1,0,30.3,1.2,9,1,0,28.9,0.9,4,1,0,27.4,1,8,0,0,25.1,0.6,11,,0,25.1,0.5,11,,0,25.9,0.6,10,,0,26.5,1.4,8,,0,25.5,0.8,0,,1,0,24.4,0.5,1,,0,23.8,0.4,3,,0,23.8,0.9,2,,0,23.8,0.3,3,,0,23.8,1.4,2,0,0,24.7,2.7,1,0.2,0,25.9,2.6,2,0.8,0,27.2,1.8,2,1,0,27.3,2.1,2,1,0,27.9,1.3,2,1,0,28.6,1,2,1,0,28.9,1.1,3,1,0,27,0.8,7,1,0,25.8,1.5,8,1,0,26.8,1.5,8,1,0,27.2,0.8,9,0.4,0,25.5,1.5,8,0.6,0,25.1,0.7,9,1,0,24.4,0.3,11,0,0,23.6,0.1,16,,0,23.3,0.3,10,,0,22.9,0.5,15,,0,22.9,0.3,10,,0,22.4,0.2,16,,1,0,22.1,0.7,13,,0,22.4,0.7,12,,0,22.1,0.7,13,,0,22.1,0.6,0,,0,23,0.6,10,0,0,23.9,0.3,3,0.7,0,25.1,0.7,6,1,0,26,1.4,8,1,0,26.6,1.1,7,1,0,28.5,1.6,8,1,0,29.1,1.5,9,1,0,29.5,3.1,8,1,0,33.5,1.3,8,1,0,31.6,3.7,9,1,0,30.9,2.1,8,1,0,30.1,1.9,8,1,0,28.6,1.6,9,1,0,27.4,1.1,9,1,0,26.7,1.9,10,0,0,26.5,1.8,11,,0,26.4,1.6,11,,0,26.1,1.5,10,,0,26.1,1.4,11,,0,26.4,1.4,10,,1,0,27.8,1.3,10,,0,24.2,1.8,9,,0,24.1,1.1,15,,0,24.9,0.6,2,,0,23.9,0.8,15,0,0,25.2,0.5,9,0.4,0,26.8,0.8,9,1,0,27.7,1.6,8,1,0,28.9,1.1,4,1,0,27.6,1.8,2,0.9,0,27.2,1.2,2,0,0,26.5,1,2,0,0,23.6,1,8,0,0,23.5,0.7,9,0,0,23.7,1.1,8,0,0,23.2,0.5,5,0,0,23.4,0.5,7,0,0,23,0.3,4,0,0,23,0.6,1,0,0,22.9,0.3,3,,0,23.2,0.7,2,,0,23.2,0.3,2,,0,23,0.2,16,,0,22.9,0.9,1,,1,0,23,0.4,8,,0,22.9,1.4,9,,0,22.8,0.2,16,,0,23.1,0.4,11,,0,23.3,0.5,14,0,0,23.8,0.7,3,0,0,23.5,2.1,1,0,0,24.5,2.5,1,0,0,25.4,2.3,2,0.1,0,25.6,3.5,1,0,0,24,3.8,1,0,0,25.2,3.2,1,0,0,26,3.3,1,0,0,25.5,2.2,1,0,0,25.3,2.1,2,0,0,25.4,1.4,1,0,0,25.3,0.9,2,0.1,0,24.6,0.9,2,0,0,24.2,0.8,1,0,0,23.8,0.1,16,,0,23.6,0.2,16,,0,23.4,0.1,16,,0,23.1,0.5,11,,0,22.9,0.1,16,,1,0,23.3,0.9,1,,0,23.2,3.5,1,,0,22.9,4.8,1,,0,22.8,3.9,1,,0,22.5,3.5,1,0,0,22.7,1.8,2,0,0,22.9,3.8,1,0,0,23.9,1.2,2,0,0,24.1,1.6,2,0,0,24.7,0.9,3,0,0,23.7,0.7,2,0,0.5,23.6,0.5,2,0,0,23.6,0.8,6,0,0,23.4,0.5,7,0,1,22.9,0.9,0,0,12.5,21.6,0.8,11,0,4,21.6,0.7,13,0,1.5,21.1,0.6,0,0,0,20.3,1,13,0,0.5,20,0.9,12,,0.5,20.2,1.5,13,,0,20.1,1.3,13,,0,20.1,1.1,15,,0,20.3,1.2,13,,1,0,20.4,1.1,14,,0,20.7,1,13,,0,20.3,1.1,13,,0,20.3,1,15,,0,20.8,1.1,1,0,0,21.5,2,1,0,0,21.6,2.9,1,0,0,22.8,3.7,1,0,0,22.9,3.1,1,0,0,24,1.5,2,0,0,24.5,1.8,2,0.1,0,26,1.7,2,0.5,0,27.2,0.8,3,0.5,0,25.2,0.8,3,0.2,0,26.2,0.5,2,0.4,0,24.4,0.3,6,0.3,0,24.1,0.3,11,0.1,0,23.8,0.4,10,0,0,22.8,0.7,12,0,0,22.7,0.4,14,,0,22.8,0.8,14,,0,22.4,1.1,14,,0,21.7,1.2,13,,0,21.5,0.2,16,,1,0,21.9,1.7,1,,0,21.9,1.8,0,,0,21.4,0.9,15,,0,21,0.8,13,,0,21,1.1,15,0,0,22.4,1.2,1,0.3,0,24.7,0.4,2,0.8,0,24.8,1.1,2,0.4,0,26.3,1.1,3,1,0,26.8,1.7,3,0.9,0,27.4,1.3,3,1,0,26,1.8,4,1,0,24.5,1.2,4,0.3,0,25.8,1.1,7,0.2,0,25.6,1.1,8,0.7,0,25.1,1.3,9,0,0,24.5,1.1,8,0,0,24.6,0.8,8,0,0,24.2,0.3,11,0,0,23.9,0.5,13,,0,23.7,0.7,13,,0,23.2,0.6,13,,0,23.1,1,13,,0,22.9,0.2,16,,1,0,22.7,1,14,,0,23,1.2,13,,0,22.6,0.4,13,,0,22.4,0.5,12,,0,22.3,0.7,1,0,0,24,0.1,16,0.2,0,24.8,0.8,7,0.8,0,27,1.3,8,1,0,28.6,1.4,8,1,0,30.1,1.3,9,1,0,27.5,1.2,4,0.8,0,27.3,1.4,4,0.2,0,28.3,3,9,1,0,29.6,3.6,8,1,0,30.3,2.7,8,1,0,30,0.9,8,1,0,28.1,0.8,11,0.6,0,27,0.3,11,0.2,0,26,0.5,11,0,0,25.8,0.6,10,,0,25.8,0.8,14,,0,25.9,0.6,9,,0,25.5,0.3,10,,0,25.2,0.9,14,,1,0,24.5,0.4,12,,0,24.3,0.4,12,,0,24.2,0.7,11,,0,23.9,0.4,7,,0,23.5,0.7,15,0,0,24.9,0.7,5,0.2,0,25.7,0.5,5,1,0,28.5,1,4,1,0,28,0.6,3,0.9,0,29.2,0.8,3,1,0,29.4,1,3,0.9,0,28.1,0.9,4,1,0,29.8,1,4,0.8,0,30.2,1.4,8,0.2,0,29.4,0.9,11,0.4,0,31,1,9,0.7,0,29.1,1,9,1,0,28.2,0.9,8,0.5,0,27.2,0.9,9,0,0,26.6,0.8,8,,0,27.7,1.1,11,,0,27.9,1.1,9,,0,27.9,1.3,11,,0,27.1,1.1,9,,1,0,25.7,0.6,13,,0,25,0.8,11,,0,24.2,0.7,11,,0,24.4,0.8,14,,0,24.3,1.1,13,0,0,25.7,1.4,0,0,0,27,0.6,0,0,0,27.5,1.1,9,0.1,0,28.2,0.4,10,0,0,28.7,0.9,7,0.7,0,28.8,0.9,4,0.1,0,30.2,0.7,10,0.3,0,30.9,0.4,10,0.2,0,30.7,0.6,3,0.1,0,30.7,0.4,3,0.3,0,29.4,0.6,2,0.3,0,29.7,0.7,2,0.2,0,28.9,1.3,0,0,0,27.7,0.7,1,0,0,27.7,1.1,1,,0,28.5,1,1,,0,27.3,3.8,1,,0,27.7,4.5,1,,0,27.7,4.1,1,,1,0,27.6,3.6,1,,0,28,3.8,1,,0,27.4,0.8,1,,0,26.3,0.6,1,,0,25.3,0.6,2,0,0,26,0.5,15,0.2,0,27.1,0.9,4,1,0,28.7,0.7,3,1,0,30.9,0.7,3,1,0,31,1.7,2,1,0,31.6,1.8,2,1,0,32.5,1.6,2,1,0,31.5,1,3,1,0,29.5,0.9,5,1,0,29.7,1.4,8,1,0,29.3,1.7,8,1,0,28.4,0.9,9,1,0,27.4,0.7,9,0.8,0,26.2,0.5,13,0,0,26,1.2,14,,0,25.9,0.3,12,,0,25.7,0.6,14,,0,25.7,1.2,0,,0,25.4,0.6,11,,1,0,25.7,0.2,16,,0,25,1.1,15,,0,24.8,0.4,9,,0,24.4,0.6,14,,0,24.6,1.1,13,0,0,26.4,0.1,16,0.3,0,27.2,0.6,7,1,0,28.2,1.3,8,1,0,28.4,1.2,8,1,0,29.8,1.3,8,1,0,31.1,2.5,8,1,0,31.3,3.3,8,1,0,30.9,2.3,8,1,0,30.8,2,8,1,0,30.5,2.3,8,1,0,29.6,2.7,8,1,0,29.4,2.7,9,1,0,29,1.1,9,0.8,0,28.4,1.5,10,0,0,28,1.2,9,,0,28,1.3,9,,0,28,1.3,9,,0,28.1,1.2,8,,0,27.4,1.1,12,,1,0,27.1,0.8,11,,0,27,0.7,14,,0,27.1,0.9,9,,0,26.8,1.1,8,,0,26.7,1.5,9,0,0,26.9,1.2,9,0.2,0,27.8,2.4,9,1,0,29,3.6,9,1,0,31.5,1.7,9,1,0,32.1,1.7,8,1,0,32.4,1.9,9,1,0,32.5,2,10,1,0,33,1.8,8,1,0,32.7,2.1,9,1,0,32.5,2.1,9,1,0,31.8,1.7,9,1,0,30.9,1.4,10,0.5,0,30.2,1.6,12,0.7,0,29.6,1,11,0,0,26.7,0.9,12,,0,26.4,0.4,11,,0,26.3,1.5,0,,0,26.2,1,2,,0,27.1,1.4,1,,1,0,27.1,1.5,0,,0,26.2,0.9,9,,0,25.5,3,2,,0,24.7,3.9,1,,0,24.2,3,1,0,0,24.1,3.7,1,0,0,24.5,2,2,0.2,0,26.2,3.4,1,0.7,0,27,3.3,1,0.8,0,26.9,2.7,2,1,0,27.5,3.7,1,1,0,28.9,2.4,2,1,0,28.1,2.9,2,1,0,28.2,2.5,2,1,0,26.3,2.6,1,0.8,0,25.7,1.6,2,0.1,0,25.5,1.4,1,0.1,0,25.2,0.8,2,0.2,0,24.5,0.6,0,0,0,23.9,1.3,0,,0,24.6,1,1,,0,24.5,1,2,,0,23.9,1.3,1,,0,23.7,1.2,0,,1,0,22.8,1.3,0,,0,22.9,1.6,1,,0,23,1.8,1,,0,22.8,1.1,0,,0,22.5,1.1,0,0,0,23.7,1.3,1,0.1,0,25.1,2.2,1,1,0,26.4,1.7,2,1,0,27.4,1.4,2,1,0,28.3,1.5,2,1,0,29.4,1.2,3,1,0,29.8,1.2,4,1,0,28,1,3,1,0,28.2,0.8,2,1,0,27.4,0.9,6,1,0,26.4,0.9,6,1,0,25.7,0.7,8,1,0,24.9,0.8,10,0.6,0,24,0.5,10,0,0,23,1.2,14,,0,22.8,1.2,14,,0,22.5,1.6,14,,0,22.3,1.2,13,,0,22.2,1,13,,1,0,22,0.8,13,,0,22.1,1.5,14,,0,22,1.5,14,,0,21.7,1.4,13,,0,22.3,1.3,14,0,0,24.3,0.6,0,0.5,0,25.9,0.5,3,1,0,27.1,0.7,3,1,0,28,0.8,3,1,0,27.7,1.2,4,1,0,27.3,1.3,5,0.9,0,28.2,1.3,3,1,0,27.2,1.2,5,0.8,0,27.4,1.2,5,1,0,28.1,1.3,8,1,0,28.2,1.5,8,1,0,26.5,0.7,8,1,0,26,1.7,9,0.3,0,25.2,0.4,11,0,0,24.7,1.6,13,,0,24.6,1.2,13,,0,24.7,1.4,13,,0,24.5,0.2,16,,0,24.3,1,13,,1,0,24.3,0.6,12,,0,23.7,0.5,15,,0,24,0.8,15,,0,23.5,0.7,13,,0,23.7,0.5,11,0,0,24.9,0.3,7,0.6,0,25.5,0.9,7,1,0,26.4,0.9,7,1,0,26.6,1.2,7,1,0,26.4,1.4,5,1,0,28.4,0.8,4,1,0,29.6,0.8,3,0.9,0,28.4,1.4,8,0.8,0,29.6,1.5,8,0.9,0,28,1.6,8,0.8,0,28.3,1.7,9,0.7,0,28,0.8,8,0.7,0,27.2,0.4,0,0.8,0,26.2,0.4,11,0,0,25.6,0.4,10,,0,25,0.9,14,,0,24.8,0.5,12,,0,25.2,0.6,9,,0,25.8,0.8,12,,1,0,25.2,0.5,12,,0,25.3,1.1,9,,0,24.7,0.7,15,,0,24.3,0.6,12,,0,23.9,0.4,13,0,0,25.6,0.4,10,0.4,0,27.9,0.4,10,1,0,28.5,1,3,1,0,29.5,1,3,1,0,31.4,3.2,8,1,0,30.6,2.8,8,1,0,29.7,3.7,9,1,0,30.8,3.5,8,1,0,31.2,3.3,8,1,0,31.9,2,8,1,0,30.2,2.4,9,1,0,29.2,1.8,9,1,0,28.4,0.7,9,0.7,0,27.3,0.5,9,0,0,26.5,0.8,13,,0,26.5,0.9,12,,0,27,0.5,12,,0,26.8,0.6,11,,0,28.5,2.3,14,,1,0,27,1.5,12,,0,25.8,0.7,2,,0,24.9,1,1,,0,24.3,0.5,14,,0,24.3,0.4,12,0,0,25.5,0.4,12,0,0,27.3,1.5,8,0.6,0,28.1,0.9,2,0.5,0,30.6,1.4,8,0.6,0,30.6,1.9,8,0.5,0,30.3,0.7,3,0.6,0,30,0.8,5,0.2,0,30,1.2,5,0.7,0,30,1.1,5,0.9,0,32.3,1.4,9,1,0,30.4,1.5,11,0.9,0,29.7,1.5,10,1,0,28.3,1.2,12,0.5,0,27.3,1.5,13,0,0,26.8,1.5,12,,0,27.5,1.8,13,,0,26.3,0.5,2,,0,26.1,1.2,12,,0,26.9,0.9,13,,1,0,28.4,1.1,2,,0,27.1,0.9,14,,0,28.3,1.4,13,,0,26.8,0.4,5,,0,26.4,0.4,9,0,0,27.4,1.5,9,0.6,0,27.7,1.1,9,0,0,28.4,0.9,8,0,0,29,1.4,8,0,0,28.9,0.9,8,0,0,29.9,1.1,8,0,0,30.7,1.3,8,0,0,29.7,1.6,9,0,0,29.1,1.5,10,0,0,28.6,1.1,10,0,0,28.7,1.4,10,0,0,28,1.2,11,0,0,27.5,1.2,9,0,0,27.1,1.1,9,0,0,26.9,0.7,10,,0,27.4,1.1,9,,0,26.7,0.7,7,,0,26.4,0.7,8,,0,26.2,0.9,8,,1,0,26.6,0.7,7,,0,25.6,0.5,9,,0,25.9,0.9,13,,0,25.9,0.4,11,,0,25.8,0.6,13,0,0,26.3,0.8,8,0.3,0,26.7,1.1,8,0.6,0,27.7,1.3,9,0,0,28.8,1.3,9,0,0,29.1,1.1,10,0.2,0,30.2,1.2,9,0.2,0,30.9,1.6,9,0.1,0,29.3,1.4,9,0.1,0,29.5,1.3,9,0.2,0,30,1.5,10,0.7,0,29.3,1,5,0.7,0,29,1.3,10,0.6,0,28.2,1.3,8,0.3,0,27.5,0.8,9,0,0,27.2,0.8,8,,0,27.1,1.2,9,,0,26.6,1.4,9,,0,26.8,1.1,9,,0,26.8,0.8,9,,1,0,26.7,1,8,,0,26.1,0.8,8,,0,25.5,0.8,11,,0.5,25.1,0.8,10,,0.5,25.2,0.6,11,0,0,26,0.8,8,0.6,0,26.9,1.1,9,0.8,0,28.6,1.6,8,0.9,0,29.5,1.5,9,1,0,29.7,1.6,9,0.9,0,31.1,1.8,9,1,0,31.5,1.8,9,1,0,32.1,1.8,8,1,0,31.8,1.9,8,1,0,31.6,2.1,9,1,0,30.4,1.7,9,1,0,28.9,1.4,9,0.8,0,28,1.5,8,0,0,27.4,1.1,8,0,0,27.2,1.5,8,,0,27.2,1.3,9,,0,27,1.4,8,,0,26.9,1.1,8,,0,26.6,1.2,9,,1,0,26.2,1,9,,0,26.6,1.1,9,,0,26.1,0.7,9,,0,25.8,0.4,8,,0,25.7,0.7,9,0,0,26.8,1,9,0.6,0,28.2,1.5,9,1,0,29.6,1.6,9,1,0,30.5,1.5,8,0.9,0,31,1.3,8,0.8,0,31.2,2,8,0.8,0,31.3,3.1,8,0.9,0,32,1.7,9,0.9,0,31.5,1.8,8,0.9,0,30.3,2,9,0.8,0,30,1.5,8,0.8,0,28.9,1,9,0.9,0,27.6,1.2,9,0.1,0,27.1,1,9,0,0,26.7,1.4,9,,0,26.5,1.4,9,,0,26.5,1.5,9,,0,26.4,1.2,8,,0,26.1,1,11,,1,0,26,1,9,,0,25.3,0.6,0,,0,25.4,0.8,8,,0,25.3,0.6,8,,0,25.4,0.8,10,0,0,25.6,0.7,9,0.6,0,27.3,2.4,9,1,0,29.1,2.2,9,1,0,30.5,2,9,1,0,29.1,3.5,8,1,0,28.7,3.3,8,1,0,29.3,3.5,9,1,0,29.1,3.5,9,1,0,29.3,3.3,9,1,0,29.4,3.1,8,1,0,27.4,1.5,9,1,0,27.2,2.1,9,0.7,0,27.4,0.8,8,0,0,26,0.7,8,0,0,25.9,0.9,12,,0,25.7,0.6,11,,0,25.7,0.8,11,,0,25.4,0.6,13,,0,24.8,0.2,16,,1,0,24.5,0.2,16,,0,24.9,0.8,13,,0,24.5,0.3,12,,0,24.8,0.5,13,,0,24.6,0.7,13,0,0,25,1.3,13,0,0,25.6,0.7,12,0,0,25.9,0.1,16,0,0,27.1,0.5,3,0,0,28,0.4,3,0,0,28,0.5,3,0,0,27.5,1,5,0.3,0,27.5,1.2,6,0.3,0,27.6,1.2,5,0.9,0,27.7,1,7,0.9,0,27.5,1,7,0.4,0,26.8,0.8,7,0.7,0,26.7,0.2,16,0.6,0,25.7,1.1,13,0,0,25.9,1.1,13,,0,25.8,0.8,14,,0,24.9,0.8,0,,0,25.2,0.7,8,,0,24.9,1.4,1,,1,0,25.1,2.3,1,,0,25.3,2.8,1,,0,25.3,2.7,1,,0,25.1,3.8,1,,0,25.2,4.7,1,0,0,25.3,5.9,1,0,0,25.4,4.8,1,0,0,26,5.1,1,0,0,27.1,4,1,0.4,0,27.9,2.7,2,0.5,0,25.8,5.3,1,0.1,0,27.6,4.3,1,0.3,0,26.4,4.7,1,0.3,0,26.2,5,1,0.1,0,26.7,4.8,1,0.1,0,25.3,5.2,1,0.3,0,25.2,5.4,1,0,0,24.4,5.5,1,0,1.5,23.7,5.7,1,0,0,23.6,5.9,1,,0,23.7,5.3,1,,0,23.6,5.6,1,,0,23.4,5,1,,0,23,6,1,,1,0,23.1,5.9,1,,0,22.9,5.5,1,,1.5,22.5,5.2,1,,4.5,22.4,5.9,1,,8.5,22.5,2.6,1,,0.5,24.8,3.1,1,0,0.5,25.5,2.1,1,0,20.5,24.6,1.4,7,0,6,25.6,1.7,10,0.1,0.5,26.1,3.3,9,0,0,26.2,2.1,9,0,0,26.6,2.1,9,0,0,26.2,1.7,9,0,0,25.9,2.1,9,0,0,25.7,4,9,0,0,25.4,2.4,9,0,0,25.9,2.7,9,0,0,26.3,2.6,9,0,0,25.6,2.2,9,0,0,25.8,2.2,9,,0,25.6,2.7,9,,0,25.3,2.4,9,,1,25,2.9,9,,1,25.1,2.2,8,,1,0,25.4,2.9,9,,0,25.6,2.5,9,,0,25.8,2.4,9,,0,25.8,1.8,9,,0,25.9,1.8,9,,0,26.1,1.7,8,0,0,25.8,1.1,9,0,1,25.6,1,9,0,0.5,26,1.1,9,0,0,27.1,1.8,9,0.3,0,27.3,1.4,9,0.2,0,28.2,1.7,9,0.2,0,29.6,1.6,9,0.7,0,30.6,1.7,8,1,0,30,2.7,9,1,0,28.9,2.5,9,1,0,28.5,0.9,9,1,0,27.3,0.9,10,0.4,0,26,0.5,9,0,0,25.6,1,9,,0,25.2,0.4,8,,0,25.8,0.7,9,,0,26,0.5,9,,0,25.8,0.4,9,,1,1,24.8,0.3,10,,1,24.6,0.3,7,,0,24.6,0.3,12,,0,24.4,0.4,9,,0,24.6,0.5,11,,0,25,0.5,8,0,0,25.9,0.7,9,0,0,27,1.7,8,0.1,0,25.7,0.9,9,0.1,0,26.6,1.1,9,0.3,0,27.6,3.4,9,0.3,0,26.6,2.9,9,0,0,25.9,0.9,9,0,0,27.6,1,9,0,0,27.3,0.7,9,0,0,26,0.9,9,0,0.5,25,0.9,9,0,0,25.1,0.1,16,0,0,24.8,0.3,10,0,0,25,0.5,9,,0,25,0.2,16,,0,24.9,0.2,16,,0,24.7,0.4,15,,0,24.5,0.8,14,,1,0,23.5,1.5,1,,0,23.3,0.8,1,,0,23.2,0.1,16,,0,22.5,1.2,2,,0,22.7,2,1,,0,22.5,2.5,1,0,0,22.8,2.2,1,0,0,23.7,1.9,1,0,0,24.7,0.8,2,0,0,25.3,0.6,3,0,0,26.6,0.8,4,0.4,0,25.8,1.2,4,1,0,25.7,0.8,4,0.9,0,26.5,0.5,4,0.1,0,25.1,0.7,5,0,0,25.6,1,8,0.1,0,24.7,1.2,9,0,0,25.1,0.6,9,0,0,24.8,0.4,11,0,0,24.8,0.7,0,,0,24.9,0.4,13,,0,24.8,0.5,13,,0,24.6,0.1,16,,0,24.6,0.6,12,,1,0,24.4,0.5,11,,0,24.4,0.4,10,,0,24.2,0.2,16,,0,24.3,0.3,11,,0,24.3,0.5,9,,0,25.4,0.2,16,0.1,0,26.2,0.3,8,0.4,0,26.2,0.8,3,0.4,0,26.9,0.9,6,0.2,0,27.5,1.1,8,0.1,0,27,0.4,10,0,0.5,26.6,2.2,8,0,0,28.7,2.2,8,0.4,0,28.6,2.2,8,0.3,0,28.1,1.9,9,0.5,0,27.9,2,8,0.9,0,27.1,0.4,8,0.3,0,25.7,0.7,9,0.2,0,25.5,0.3,11,0,0,25.4,0.3,10,,0,25.1,0.2,16,,0,25.3,0.4,13,,0,25.6,0.2,16,,0,25.5,0.4,8,,1,0,25.8,0.5,8,,0,25.8,0.5,8,,0,26,0.6,11,,0,26.2,0.6,9,,0,25.9,0.6,10,,0,26.4,0.6,9,0.5,0,27.9,1.3,8,1,0,29.5,1.5,9,1,0,29.7,1.5,9,0.8,0,30.4,1.6,9,0.7,0,31.1,1.5,9,0.9,0,31.4,2.1,9,0.9,0,31.2,1.7,8,0.8,0,30.3,1.7,8,0.5,0,29.1,1.5,8,0.2,0,28.6,1.8,9,0.1,0,28.5,1.3,9,0.3,0,27.6,1.3,9,0.2,0,27.3,1.1,8,0,0,27,1.1,8,,0,26.9,1,9,,0,26.7,0.9,9,,0,26.8,0.9,9,,0,26.8,1.1,9,,1,0,26.6,1,9,,0,26.7,1.1,8,,0,26.8,1.1,8,,0,26.9,1,8,,0,26.5,0.8,9,,0,27.1,0.8,9,0.3,0,28.1,1.8,9,0.3,0,28.1,2.4,9,0.2,0,26.3,2.1,9,0.1,0,28.9,3.1,9,0.3,0,28.8,2,8,0.2,0,29.5,1.4,8,0.2,0,28.8,1.1,9,0.1,0,30.6,0.9,9,0.6,0,30.7,1.2,9,1,0,29.7,2.1,9,1,0,28.5,1,9,0.5,0,27.3,0.6,8,0.3,0,26.6,0.4,9,0,0,26.5,0.6,9,,0,26,0.9,9,,0,26.2,0.3,9,,0,25.9,0.4,7,,0,25.6,0.4,9,,1,0,25.2,0.3,9,,0,25.5,0.3,9,,0,24.7,0.3,9,,0,24.3,0.2,16,,0,24.1,0.3,12,,0,25.1,0.1,16,0.7,0,27.3,1.2,8,1,0,28.9,1.5,9,1,0,28.8,2,8,1,0,29.2,2,8,1,0,29.2,2.3,9,1,0,29.4,2.1,9,1,0,29.6,2.7,8,1,0,30,2.2,8,1,0,29.7,2.2,9,1,0,28.8,2.3,9,1,0,29.2,1.5,9,1,0,27.7,0.6,8,0.4,0,26.7,0.4,10,0,0,26.3,0.2,16,,0,25.5,0.1,16,,0,25.3,0.1,16,,0,25.5,0.2,16,,0,25.4,0.1,16,,1,0,25,0.2,16,,0,25.1,0.1,16,,0,24.8,0.1,16,,0,25.1,0.1,16,,0,24.9,0.2,16,,0,25.7,1.7,9,0.6,0,28,1.1,8,1,0,29.7,1.2,8,1,0,31.4,1.3,8,1,0,31.5,2.4,9,1,0,31.4,2.2,8,1,0,30.4,3.9,9,1,0,29.2,2.4,9,1,0,28.8,4,9,1,0,28.9,3.1,8,1,0,28.6,2.4,9,1,0,29.3,0.9,8,1,0,27.9,0.9,9,0.3,0,27,0.9,12,0,0,27.5,1.3,10,,0,26.5,0.7,9,,0,25.6,0.2,16,,0,24.8,0.1,16,,0,25,0.4,6,,1,0,25,0.4,2,,0,25.1,0.4,9,,0,25,0.5,0,,0,25.4,0.6,4,,0,25.1,0.6,7,,0,26.3,0.5,5,0.7,0,28.2,1.3,9,1,0,29.3,1.5,9,1,0,30.5,1.7,8,1,0,31.3,1.9,8,1,0,30.8,1.5,8,0.5,0,30.6,2.3,9,0.6,0,30.2,2.5,9,0.2,0,31.6,2.3,9,0.5,0,30.8,1.4,8,0.8,0,29.4,0.9,9,0.4,0,28.2,1.2,9,0.1,0,27.8,1,9,0,0,27.5,1,11,0,0,27.5,1.4,10,,0,27.7,1.2,9,,0,27.6,1.4,9,,0,27.4,1.1,10,,0,26.3,0.9,10,,1,0,26.1,0.7,9,,0,25.8,0.3,12,,0,25.5,0.6,12,,0,25.2,0.6,12,,0,24.7,0.3,11,,0,25.8,0.2,16,0.7,0,27.3,0.8,9,1,0,29.9,1.2,9,1,0,30.7,1.1,8,1,0,32.9,1.6,9,1,0,33.9,1.3,8,1,0,34.7,1.7,8,1,0,34.8,1.9,8,1,0,34.6,1.8,8,1,0,34.1,1.4,8,1,0,32.7,1.5,8,1,0,30.3,1.5,10,0.9,0,29.5,1.3,9,0.1,0,29.6,1.4,11,0,0,28.7,1.8,12,,0,29.1,1.7,13,,0,28.9,1.8,13,,0,26.8,1,0,,0,25.8,0.9,15,,1,0,25.1,1.2,15,,0,24.6,1.3,0,,0,24.4,0.9,13,,0,24.4,0.4,14,,0,25.2,0.6,8,,0,25.9,0.8,9,0.7,0,28.2,1.1,8,1,0,29.4,1.5,9,1,0,29.9,1.8,8,1,0,31.1,1.8,8,1,0,31.9,2.7,8,1,0,32.8,2.6,8,1,0,31.8,3.2,8,1,0,31.1,2.2,8,1,0,32.4,2.6,8,1,0,32.2,2,8,1,0,31.1,1.2,9,1,0,29.4,0.6,11,0.2,0,28,0.4,9,0,0,27.1,0.6,12,,0,27.1,1,12,,0,26.7,1.1,12,,0,25.5,0.2,16,,0,24.8,0.5,11,,1,0,24.9,0.3,11,,0,26,1.7,13,,0,25.9,0.9,12,,0,25.3,0.6,12,,0,26.2,1,10,,0,27,1.2,12,0.7,0,28.8,1,9,1,0,29.2,1.3,4,1,0,31.6,1.7,8,1,0,31.5,1.7,8,1,0,32.4,1.7,8,1,0,33.7,1.5,8,1,0,31.3,1.7,8,0.7,0,30.6,1.4,8,0.1,0,29.9,1.3,8,0.3,0,29.4,2.4,9,0.5,0,29.3,1.5,8,1,0,27.9,1,10,0.1,0,27.6,1.1,9,0,0,27.5,0.8,8,,0,27.4,0.7,8,,0,27.3,0.9,8,,0,27,1,9,,0,26.7,0.6,8,,1,0,26.9,1,9,,0,26.2,0.4,7,,4,23.3,1.2,11,,0,23.3,0.6,8,,0,23.1,1.1,9,,0,23.2,0.5,10,0,0,24,0.3,8,0,0,26.4,0.7,8,0.1,0,25.7,0.4,7,0.1,8,24,0.7,11,0,7,22.9,0.5,9,0,4,22.7,0.3,11,0,0,24.7,0.5,11,0.1,0,24.5,1.5,8,0.1,0,24.2,0.7,9,0,0,26.6,1.1,8,0.4,0,24.9,0.5,7,0.1,0,24,0.8,9,0,0,23.3,0.8,13,0,0,23.2,0.4,13,,0,23.2,0.7,15,,0,22.9,0.6,12,,0,25.3,1.6,11,,0,25.5,1,12,,1,0,25.7,1.1,9,,0,25.3,0.7,7,,0,26.1,1.2,11,,0,25.8,1.1,11,,0,24.4,0.2,16,,0,24.6,0.2,16,0,0,24.4,0.4,10,0,0,25.5,0.1,16,0,0,26,0.5,9,0,0,25.9,1.7,9,0,0,27.1,1.4,12,0,0,29.5,1.5,8,0.1,0,28.5,2.3,9,0.1,0,28.3,1.6,8,0,0,28.3,2.8,9,0.5,0,26.9,1.3,9,0.3,0,26.4,0.5,13,0,0,25.9,0.7,9,0,0,24.9,0.3,10,0,0,24.4,0.3,12,,0,24.2,0.4,11,,0,24.3,0.5,9,,0,24,0.4,13,,0,24.3,0.6,13,,1,0,25.2,0.6,12,,0,25.3,0.7,11,,0,24.8,0.2,16,,0,24.4,0.1,16,,0,24.4,0.6,12,,0,24.9,0.3,10,0,0,26.1,0.3,13,0.2,0,27.4,1.2,9,0.2,0,28.7,1.2,8,0.2,0,28.9,1.1,8,0.2,0,29.6,0.9,3,0.3,0,28.7,1.6,2,1,0,29.2,2.1,2,1,0,27.3,4.1,1,0.5,0,25.8,4.3,1,0,0,26,2.8,1,0,0,26.3,2.5,1,0,0,25.7,0.4,2,0,0,25.3,1.3,1,0,0,24.9,0,16,,0,24.4,0,16,,0,24.4,0.3,13,,0,24.2,0.3,15,,0,23.9,0.2,16,,1,0,23.7,0.7,15,,0,23.4,0.7,15,,0,23.6,0.8,0,,0,23.6,0.4,2,,0,23.3,0.8,14,,0,24,0.1,16,0,0,24.7,0.2,16,0,0,25.9,0.3,3,0.1,0,26.9,1.1,4,0.8,0,26,1.1,3,0.3,0,26.3,0.9,4,0.3,3.5,25.8,1,8,0,0,27.2,1.1,6,0.6,0,29.5,2.6,8,1,0,29.4,3.2,9,1,0,28,2.1,8,1,0,26.5,1.2,3,1,0,25.4,2.2,2,0,0,25.1,3.2,1,0,2,23.2,5.5,1,,6.5,22.7,4.6,1,,2.5,22.4,5.1,1,,3,22.1,5.6,1,,0.5,22,6,1,,1,0,22,6.1,1,,0.5,22.3,5.4,1,,0,22,5.8,1,,3.5,21.1,6.2,1,,0,21.1,6,1,,0,21.1,6.5,1,0,0,21.2,6.1,1,0,0,21.1,5.3,1,0,0,21.4,5.2,1,0,0,22.6,6.5,1,0.1,0,22.7,6.2,1,0.5,0,23.4,5.6,1,0.4,0,22.1,5.9,1,0,0,22.2,6.1,1,0,0,22.1,6.2,1,0,0,22,6.8,1,0,0,22,6,1,0,0,21.2,5.8,1,0,0,21.4,6.1,1,0,0,21.3,5.9,1,,0,21.1,5.4,1,,0,20.9,6.7,1,,0,20.7,6.2,1,,0,20.6,6.1,1,,1,0,20.7,5.4,1,,0,20.6,5.3,1,,0,20.6,4.6,1,,0,20.6,5.4,1,,0,20.6,4.7,1,,0,21,5.5,1,0,0,21.3,5.2,1,0,0,21.5,6.1,1,0,0,21.8,5.2,1,0,0,22.2,4.6,1,0,0,22.3,4.9,1,0,0,22,4,1,0,0,22.1,4.6,1,0,0,22.7,5.6,1,0,0,22.5,4.7,1,0,0,22.3,3.7,1,0,0,22.4,5.1,1,0,0,22,4.4,1,0,0,22,4.8,1,0,0,22,4.1,0,,0,21.8,4,1,,0,21.6,3.5,1,,0,21.8,5.7,1,,0,21.7,5.1,1,,1,0,21.7,5.2,1,,0,21.8,4.6,1,,0,21.7,5.2,1,,0,21.8,4.8,1,,0,21.5,4.6,1,,0,21.8,4.4,1,0,0,21.8,5.2,1,0,0,22,4.5,1,0,0,24,4.2,1,0.3,0,23.1,4.3,1,0.1,0,23.5,3.7,1,0,0,23.8,2.7,1,0,0,24.9,3.4,1,0.1,0,24.2,3,1,0.2,0,23.6,4.5,1,0,0,23.3,3.2,1,0,0,23.1,3.7,1,0,0,21.8,4,1,0,0.5,21.5,4.3,1,0,0,21.6,4,1,,0,21.4,4.9,1,,0,21.7,4.8,1,,0,21.9,3.7,1,,0,21.4,3.6,1,,1,0,21.5,4.5,1,,0.5,21.1,4.3,1,,1.5,20.5,4.2,1,,5,20.2,2.6,2,,3.5,19.9,5.8,1,,2,19.9,5.1,1,0,1,19.8,7.1,1,0,0,19.8,4.6,1,0,0,20.1,6.5,1,0,0,21.7,5.1,1,0,0,24.2,2.9,2,0.4,0,24,4.2,1,0.9,0,23.8,2.3,2,0.1,0,22.8,3.5,1,0,0,23.8,2.8,2,0.3,0,23.8,3.3,1,0.4,0,23,2.2,2,0,0,22.5,3.3,1,0,0,22,2.6,1,0,0,22.2,3.8,1,,0,22.1,3.6,1,,0,21.6,3.7,1,,0,21.2,3.5,1,,0,21.2,4,1,,1,0,21.4,3.6,1,,0,21.1,4.1,1,,0,21.2,5.5,1,,0,21.1,5.5,1,,0,21.2,5.2,1,,0,21.2,6.4,1,0,0,21.4,4.8,1,0,0,21.5,4.5,1,0,0,21.9,5,1,0,0,22.2,4.5,1,0,0,23.4,4.5,1,0,0,22.9,4.3,1,0,0,22.9,4.7,1,0,0,23.3,4,1,0,0,23.4,3.3,1,0.1,0,23.4,3.4,1,0,0,23.1,4.1,1,0,0,23.2,4.8,1,0,0,23.1,4.7,1,0,0,22.9,5,1,,0,23.1,4.5,1,,0,23.1,4.7,1,,0,22.9,4.9,1,,0,23,4.5,1,,1,0,22.4,4.7,1,,0,22,5.4,1,,0,21.6,6.5,1,,0,21.9,6.1,1,,0,22.1,6.9,1,,0,21.4,6,1,0,0,21.9,7.2,1,0,0,21.3,6.3,1,0,0,21.5,6.8,1,0,0,21.7,6.4,1,0,0.5,22,6.5,1,0,0,21.9,5.4,1,0,0,22.3,4.9,1,0,0,21.5,4.9,1,0,0,21.1,3.8,1,0,0.5,21.1,5.3,1,0,0,20.7,6.3,1,0,2.5,20,7.2,1,0,3.5,20.1,6.8,1,0,3,20.1,6.6,1,,1,20.5,4.8,1,,0,20.2,4.5,1,,0,20.8,5.2,1,,0,21,5,1,,1,0,20.8,4.9,1,,0,20.9,3.8,1,,0,21.4,2.5,1,,0,21.3,2.7,1,,0,20.1,2.1,1,,0,20.6,1.1,15,0.1,0,22.9,1.3,2,0.8,0,24.2,2,1,1,0,24.7,1.2,3,1,0,25.6,1.1,2,0.9,0,26.2,0.9,2,0.6,0,26.7,1.2,2,0.7,0,26.1,1.6,3,1,0,27.5,1,3,0.9,0,26.6,0.6,4,1,0,26,1,2,1,0,24.1,1.5,1,0.6,0,22.8,0.6,14,0,0,22.3,1,14,0,0,22.9,1.1,0,,0,23.8,2.2,1,,0,23.8,1.8,2,,0,23.1,2.4,1,,0,22.5,3.2,1,,1,0,21.9,3.3,1,,0,22,4,1,,0,21.8,3.9,1,,0,21.6,4.5,1,,0,21.6,4.3,1,,0,21.7,3.7,1,0,0,22.8,2.5,2,0.9,0,24.1,2.7,2,1,0,24.1,4.1,2,1,0,25.9,2.9,1,1,0,25.8,3.1,1,1,0,26.1,1.7,2,1,0,26.3,2.2,2,1,0,25.6,2.8,1,1,0,24.7,2,1,1,0,24.4,2.3,2,1,0,23.8,2.7,1,0.9,0,23.1,2.5,1,0,0,22.9,2.6,1,0,0,23.4,1.5,2,,0,23.2,1.7,1,,0,23.3,1.4,2,,0,22.9,1.9,1,,0,22.4,2.6,1,,1,0,22.8,2.5,0,,0,22.7,2.2,0,,0,22.8,2.1,1,,0,22.7,1.5,0,,0,22.5,1.9,0,,0,23,2.2,1,0.1,0,24.5,2.1,1,1,0,25,0.9,1,0.8,0,26.2,0.7,3,0.4,0,26.3,0.9,6,0.3,0,27.5,0.9,4,0.9,0,25.7,0.6,4,0.3,0,25.3,0.7,7,0,0,25.5,0.7,7,0,0,25.5,0.8,8,0,0,25.4,0.6,10,0,0,23.7,0.8,15,0,0.5,23,1.4,12,0,0,23.1,1,13,0,0,23.2,1.4,13,,0,23.5,1.3,14,,0,23.4,1.1,13,,0,23.7,0.4,13,,0,23.7,0.5,13,,1,0,24,1,13,,0,23.9,0.6,13,,0,24.1,0.4,13,,0,24.3,0.8,13,,0,24.2,0.7,13,,0,25,0.6,12,0.2,0,25.6,0.8,10,0.5,0.5,24.7,0.9,12,0,0.5,25.9,0.6,11,0.1,0,26.7,3,8,0.5,0,28.4,3.4,8,0.7,0,29.6,2.3,9,0.4,0,30.7,1.5,8,0.6,0,29.1,1.6,9,0.7,0,29,1.3,9,0.5,0,28.3,1.2,8,0.1,0,27.3,1.3,9,0.1,0,26.2,0.7,9,0,0,25.4,0.3,10,0,0,25.4,0,16,,0,25.2,0.2,16,,0,25.5,0.3,10,,0,25.4,0.2,16,,0,25.3,0,16,,1,0,24.9,0.6,12,,0,24.6,0.3,10,,0,24.1,0.5,9,,0,24.2,0.6,12,,0,23.7,0.3,10,,0,24.8,0.6,13,0.1,0,27.1,0.5,9,1,0,28.7,0.9,8,1,0,28.9,0.9,3,1,0,29.6,1.7,1,1,0,29.4,1.4,2,1,0,29.6,2.1,2,1,0,29.7,2.2,2,1,0,28,1.9,3,0.9,0,27.7,1,7,1,0,26.5,0.9,8,0.4,0,26.1,1.4,9,0,0,25.8,0.8,8,0,0,25.4,0.2,16,0,0,25,0.3,11,,0,24.5,0.3,12,,0,24.5,0.2,16,,0.5,24.2,1.5,13,,10.5,23.5,2,13,,1,2.5,23.5,1.1,2,,0,23.1,0.9,15,,0,23,0.1,16,,0,23.1,0,16,,0,23.3,0.3,14,,0,23,1,13,0,0.5,23.3,0.6,14,0,0,23.7,0.7,1,0,0,24.5,0.5,2,0,0,23,2.6,2,0,0.5,20.7,4.8,1,0,0,20,5.5,1,0,0,19.9,5.9,1,0,0,20,5.9,1,0,0,20.3,5.4,1,0,0,20.7,5.8,1,0,0,20.6,4.6,1,0,0,20.7,3.6,1,0,0,20.7,3,1,0,0,20.9,3.5,1,,0,21,2.8,1,,0,21.1,4.1,1,,0,21.2,3.7,1,,0,21.2,4.5,1,,1,0,21.2,3.5,1,,0,20.8,3.5,1,,0,20.6,2.5,1,,0,20.6,2.7,1,,0,20.8,3.2,1,,0,20.3,3.6,1,0,0,21.1,4.7,1,0,0.5,21.8,5.6,1,0,0,21.7,4.6,1,0,0,21.8,3.8,1,0,0,20.9,4.5,1,0,1,20.5,4,1,0,0.5,21.1,3.2,0,0,0.5,20.3,2.9,0,0,1.5,20.8,4.2,1,0,0,20.7,4.8,1,0,1,20.7,4.6,1,0,0.5,20.6,5.7,1,0,0.5,20.5,6.1,1,0,0.5,20.5,5.8,1,,0,20.8,6.1,1,,0.5,20.9,6,1,,0,21.1,5,1,,0,21.2,6,1,,1,0,21,5.8,1,,0,21,7.3,1,,0,20.5,6.7,1,,0,20.3,5.8,1,,0,21.2,5,1,,0,21.3,4.7,1,0,0,21.9,4.8,1,0.3,0,23.3,5,1,0.6,0,22.8,3.3,2,0.5,0,24.7,4.1,1,0.5,0,26,3.7,1,1,0,26.5,2.8,2,1,0,26.6,2,2,1,0,26,1.8,2,0.9,0,24.7,1.1,3,0,0,24.3,0.2,16,0,0,24,0.3,9,0,0,23,0.4,15,0,0,22.7,0.6,14,,0,22.5,1.4,0,,0,22.4,1.1,14,,0,21.5,1.3,15,,0,21.4,1.1,15,,0,22,0.4,12,,1,0,21.5,0.6,12,,0,22,0.8,14,,0,21.9,1.1,0,,0,21.5,1,15,,0,21.8,1.8,0,,0,21.8,1.6,0,0,0,22.6,0.8,0,0,0,23.3,0.2,16,0,0,24.1,0.8,8,0.5,0,25,1,8,0.5,0,25.3,1.3,8,0.6,0,25.4,1.4,9,0.2,0,26.2,2.8,8,0.3,0,26,3.6,8,0.2,0,25.1,3.4,8,0.7,0,25.3,2.3,9,0.1,0,24.7,0.5,9,0,0,23.6,0.5,14,0,0,23.4,0.8,13,,0,23.1,1.2,13,,0,22.8,0.6,13,,0,22.8,0.5,14,,0,22.7,0.2,16,,0,23.5,0.5,13,,1,0,23.7,0.6,12,,0.5,22.6,1.6,13,,0,22.4,1.7,13,,0,21.4,1.7,13,,2.5,20.5,2.1,13,,2.5,19.6,1.2,14,0,2.5,19.3,0.8,13,0,2,19.5,0.4,12,0,0,19.6,0.8,13,0,0,20,0.8,13,0,0,22.2,0.6,11,0,0,23.2,0.7,9,0.1,0,25,1.5,8,0.8,0,23.9,3.2,8,1,0,22.9,2.3,8,0.7,0,22.6,2.1,8,0.5,0,22.3,2.2,9,0,0,21.4,0.3,15,0,0,20.8,1.4,13,,0,20.8,0.8,12,,0,21,0.6,4,,0,20.7,1,0,,0,20.4,1.9,13,,0,20.9,1.7,15,,1,0,21.6,1.5,1,,0,21.1,3.4,1,,0,20.7,4.1,1,,0,20.5,4.2,1,,0,20.5,4.8,1,,0,20.7,4,1,0,0,21.7,3.6,1,0.7,0,23,2.4,2,1,0,23.3,2.8,2,1,0,24,2.3,2,1,0,25.3,2.3,1,1,0,,1.3,2,0.9,0,26.1,,,,0,24.3,1.3,3,0.3,0,24.1,1,5,1,0,23.1,0.6,7,1,0,22.3,1,13,0.4,0,21.2,1.1,13,0,0,20.7,1.2,13,,0,20.2,0.9,13,,0,20.7,0.9,15,,0,20.5,0.9,14,,0,20.3,1.5,14,,0,20.6,1.1,13,,1,0,20.6,1,14,,0,21.1,1.6,0,,0,21.4,2.2,1,,0,21.1,1.9,1,,0,20.7,3.2,1,,0,20.4,4.4,1,0.2,0,21.4,4.5,1,1,0,23.2,2.9,1,1,0,23.9,3,2,1,0,24.4,2.9,2,1,0,25.2,3.2,1,1,0,25.2,2,2,1,0,26.5,1.1,2,0.9,0,23.8,1.4,2,0.8,0,24.9,1.1,2,0.6,0,23.2,1.1,2,0.5,0,21.9,0.6,14,0.1,0,21.2,0.5,12,0,0,20.5,1.4,13,,0,20.4,1.5,14,,0,20.3,1.4,14,,0,20.2,1.3,15,,0,21.4,2.7,0,,0,21.6,2.6,1,,1,0,20.9,4.4,1,,0,20.6,5,1,,0,20.8,5.4,1,,0,20.6,4.9,1,,0,20.4,5.4,1,,0,20.7,5.1,1,0.3,0,22,4.1,1,1,0,23.1,2.6,2,1,0,24.4,2.6,2,1,0,24.4,3.5,1,1,0,25.8,1.7,2,1,0,26.5,1.8,2,1,0,25.6,1.9,2,1,0,26.1,1.1,3,0.9,0,25.5,1,2,1,0,24.3,0.5,3,1,0,22.8,0.9,14,0.4,0,21.4,1.5,13,0,0,20.9,1.3,13,,0,22.1,1.4,13,,0,21.3,1.4,13,,0,20.9,1.5,13,,0,20.6,1.6,13,,0,20.6,1.6,14,,1,0,20.6,1.6,13,,0,21.2,1.5,13,,0,20.7,1,14,,0,20.1,1.3,14,,0,20.8,1.4,14,,0,20.5,1,1,0,0,21.6,1.6,1,0,0,24.8,0.6,3,0.6,0,23.9,1,2,0.5,0,24.5,1.6,2,0.1,0,26.4,1.2,3,0.8,0,26.8,1.3,3,1,0,24.3,0.5,4,0.5,0,24.3,1,7,0.4,0,25.6,1.1,8,0.9,0,24.5,1.2,8,0.6,0,23.9,0.4,10,0.2,0,22.8,0.8,13,0,0,22.5,1.4,13,,0,22.2,1.5,13,,0,22.2,1.7,13,,0,22.4,1.4,13,,0,22.5,1.2,13,,0,22.5,1,13,,1,0,22.5,1.2,13,,0,22.1,0.6,13,,0,22.7,1.2,13,,0,22,0.2,16,,0,22.6,1.2,13,,0,22.9,1,12,0,0,23.4,0.9,13,0,0,25.4,1,8,0.6,0,25.9,1.4,8,0.4,0,26,2.3,9,0.4,0,26.2,3.3,8,1,0,25.8,3.6,8,0.9,0,26.5,4.3,9,1,0,26.7,3.8,9,1,0,26.3,3.1,9,1,0,25.6,2.2,9,1,0,25,0.6,10,0.5,0,22.8,1.4,13,0,0,21.6,0.5,14,,0,21,1.2,13,,0,21.1,1.3,13,,0,21,0.7,13,,0,20.6,0.9,15,,0,21.5,1.9,0,,1,0,21.4,1.8,0,,0,21.9,4,1,,0,22.1,4.7,1,,0,21.8,5.1,1,,0,22,3.9,1,,0,21.7,4.8,1,0,0,21.7,5.7,1,0,0,22.8,4.5,1,0.6,0,24.5,4.1,1,1,0,25.4,3.1,1,1,0,25.9,2.5,2,1,0,26.7,2.2,2,1,0,26.3,1.3,2,0.9,0,26.1,1.1,1,0.3,0,25.4,0.9,1,0,0,24.8,0.9,2,0,0,24.1,1.2,1,0,0,23.3,1.4,1,0,0,23.1,1.6,0,,0,23.1,2.5,1,,0,22.8,3.4,1,,0,22.5,4.1,1,,0,22,4.5,1,,0,21.7,4.7,1,,1,0,21.4,4.8,1,,0,21,4.8,1,,0,20.6,4.5,1,,0,18.8,5.3,1,,0,18.9,5.5,1,,0,19.6,5,1,0,0,19.9,4.3,1,0,0,22.1,2.9,2,0.5,0,21.5,3.9,1,0.5,0,21.7,1.7,2,0,0,22,2.4,1,0,0,21.8,2.5,1,0.4,0,23.1,1.3,2,0.4,0,21.5,1.7,1,0.3,0,20.6,1.4,0,0,0,21.4,0.4,2,0.1,0,20.5,0.8,15,0.1,0,20.2,1.1,14,0,0,20.6,2.6,1,,0,20.5,2.3,0,,0,20.7,2,0,,0,20.1,3.5,1,,0,20.2,2.5,1,,0,19.9,2.4,0,,1,0,19.6,1.9,1,,0,19.7,2,1,,0,19.7,1.7,1,,0,19.6,1.9,1,,0,19.6,1.9,0,,0,19.9,2.4,1,0,0,20.2,2.6,1,0,0,20.7,2.5,1,0,0,21.4,2.5,1,0,0,22.4,1.3,2,0.1,0,23.2,1.7,2,0.1,0,22.4,1,2,0,0,22,1.4,2,0,0,21.5,1.6,2,0,0,21.7,0.6,2,0,0,20.6,0.8,0,0,0,20,0.8,14,0,0,19.5,0.8,14,0,0,19.5,1.2,14,,0,19.7,1.2,15,,0,19.9,1,14,,0,20.1,1.1,14,,0,20.2,1,0,,0,20.7,1.6,0,,1,0,21.2,1.9,0,,0,20.3,1.7,0,,0,20.5,3.4,1,,0,20.3,4.6,1,,0,20.3,4.4,1,,0,20.1,4.3,1,0,0,20.1,4.1,1,0,0,19.8,5.1,1,0,0,20.1,4.1,1,0,0,20.1,4.1,1,0,0,20,4,1,0,0,19.8,5,1,0,0,19.6,4.4,1,0,0,19.8,4.8,1,0,0,19.7,4.7,1,0,0,19.7,5,1,0,0,19.7,5.1,1,0,0,19.7,5.2,1,0,0,19.9,4.6,1,,0,19.9,5,1,,0,19.9,4.4,1,,0,19.8,4.6,1,,0,19.7,5.2,1,,0,19.6,4.8,1,,1,0,19.6,4.6,1,,0,18.9,4.7,1,,0,18.8,4.3,1,,0,18.6,5,1,,0,18.9,4.5,1,,0,19.3,5,1,0,0,19.9,3,1,0.4,0,21.3,1.9,2,0.7,0,21.4,2.9,2,0.6,0,23,2.4,2,0.9,0,23.9,2.6,2,1,0,24.2,2.8,1,1,0,24.1,2,2,1,0,23.4,2.8,1,0.9,0,23.7,1.6,2,0.9,0,22.5,1.9,1,0.9,0,20.9,1.5,0,0.3,0,19.2,1.3,14,0,0,19.3,1.6,14,,0,19.1,1.4,14,,0,18.9,1.5,13,,0,19,1.6,14,,0,18.5,1.7,13,,0,18.4,1.6,14,,1,0,18.5,1.4,13,,0,18.8,1.5,13,,0,19.3,1.9,13,,0,19,1.8,13,,0,19.1,1.3,14,,0,19,1.1,15,0,0,19.8,1.4,0,0,0,21.1,1.2,1,0,0,22.6,0.7,3,0.3,0,23.6,1.1,3,0.9,0,23.5,1.1,3,0.9,0,23.6,1,3,0.9,0,23.2,1.1,3,1,0,24.3,0.9,3,0.9,0,23.8,0.7,3,1,0,22.2,0.8,3,1,0,20.8,0.3,14,0.3,0,19.4,1.4,14,0,0,19.3,1.3,14,,0,18.9,1.5,14,,0,19,1.4,15,,0,20,1.5,0,,0,20.8,3.4,1,,0,20.9,4,1,,1,0,20.5,5,1,,0,20.2,5.2,1,,0,20,4.6,1,,0,19.9,4.7,1,,0,19.7,4.4,1,,0,19.5,4.3,1,0,0,20.6,3.9,1,0.8,0,21.8,2.1,2,1,0,22.8,2.1,2,1,0,23.8,2.2,2,1,0,23.7,2.6,2,1,0,24.2,1.3,2,1,0,24.2,1.8,2,1,0,24.5,1.1,2,1,0,23.8,0.9,2,1,0,22.5,0.3,3,1,0,21.5,0.9,14,0.2,0,20.5,1.4,14,0,0,21,0.4,8,,0,20.2,0.1,16,,0,20.3,1.5,14,,0,20.5,1.2,13,,0,20.9,1.4,14,,0,20.4,1.5,14,,1,0,20.1,1.4,14,,0,20.1,1.6,13,,0,20.2,1.3,13,,0,20.5,1.5,14,,0,20.5,1.2,14,,0,20.4,1.1,13,0,0,22.4,0.7,0,0.5,0,22.9,0.3,2,0.1,0,20.9,2,1,0,0,23.1,0.5,6,0.3,0,23.9,1.2,8,0.5,0,21.8,0.8,8,0,0,21.7,0.6,9,0,0,20.7,0.7,12,0,1,20.2,1.3,13,0,0.5,20.5,1.1,13,0,0,20.8,0.6,13,0,1,20.1,1.1,12,0,0,20.9,0.8,11,,0,21.3,0.7,10,,0,22,2.4,9,,0,22.9,4.5,9,,0,23.1,4.3,9,,0,23.1,4.5,9,,1,0,23.2,4.5,9,,0,23,4.6,9,,1,21.3,0.8,10,,4,21,0.7,9,,6.5,21.1,2.9,9,,9,21.2,5.1,9,0,10,21.3,5,9,0,13,21.6,3.7,9,0,25,22.3,2.5,9,0,4.5,22.8,2.5,9,0,0.5,23.2,2.8,9,0,0,23.7,1,9,0,0,24.7,1.4,9,0,0,25.8,1.3,9,0.1,0,26.5,1.4,9,0.3,0,25.9,1.6,9,0.6,0,24.6,0.4,13,0,0,24.3,0.5,9,0,0,23,0.3,11,,0,23.7,1.3,1,,0,25,4.1,1,,0,24.3,4,1,,0,23.7,3.2,1,,0,23.3,5,1,,1,0,22.6,5.5,1,,0,22.5,5.4,1,,0,22.4,6.1,1,,0,22.1,5.4,1,,0,21.6,5.8,1,,0,21.3,5.3,1,0,0,21.3,5,1,0,0,23.1,4.6,1,0.5,0,22.8,4.1,1,0.2,0,23.5,3.6,1,0.1,0,23.4,2.2,2,0.8,0,24.3,1.4,3,0.8,0,25.9,1.6,2,1,0,25.8,1.3,3,1,0,23,2.5,3,0.5,0,22.6,3.1,3,0.2,0,22.3,2.3,2,0,0,22.1,2.5,3,0,0,21.6,2.1,2,,0,20.8,4.6,1,,0,20.5,6.4,1,,0,20.3,5.9,2,,0,19.9,6.1,2,,0,19.4,6.6,1,,1,0,19,6.3,1,,0,18.7,6.3,1,,0,18.5,7.5,1,,0,18.1,7.1,1,,0,18,5.7,1,,0,18,6.5,1,0,0,19.1,6.3,1,0.5,0,19.6,6,1,1,0,20.7,6.3,1,1,0,21.4,5.9,1,1,0,22.4,3.9,2,1,0,22.7,4.9,2,1,0,22.6,4.8,2,1,0,22.6,4.7,2,1,0,22,4.9,1,1,0,21.3,5.1,1,1,0,20.8,5.3,1,0,0,20.4,5.9,1,0,0,20.4,6,1,,0,20.5,5.4,1,,0,20.4,4.5,1,,0,20,4.7,1,,0,19.7,3.9,1,,0,19.5,4,1,,1,0,19.7,5.7,1,,0,20.6,6.2,1,,0,20.3,6.1,1,,0,19.8,5.5,1,,0,19.6,6.5,1,,0,19.8,6.9,1,0,0,20.4,7.1,1,0.9,0,21.7,4.8,1,1,0,22.6,7.3,1,1,0,23.2,6.2,1,1,0,24.3,4.1,2,1,0,24.7,4.3,2,1,0,25.3,3.9,2,1,0,25.1,5.2,2,1,0,25,4.9,1,1,0,24.5,4.6,1,1,0,22.9,4.5,1,0.1,0,22.5,4.6,1,0,0,22,5.5,1,,0,22.3,5.5,1,,0,22.6,6.7,1,,0,22.9,3.3,2,,0,22.4,3.7,1,,0,22.1,5.1,1,,1,0,21.9,4,1,,0,21.4,4.2,1,,0,21.2,2.6,1,,0,21.4,3,1,,0,21.2,3.4,1,,0,21.2,4.2,1,0.1,0,22,3.6,1,1,0,23,2.8,1,1,0,24.4,1.5,2,1,0,24.2,1.9,2,1,0,24.8,1.2,3,1,0,24.4,1.5,4,1,0,24.2,1.2,6,1,0,24.7,1,7,1,0,23.8,0.8,3,1,0,23.3,0.7,7,1,0,22.6,0.9,9,0.1,0,20.4,0.6,13,0,0,19.5,0.6,13,,0,19.5,1,15,,0,19.3,1.2,15,,0,20.2,0.7,13,,0,19.4,0.8,13,,0,19.7,1.3,13,,1,0,20.6,0.5,13,,0,20.6,0.8,13,,0,20.4,0.7,13,,0,19.5,0.8,13,,0,19.5,1.3,13,,0,19.5,1.3,13,0,0,22.4,0.6,9,0.9,0,23,0.8,4,1,0,23.6,1.4,3,0.9,0,25,0.8,3,1,0,24.8,1,4,1,0,24.8,0.6,4,1,0,24.2,1.1,3,0.9,0,24.3,1.1,3,0.9,0,23.8,0.5,3,1,0,22.6,0.4,5,1,0,21.9,0.5,2,0,0,21.3,0.3,0,0,0,20.2,1.2,14,,0,19.9,1.2,14,,0,19.5,1.5,14,,0,20,1.2,14,,0,20.8,1.1,15,,0,20.8,1.4,15,,1,0,21.2,1.1,14,,0,21.7,1,15,,0,22.1,2.1,1,,0,22.3,1.9,1,,0.5,20.6,1.6,1,,1,20.3,1.1,1,0,1,20.2,3.5,1,0,0,20.6,3.4,0,0,0,21.9,3.5,1,0,0,23.9,2.2,2,0.6,0,23.5,2.7,2,1,0,23.2,4.5,1,1,0,20.8,3.7,1,0.2,0,20.3,2.7,2,0,0,20.2,4.1,1,0,0,20.3,4.2,1,0,0,19.7,5.6,1,0,0,19.3,5.8,1,0,0,19.3,5.6,1,,0,19.2,5.7,1,,0,19.2,5.6,1,,0,19,4.2,1,,0,19.1,3.6,1,,0,18.7,4,1,,1,0,18.8,4.1,1,,0,18.9,3.8,1,,0,19,3.9,1,,0,18.8,3.6,1,,0,19,3.5,1,,0,19,2.9,1,0,0,19.6,3.8,1,0,0,20,2.5,1,0,0,20.9,1.5,2,0,0,21.7,1.4,2,0,0,22,1.2,2,0,0,21.3,0.7,3,0,0.5,19.7,1.1,1,0,0,20.1,0.6,5,0,0,20.1,1.6,0,0,0,20.9,0.1,16,0,0,20.6,0.3,4,0,0,20.6,0.7,13,0,0,20.3,0.3,15,,0,20.3,0.6,13,,0,20.2,0.7,13,,0,20.2,0.4,12,,0,20.4,1.1,13,,0,20.9,0.8,13,,1,0,21.6,0.7,12,,0,21.9,1,12,,0,21.7,0.8,12,,0,22.1,0.6,10,,0,21.2,0.3,8,,0,20.7,0.2,16,0,0,23.7,0.5,9,0.8,0,24.8,0.7,8,0.9,0,26.2,2.1,9,0.4,0,26,3,9,1,0,25,4,9,1,0,26.9,3.2,9,1,0,26.8,3.5,8,1,0,26.9,2.1,8,1,0,25,1.9,8,1,0,24.3,1.4,9,1,0,23.2,3.1,9,0.1,0,22.8,0.7,8,0,0,22.1,0.7,10,,0,21.6,0.6,11,,0,21.4,0.7,15,,0,21.1,1.1,15,,0,21.3,0.9,15,,0,21,1.2,15,,1,0,20.8,1,14,,0,22.6,1.7,2,,0,22.6,4,1,,0,23,4.2,1,,0,23,5.3,1,,0,23.1,5,1,0,0,22.9,4.9,1,0,0,23,4.8,1,0,0,23.2,4.3,1,0,0,24.5,4.7,1,0.4,0,25.2,3.5,2,0.3,0,25.4,2.9,2,0.8,0,24.5,3.1,2,1,0,25,3.5,1,0.4,0,24,2.9,1,0.7,0,23.7,3.4,1,0.4,0,23.2,2.7,1,0,0,23.1,2.7,1,0,0,22.9,3.9,1,,0,22.7,4.3,1,,0,22.5,3.9,1,,0,22.2,4.8,1,,0,22.3,4.6,1,,0,22.2,3.5,1,,1,0,21.7,5.4,1,,0,20.7,6.4,1,,0.5,19.3,6.4,1,,1,18.7,6.8,1,,2.5,17.9,8.7,1,,0.5,18.3,7.2,1,0,5,18.1,6.7,1,0,5,17.6,7.6,1,0,7,17.5,7.1,1,0,8.5,17.3,8.1,1,0,7.5,17.1,7.1,1,0,7.5,17,6.6,1,0,3.5,16.8,8.1,1,0,2.5,16.7,7.6,1,0,0.5,17.1,8.8,1,0,0,17.2,8.1,1,0,3.5,16.9,8.1,1,0,9.5,17.5,8.1,1,0,7.5,17.7,8,1,,10,18.2,8,1,,2.5,18.4,8.9,1,,2,18.2,8.3,1,,1.5,18.2,10.1,1,,0,18.9,8.2,1,,1,3,19,8.5,1,,4,19,9.8,1,,3.5,19,8,1,,2,19,8.1,1,,4,18.6,6.6,1,,7,18.4,7.5,1,0,28.5,18.6,7.2,1,0,38,22.4,7.9,9,0,7.5,22,17.2,9,0,0.5,22.3,3.4,9,0,1,24.6,1.9,9,0.2,0,24.1,1.6,9,0.4,0,25.2,2.2,12,0.7,0,26.5,1.7,11,0.9,0,26.4,1.5,12,1,0,25.9,1.8,12,1,0,24.4,1.2,13,0.1,0,23.6,1.6,0,0,0,23.4,2.2,1,,0,23.8,1.6,2,,0,23.1,1.8,2,,0,22.3,2.1,2,,0,22.2,5.6,1,,0,21.3,3.4,1,,1,0,21.1,2.1,2,,0,20.9,1.7,3,,0,20.5,4.9,1,,0,19.4,3.2,2,,0,19,3.5,2,,0,18.7,5.2,1,0,0,18.8,5.2,1,0,0,18.7,5.1,1,0,0,19.6,5,1,0.2,0,20.8,5.6,1,0.8,0,20.3,3.8,2,0.6,0,20.3,4.3,1,0,0,20.9,3,2,0.2,0,20.8,3.1,2,0.3,0,20.2,3.5,1,0.2,0,19.7,3.1,1,0,0,19.2,2.3,1,0,0,19.1,2.2,1,0,0,19.4,1.7,1,,0,19.5,1.8,3,,0,19.3,1.4,2,,0,19.1,3.1,1,,0,18.9,3,1,,0,18.9,3.4,1,,1,0,18.2,3.5,1,,0,17.8,3.3,1,,0,18,3.6,1,,0,18.1,3.6,1,,0,17.9,4.1,1,,0,18,4.9,1,0,0,18.1,4.5,1,0.3,0,19.1,4.5,1,0.7,0,20.1,2.7,2,0.3,0,21.4,3,2,0.4,0,21.3,3.3,1,0.1,0,21.9,1.6,2,0.2,0,22.1,1.7,2,0.1,0,21.6,1.3,2,0.1,0,21.1,2.9,1,0,0,20.7,3,1,0,0,20.3,2.6,0,0,0,20.2,2.8,1,0,0,20.2,2.7,1,,0,20.1,2.3,1,,0.5,18.7,1.6,2,,0.5,18.1,2.4,1,,0,17.9,2,0,,0.5,18.1,0.9,15,,1,0,18.5,2.2,1,,0,18.6,2.2,0,,0,19.1,2.6,0,,0,19,2.6,0,,0,18.6,3.7,1,,0,18.6,3.7,1,0,0,19.3,4.1,1,0.2,0,19.8,2.5,1,0,0,19.5,3.2,1,0.1,0,21.5,3.7,1,0.2,0,20.7,2.1,1,0.3,0,20.3,2.5,1,0,0,19.6,2.2,0,0,0,19.9,1.1,0,0,0,20.5,1.8,0,0,0,21,1,1,0,0,19.8,1.1,15,0,0,19.2,1.3,15,0,0,19,1.4,15,,0,19.1,1.7,15,,0,19.7,1.7,0,,0,19.1,1.3,15,,0,19.3,1,14,,0,19.4,1.1,15,,1,0,19.6,1.2,14,,0,18.7,1.2,14,,0,18,1.5,14,,0,17.9,1.6,14,,0,17.6,1.3,14,,0,17.9,1.5,15,0,0,18.8,1.2,14,0,0,20.7,0.6,15,0.1,0,22.5,0.5,3,0.6,0,23.1,0.6,3,0.8,0,23.5,1.1,8,1,0,24.1,1.2,8,1,0,24.2,0.9,8,1,0,22.9,0.5,6,0.5,0,22.5,0.3,3,0,0,21.5,0.2,16,0,0,19.6,1,13,0,0,19.2,1.5,13,0,0,19.2,0.5,14,,0,19,1.5,14,,0,19,1.4,15,,0,18.7,0.8,14,,0,18.4,0.6,15,,0,19.1,0.8,1,,1,0,19.5,0.5,0,,0,21.2,3.7,1,,0,20.8,5,1,,0,20.6,4.8,1,,0,19.9,5.3,1,,0,19.6,5.4,1,0,0,19.3,4.5,1,0,0,19.4,3.9,1,0,0,19.4,3.7,1,0,0,20.4,3.3,1,0.1,0,20.8,3.6,2,0.5,0,20.2,2.9,2,0.4,0,20.7,1.9,2,0.5,0,20.3,1.7,2,0,0,20.6,1,2,0,0,20,1.4,2,0.2,0,19.6,1.1,2,0,0,19.1,2.1,2,0,0,19.2,1.8,1,,0,19,1.6,2,,0,18.8,1.7,2,,0,18.8,2,2,,0,18.6,4.6,1,,0,18.2,3.9,1,,1,0,17.9,4.6,1,,0,17.8,4.7,1,,0,17.8,4.4,2,,0,17.9,4.6,1,,0,17.7,5,1,,0,17.6,4.6,1,0,0,17.9,4,1,0.1,0,18.2,3.6,2,0.7,0,19.3,3.4,2,0.9,0,19.2,2.5,2,0.7,0,20.1,3.1,1,0.9,0,20.8,3,2,1,0,19,4.1,1,0.1,0,19,3.3,1,0,0,19,3.3,1,0.6,0,18.3,4.1,1,0.7,0,17.9,3.9,1,0,0,17.2,3.1,1,0,0,17.3,3.1,1,,0,17.6,3.9,1,,0,17.6,4,1,,0,17.9,3.5,0,,0,17.9,3.8,1,,0,17.9,4.3,1,,1,0,17.9,3.8,1,,0,18.5,4.9,0,,0,18.5,3.7,1,,0,18.5,4.2,0,,0,18.9,4.6,1,,0,18.7,4.7,1,0,0,18.8,4.4,1,0,0,18.3,4.9,1,0,1.5,16.6,4.8,1,0,0.5,16.6,5,1,0,0,17.3,4.5,0,0,0.5,17.8,4.6,0,0,0.5,17.8,3.6,1,0,0.5,17.3,5.6,1,0,1,17,6.4,1,0,7,17.4,4.6,1,0,9,18,5.8,1,0,12.5,17.7,5.6,0,0,14,19.3,3.3,1,,3,20.9,1.2,5,,0,22.4,2.9,9,,0.5,23,5.7,9,,0.5,22.9,5.9,9,,0.5,22.4,6.3,9,,1,0.5,22.3,7.9,9,,1.5,22,5.1,9,,2,21.5,2.2,9,,0,21,1,8,,0,19.3,0.7,8,,0,18.9,1.6,13,0,0,22,0.5,15,1,0,23.8,0.6,5,1,0,26.1,0.5,3,1,0,26.7,0.9,3,1,0,26.6,1.4,2,1,0,26.8,0.8,3,1,0,26.7,0.9,4,1,0,25.9,0.5,4,0.9,0,25.2,0.4,3,0.9,0,23.9,1,3,0.6,0,22.8,2.2,2,0,0,21.9,2.1,2,0,0,20.9,3.5,1,,0,20.2,4.6,1,,0,19.7,2.9,1,,0,19.7,2.9,2,,0,19.7,7.2,1,,0,19,6.9,1,,1,0,18.5,6.4,1,,0,18.1,6.5,1,,0,17.5,6.6,1,,0,17.3,6.9,1,,0,16.5,7.3,1,,0,16.3,5.8,1,0,0,15.2,5.2,1,0,2,13.7,5.3,1,0,0.5,13.6,5.7,1,0,1.5,13.2,6.3,1,0,0,13.3,5.4,1,0,3.5,12.7,5.9,1,0,3.5,12.6,5.4,1,0,2,12.8,5.4,1,0,3,12.5,5.9,1,0,2,12.7,6.1,1,0,0.5,12.4,6.7,1,0,0,13.4,6.3,1,0,0,13.6,6.3,1,,0,13.7,6.4,1,,1.5,12.6,5.7,1,,10,11.9,5.8,0,,2,13.3,5.5,0,,1,13.5,7,1,,1,0,13.5,4.4,1,,0,13.9,5.2,1,,0,14.1,5.9,1,,0,14.2,5.8,1,,0,14.2,4.7,1,,0,14.2,5.5,1,0,0,14.8,6,1,0.6,0,16.2,4.4,1,1,0.5,17.8,1.7,2,1,0,18.8,1.9,2,1,0,19.9,1.3,3,1,0,19,1.2,4,1,0,19.3,1.7,2,1,0,18.8,0.9,3,1,0,18.1,0.9,7,1,0,17.8,0.4,8,0.8,0,16.4,1.1,14,0,0,15.9,0.7,13,0,0,16.8,0.7,11,,0,16,0.3,11,,0,15.2,0.4,13,,0,15.8,0.7,12,,0,16.4,1.1,12,,0,16.6,0.8,12,,1,0,15,0.4,10,,0,13.8,0.2,16,,0,14.1,0.9,11,,0,14.7,2.4,13,,0,14.6,2,1,,0,13.7,1.4,13,0,0,16.6,0.1,16,0.8,0,18.6,0.5,9,1,0,18.5,1,8,1,0,19.6,0.9,4,1,0,20.5,1.1,4,1,0,20.8,1.2,3,1,0,20.2,0.8,3,1,0,19.7,0.9,5,1,0,19.5,0.5,2,1,0,18,0.7,2,0.9,0,16.4,1,15,0,0,16,1.6,14,0,0,15.8,1.7,14,,0,15.3,2,15,,0,16.6,3.9,1,,0,15.9,4.8,1,,0,15.4,5.3,1,,0,15.2,4.2,1,,1,0,15,3.2,1,,0,14.7,3.5,1,,0,14.6,3,1,,0,14.4,3.6,1,,0,14.2,3.5,1,,0,14.5,3.9,1,0,0,15,4.3,1,0.5,0,16.7,2.6,2,1,0,17.4,2.5,2,0.4,0,18.1,2.4,2,0.9,0,18.9,2.7,2,1,0,19.2,3.2,1,1,0,20,2.2,2,1,0,19.9,2.2,2,1,0,19,1.6,2,1,0,17.7,1.3,2,0.9,0,16.6,1.9,0,0,0,16.2,1.5,15,0,0,15.7,1.4,14,,0,16.4,1.6,15,,0,16.5,1.7,15,,0,16.9,2,15,,0,17,2.5,0,,0,16.7,2.7,1,,1,0,17,3.5,1,,0,16.7,3.6,1,,0,16.6,4.1,1,,0,16.6,4.4,1,,0,16.5,4.5,1,,0,16.4,4.2,1,0,0,17.3,3.7,1,0.8,0,18.7,2.2,2,1,0,19.9,2.2,2,1,0,20.8,2.1,2,1,0,21,1.9,2,1,0,21.7,2.5,1,1,0,21.9,1.4,2,1,0,21.7,2.4,1,0.7,0,20.6,2.2,2,1,0,19.3,2.2,1,0.8,0,18.6,2.3,0,0,0,19,2.9,0,0,0,18.8,2.5,0,,0,18.3,1.8,0,,0,17.4,1.6,15,,0,17.7,1.7,15,,0,17.1,1.5,15,,0,17,1.5,15,,1,0,17.3,1.6,15,,0,18,1.3,14,,0,17.6,1.4,15,,0,17.7,1.2,15,,0,17.2,0.9,1,,0,17,0.8,15,0,0,19.3,0.4,4,0.7,0,19.9,1.1,2,0.9,0,20.8,0.5,3,0.4,0,22.1,0.7,3,0.7,0,21,1.2,4,0.7,0,22,1.2,6,0.4,0,21.9,1.2,8,0.1,0,22,1.1,8,0.3,0,21.9,1.4,9,0,0,21.2,0.4,12,0.1,0,19.9,1.2,13,0,0,19.7,1.4,13,0,0,19.5,1.2,13,,0,19.7,1.3,13,,0,19.7,0.7,13,,0,20,0.5,12,,0,19.7,0.2,16,,0,19.7,0.2,16,,1,0,19.8,0.4,12,,0,20.1,0.4,12,,0,19.9,0.9,8,,0,19.7,0.6,11,,0,19.1,0.6,8,,0,18.4,0.1,16,0,2,18.4,0.3,13,0,0.5,18.9,1.2,12,0,2,18.9,0.4,13,0,1.5,18.5,0.4,10,0,2,18.1,0.9,12,0,2,18.9,0.4,13,0,0.5,19.3,0.4,5,0,0,21.3,0.6,9,0.2,0,20.7,2,8,0.7,0,20,0.7,9,0.7,0,18.6,0.4,13,0,0,18,0.9,14,0,0,18.3,0.6,14,,0,19.4,0.6,11,,0,19.6,0.5,10,,0,20,0.7,11,,0,20.3,0.7,9,,0,20.2,0.6,8,,1,0,19.9,0.3,8,,0,20.6,0.5,8,,1,20,0.7,11,,0,20.1,0.7,12,,0,21.1,1.4,9,,0,21.7,1.7,9,0,1,21.4,2.2,9,0,13.5,20.6,1,13,0,5,17.9,3,1,0,4,18,2.1,1,0,4,17.3,4.1,1,0,6,16.8,6.5,1,0,0.5,16.2,6.7,1,0,0.5,15.3,6.7,1,0,0.5,14.7,7.8,1,0,1,14.9,7.1,1,0,0,14.7,7.4,1,0,0,14.5,8.1,1,,0,14.7,6.7,1,,0,14.4,6.5,1,,2,13.8,6.9,1,,0.5,13.9,6.9,1,,0.5,13.8,7.1,1,,2,13.5,7.6,1,,1,0,13.9,7.2,1,,0,14,7.2,1,,0,14,8.2,1,,0,14,6.6,1,,0,13.9,6.2,1,,0,13.7,7.5,1,0,0.5,13.4,8.5,1,0,0,13.3,6.4,1,0,0,13.7,7.8,1,0,0,14.4,6.8,1,0.1,0,13.5,6.9,1,0,3,12.8,6.2,1,0,0,13.9,7.1,1,0.1,0,14.7,6.3,1,0.4,0,14.5,6.8,1,0,0,14.3,6.7,1,0,0,14.3,6.4,1,0,0,14.3,6.1,1,,0,14.6,6.2,1,,0,14.8,6.3,1,,0,14.5,6.1,1,,0,14.9,6.4,1,,0,15.2,5.5,1,,0,15,5.4,1,,1,0,14.7,5.4,1,,0,14.2,5,1,,0,14.1,4.9,1,,0,14.4,5.1,1,,0,14.3,4.8,1,,0,14.6,5.1,1,0,0,15,4.1,1,0,0,15.6,3.7,1,0.5,0,17.2,3.4,2,1,0,17.9,2.9,2,1,0,18.5,2,2,1,0,19,1.7,2,1,0,19,1.9,1,0.9,0,18.6,0.9,2,0.9,0,17.4,2,2,0.8,0,16.5,1.6,1,0,0,15.3,0.6,2,0,0,15,1.5,1,,0,14.8,1.5,14,,0,14.8,1.5,14,,0,15.1,1.7,14,,0,15.1,1.4,14,,0,15,1.5,15,,0,14.7,1.5,15,,1,0,15.4,1.5,0,,0,15.9,2.1,1,,0,15.7,2.1,0,,0,15.9,2.2,1,,0,16.1,2.2,1,,0,16.4,2.7,1,0,0,16.6,1.8,1,0.1,0,18.4,2.3,1,0.9,0,18.9,1.4,2,0.9,0,20,1.9,2,0.7,0,20.3,1.2,2,0.6,0,20.3,0.9,3,0.3,0,20.4,0.9,3,0.1,0,20.1,0.6,3,0.1,0,20.1,0.5,3,0,0,20,0.4,14,0,0,19,2,0,0,0,18.8,0.4,1,,0,17.8,1.1,14,,0,17.8,1.3,14,,0,18.4,1.3,15,,0,18.9,1.8,1,,0,19.1,1.4,15,,0,18.7,1.2,14,,1,0,18.7,1.2,14,,0,18.4,0.5,13,,0,18.3,1.2,1,,0,18.1,0.6,0,,0,17.6,1.2,0,,0,17.7,1.8,0,0,0,18.8,1.4,0,0,0,19.3,0.9,2,0,0,20.3,1.2,2,0.1,0,22.3,1.6,2,0.9,0,20,1.3,2,0.4,0,21.3,0.5,4,0,0,22.4,0.5,7,0.3,0,22.1,0.3,5,0.6,0,21.1,0.2,16,0.4,0,20.3,0.6,13,0,0,19.7,0.9,13,0,0,19.6,1.3,13,,0,18.8,1.6,14,,2.5,18.6,1.2,14,,0.5,18.6,0.9,13,,0,18,1.3,13,,0,17.7,1.3,13,,0,17.1,1.2,14,,1,0,17.2,1.6,13,,0,17,1.6,13,,0,16.6,0.2,16,,0,17,1.1,0,,0,17.5,0.8,1,,0,18.6,1,11,0,0,19.9,1.1,8,0.5,0,21.1,1,8,1,0,22,1.6,9,1,0,21.4,1.4,9,0.4,0,21.4,1.2,10,0,0,21.4,1,11,0,0,20.7,1,9,0,0,20.4,1.1,9,0,0,20.3,0.9,13,0,0,20.7,0.7,10,0.3,0,19.9,1.6,12,0,0,20.2,1.9,13,,0,19.7,1.6,0,,0,18.6,0.8,0,,0,18.5,1.4,2,,0,17.5,2.9,1,,0,16.7,2.4,1,,0,15.7,2.9,1,,1,0,15.3,3.5,1,,0,14.5,2.7,1,,0,14,3,1,,0,14,3.2,1,,0,13.9,3.7,1,,0,13.5,2.7,0,,0,15,1.9,1,0.7,0,16.5,1.7,2,0.3,0,17.3,1.1,3,1,0,17.8,1.3,3,1,0,18.3,1,3,0.2,0,18.5,0.9,6,1,0,19.2,1.4,8,0.9,0,18.8,1.9,8,0.9,0,18.2,2,8,0.9,0,17.1,1.5,9,0.5,0,15.2,1.3,13,0,0,14.8,1.5,14,,0,15.3,1.4,14,,0,15.1,1.3,14,,0,15.9,1.9,1,,0,15.2,3.2,1,,0,14.8,4.7,1,,0,14.4,4.3,1,,1,0,14.5,4.2,1,,0,14.2,3.5,1,,0,13.9,4.2,1,,0,13.8,3.5,1,,0,13.6,1.8,0,,0,12.8,1.1,15,,0,14.9,0.5,1,0.2,0,16.6,1,2,0.7,0,17.8,1.7,4,0.9,0,18.7,1,3,0.9,0,19.4,1.1,3,1,0,19.2,1.2,3,1,0,18.5,1.5,4,1,0,18.8,0.9,3,1,0,17.5,0.8,6,1,0,17,1.3,8,0.5,0,14.7,1.5,13,0,0,14.5,1.2,13,,0,14.6,1.5,13,,0,15.5,2.1,13,,0,15.1,0.3,1,,0,14.4,0.9,2,,0,15,1.5,15,,0,14.7,1.2,13,,1,0,14.5,1.3,15,,0,16.3,3.7,1,,0,16.1,3.3,1,,0,15.5,3,2,,0,15.5,3,1,,0,15,3.1,1,,0,15.9,2.8,1,0.3,0,17.2,3.6,1,0.3,0,18,2.7,1,0.3,0,20.3,2.3,2,0.5,0,20.1,2.4,2,0.7,0,21.2,1.5,2,0.6,0,20.2,1.2,2,0.2,0,19.7,0.8,4,0.1,0,19.7,0.4,15,0.3,0,18.4,0.8,0,0.4,0,17.5,1.1,14,0,0,18.2,1.2,14,,0,18,1.4,15,,0,17.6,1.6,14,,0,18.3,1.3,14,,0,19.1,0.3,11,,0,17.9,1.5,14,,0,17.9,1.4,14,,1,0,18.3,1.3,14,,0,18.1,0.9,14,,0,17.7,1.5,14,,0,17.9,1.1,14,,0,17.6,0.8,14,,0,17.4,0.4,0,,0,17.6,0.4,1,0,0,18.3,0.2,16,0,0,18,1,1,0,0,19,0.7,2,0,0,19.1,0.6,3,0,0,19.3,0.7,3,0,0,19,0.4,3,0,0,18.6,0.4,3,0,0,19.4,0.2,16,0,0,18.1,0,16,0,0,17.6,0.1,16,0,0,17.5,0.6,1,,0,17.2,1.1,14,,0,17.5,0.9,14,,0,17.4,0.8,14,,0,17.9,1.3,14,,0,18.3,0.9,15,,0,18.4,1,1,,1,0,18.5,1.8,1,,0,18.8,2,0,,0,18.7,1.8,0,,0,18.5,2.5,0,,0,17.9,2.7,0,,0,18.1,2.7,0,,0,18.6,2.2,0,0,0,19.3,3.6,0,0,0,20,3.1,1,0,0,19.7,1.1,1,0,0.5,19,1.1,1,0,1,18.8,1.1,0,0,0,18.6,1.2,2,0,0.5,17.5,2.5,1,0,1,17.7,1.5,15,0,1.5,17.3,1.6,1,0,1.5,17.1,1.1,0,0,3.5,17,0.6,0,,0.5,16.8,2.3,1,,0.5,16.8,1.2,1,,0.5,16.9,0.5,5,,0,17,0.8,13,,0.5,17,0.8,0,,0,16.9,0.4,5,,1,0,16.8,0.6,1,,0,16.9,0.3,14,,0,17,0.1,16,,0,17.1,0.9,0,,0,17.3,0.5,12,,0,17.5,0.3,12,,0,17.9,0.1,16,0,0,18.8,0.5,8,0,0,21.8,1.4,9,0.9,0,23.4,2,8,1,0,23.8,1,8,1,0,24.4,2,8,1,0,22,1.4,9,0.5,0,21.7,1.4,8,0,0,21.1,1.6,9,0,0,20.2,1.7,9,0,0,20.1,1.2,9,0,0.5,20.3,1.1,8,,2,19.2,1.5,11,,1.5,18.3,0.8,10,,0,18.4,1.3,11,,0,19.4,1.7,10,,0,19.4,1.7,11,,0,19.4,2.1,11,,1,0,18.6,1.7,11,,0,18.6,1.6,12,,0,18.2,1.3,12,,0,17.1,0.8,10,,0,15.7,0.7,8,,0,15.6,0.8,11,,0,16.2,1,9,0.5,0,17.3,1.4,9,1,0,18.3,1.5,10,1,0,19.1,2.2,14,1,0,19.9,1.4,11,1,0,20.6,1.3,3,1,0,20.5,1.2,2,1,0,18.4,1.6,3,0.7,0,18.3,1,3,0.2,0,17.1,1,0,0.2,0,15.5,1.6,14,0,0,16.4,1.8,0,,0,16.4,2,0,,0,16.3,4.5,1,,0,15.7,3.3,1,,0,15.7,3.9,1,,0,15.6,4,1,,0,15.3,4.3,1,,1,0,14.6,2.5,1,,0,14.7,2.9,1,,0,14.2,2.4,1,,0,13.8,1.5,0,,0,13.8,1.9,0,,0,13.6,2.6,1,,0,14.4,0.8,1,0.1,0,16,2.5,1,0.8,0,17.2,1.8,2,0.9,0,16.9,2.5,2,0.9,0,17.4,2.2,2,0.9,0,18.3,2.7,2,0.8,0,18.2,2.9,2,1,0,17.8,2.5,2,0.5,0,16.9,3,1,0.2,0,16.3,2.5,1,0,0,15.7,3.1,1,0,0,16.2,4.5,0,,0,16.4,4.3,1,,0,16.6,4.1,1,,0,16.8,4.4,1,,0,16.3,4.4,1,,0,16.3,5.1,1,,0,15.9,5.7,1,,1,0,15.6,5.2,1,,0,15.8,6.6,1,,0,15.5,6.7,1,,0,15.6,7.3,1,,0,15.8,7.2,1,,0,15.9,7.1,1,,0,16.2,7.7,1,0,0,16,7.1,1,0,0,16,7.6,1,0,0,16.1,6.8,1,0,0,16.5,8.5,1,0,0,16.8,7.2,1,0,0,16.7,7.5,1,0,0,16.5,6.5,1,0,0,16.4,7.6,1,0,0,16.2,7.6,1,0,0,16.2,8.4,1,0,0,16.2,6.7,1,,0,16.3,7.9,1,,0,16,8,1,,0,15.9,8,1,,0,16,7.2,1,,0,17.1,6,1,,0,16,6.2,1,,1,0,17.3,5.3,1,,0,17.2,5.8,1,,0,17.3,7.4,1,,0,17.2,5.9,1,,0,17.2,6.9,1,,0,17.4,6.9,1,,0,17.9,6.1,1,0,0,19.1,5.2,1,0.7,0,19.9,5,1,0.8,0,18.8,5.1,1,0,0,19.4,5.9,1,0,0,19.8,5.7,1,0,0,19.7,6.1,1,0,0,19.4,5.2,1,0,0,17.9,5.8,1,0,1.5,17,5.1,1,0,1.5,16.2,5.6,1,0,0,16.5,5.2,1,,0,17,5.1,1,,0,17.7,5.4,1,,0,18.1,2,1,,0,17.6,2.5,1,,0,17.5,2.5,1,,0,17.4,1.7,0,,1,0,16.1,1.3,0,,0,15.5,1.3,15,,0,15.2,1.4,14,,0,15.5,1.8,13,,0,15.9,0.3,15,,0,16.4,0.2,16,,0,17.6,0.2,16,0.3,0,18.8,0.5,9,0.3,0,20.5,1.2,9,0.4,0,19.6,1.1,9,0.1,0,19.9,1,3,0.7,0,19.5,0.6,3,0,0,19.7,1.6,3,0.5,0,18.6,1.2,2,0.2,0,18.2,0.5,1,0.2,0,17.6,1.1,13,0,0,16.3,0.7,13,0,0,15.6,1.4,14,,0,15.4,1.1,14,,0,15.4,1.5,15,,0,16,2,0,,0,16.2,4,1,,0,15.9,3.6,1,,0,16,4.2,1,,1,0,15.8,4.4,1,,0,15.3,4.3,1,,0,15.3,5,1,,0,15,6.2,1,,0,15.4,6.5,1,,0,15.4,4.7,1,,0,15.4,4.7,1,0,0,15.6,5.6,1,0,0,15.9,5.5,1,0.3,0,16.3,5.4,1,0.3,0,18.4,4.7,1,0.9,0,18,2.6,2,1,0,18,4.3,1,0.3,0,17,3.7,2,0.7,0,16.2,4.4,1,0.2,0,15.8,3.8,1,0,0,15.4,3.9,1,0,0,15.4,4.5,1,,0,15.4,2.5,1,,0,15.5,2.3,1,,0,15.6,0.5,0,,0,15.2,2.6,1,,0,15.4,2.7,1,,0,15.2,2.4,1,,1,0,15.1,2.9,1,,0,15.1,1,1,,0,15,3.1,1,,0,15.3,0.5,2,,1,15,0.5,13,,0.5,14.9,0.9,0,,0,15.5,0.7,10,0,0,17.5,0.6,2,0.5,0,18,1,3,1,0,17.5,1.1,3,0.4,0,17.7,1.5,2,0.1,0,19,0.8,3,0.6,0,20.1,0.7,3,1,0,19.5,0.8,2,0.5,0,18.7,1.3,2,0,0,17.9,1.3,2,0,0,17.6,0.9,3,0,2.5,16.8,0.4,2,,1.5,16.2,2.9,1,,0,16.1,1.3,2,,0.5,16.2,0.9,0,,0,16.2,0.7,12,,0,16.8,1.1,13,,0,17.2,0.9,14,,1,0,17.1,1.3,1,,0,17,0.1,16,,0,16.4,0.8,15,,0,16.2,0.5,14,,0,16.8,1,1,,0,16.1,4.2,1,,0,15.9,4.3,1,0.1,0,17.5,3.9,1,1,0,19.2,2.1,2,1,0,19.5,2.9,2,1,0,20,3.2,2,1,0,20.2,3.4,2,1,0,20.1,3.9,2,1,0,19.8,3.8,1,1,0,19.2,4.8,1,1,0,18.5,3.4,1,0.4,0,17.8,3.6,1,0,0,18.4,4,1,,0,18,4.3,1,,0,17.9,4.2,1,,0,18.1,4.2,1,,0,17.7,5.3,1,,0,17.2,5.2,1,,0,17.1,5.8,1,,1,0,16.6,5.7,1,,0,16.8,5.4,1,,0,17,5.6,1,,0,17,6.1,1,,0,16.3,6,1,,0,15.8,6.4,1,,0,15.6,6.4,1,0,0,15.3,6.8,1,0,0,14.8,7.9,1,0,0,13.9,8.4,1,0,0,14.6,6.7,1,0,1,13.7,4.6,0,0,2,13.7,5.9,1,0,0.5,13.9,5.5,1,0,0,14.6,6,1,0,0,15.6,6.9,1,0,0,15.8,5.7,1,0,0,15.5,6.5,1,,0,15.7,7.7,1,,0,15.8,4.7,1,,0,16.1,5.8,1,,0,15.8,5.1,1,,0,15.8,5.2,1,,0,15.8,5.9,1,,1,0,16.1,5.1,1,,0,16.5,4.3,1,,0,16.7,2.6,1,,0,16.3,3,1,,0,15.7,2.4,1,,0,15.9,2.5,1,,0,15.7,1.6,1,0,0.5,15.8,1.4,0,0,0,16.1,0.3,0,0,0,16.7,0.5,3,0,0,17.2,0.8,3,0,0,17,1.4,5,0.3,0,18.6,1,7,0.7,0,20.9,1.3,8,1,0,19.6,1.6,9,1,0,18.6,1.5,9,0.5,0,17.7,1.4,9,0,0,17.3,1,10,,0,16.9,1.4,11,,0,16,0.9,10,,0,16.1,1.7,12,,0,15.8,1.2,9,,0,15.3,1.2,8,,0,15.8,1.5,9,,1,0,15.6,1.4,9,,0,15.5,1.8,10,,0,15.1,1.7,11,,0,14.7,1.5,11,,0,14.7,1.4,10,,0,13.8,1.6,9,,0,13.9,1.7,9,0.4,0,14.6,1.7,11,1,0,15.6,1.9,11,1,0,15.7,2.1,10,1,0,15.4,2.1,9,1,0,15.4,2.6,9,1,0,15.8,2.2,9,1,0,15.5,2,9,1,0,14.4,1.8,10,1,0,12.9,1.8,10,0.5,0,11.7,1.4,10,0,0,10.9,1.7,12,,0,10.5,3.1,13,,0,10.2,2.9,13,,0,9.9,1.8,12,,0,9.8,2.2,13,,0,9.4,1.8,14,,0,9.2,1.7,15,,1,0,9.4,2.1,12,,0,9.2,2.4,12,,0,8.6,1.9,13,,0,8.3,1.5,14,,0,8.5,1.7,14,,0,8.3,3.1,13,,0,9.4,2.3,14,0.6,0,11.2,0.9,12,1,0,12.8,1,9,1,0,13.9,1.4,8,1,0,14.2,1.4,9,1,0,14.7,1.7,12,1,0,14.8,1.8,11,1,0,15.2,1.1,12,1,0,14.1,1.4,10,1,0,12.6,1.1,13,0.5,0,11.7,1.4,11,0,0,11.5,1.3,12,,0,11.3,1.6,11,,0,11.2,1.5,12,,0,10.9,1.6,12,,0,10.9,1.1,11,,0,10.3,1,13,,0,10.4,1.6,11,,1,0,9.8,1.2,10,,0,9.9,1.8,13,,0,10,3.9,14,,0,9.9,3.1,14,,0,10.4,3,14,,0,11.5,2.9,15,,0,12.5,1.7,14,0.6,0,14,0.8,11,1,0,15.1,1.5,3,1,0,14.8,1.3,4,1,0,16.5,1.2,9,1,0,16.2,1.1,9,1,0,16.8,1.1,15,1,0,16.6,0.6,3,1,0,15.2,0.9,3,1,0,14.1,1.1,13,0.5,0,12.6,1.9,14,0,0,12.5,1.7,15,,0,13.3,2.5,0,,0,13.1,3.4,0,,0,12.9,4.2,1,,0,12.2,5.5,1,,0,11.6,5.3,1,,0,11.4,4.9,1,,1,0,11.1,4.2,1,,0,11,2.6,1,,0,11.2,3.3,1,,0,10.9,2.9,1,,0,10.8,3.4,1,,0,10.2,2.8,1,,0,10.9,3,1,0.1,0,12.1,2.6,1,0.3,0,12.3,1.8,2,0.1,0,13.5,1.6,2,0.1,0,13.8,2.1,1,0.2,0,13.9,1.5,2,0.7,0,13.7,1.9,2,0.2,0,13.6,1.1,2,0,0,13.5,0.7,2,0.2,0,11.7,1.2,15,0.2,0,10.8,1.5,14,0,0,10.6,1.6,14,,0,11,1.5,13,,0,11.5,1.5,14,,0,10.8,1.8,13,,0,10.9,1.9,13,,0,10.6,1.9,13,,0,10.2,1,13,,1,0,10.4,1.6,13,,0,10.7,1.4,15,,0,10.6,0.3,15,,0,10.9,1.3,15,,0,10.2,1.2,0,,0,10.1,1.8,15,,0,10.9,1.2,15,0.3,0,13.8,1.1,2,0.9,0,13.9,0.5,2,0.2,0,14.8,1.1,8,0.5,0,17,2.6,8,1,0,16.2,1.1,8,0.3,0,15.5,1.2,8,0,0,15,1.2,8,0,0,13.5,0.6,8,0,0,12.5,0.2,16,0,0,12.3,0.8,9,0,0,11,0.4,12,,0.5,10.6,0.4,12,,0.5,10.9,0.8,9,,0.5,10.6,0.5,9,,0,11.1,0.4,10,,0,11.5,0.4,8,,0,11.4,0.7,10,,1,0,11.3,0.8,11,,0,11,1.4,12,,0,11.4,1.3,12,,0,11,1.4,14,,0,10.6,1.9,0,,0,9.7,1.5,0,,0,10.5,1.3,14,0,0,14,0.7,2,0.7,0,15.2,0.8,8,0.6,0,14.5,0.9,3,0.4,0,15.8,0.9,4,0.7,0,15.7,1.2,4,1,0,15.2,1,5,1,0,15.2,1,6,0.8,0,14.4,1.6,9,0,1,11.3,0.4,1,0,0,11.1,1.2,13,0,0,10.8,2,14,,0,11.2,1.9,0,,0,12.1,3.7,1,,0,12.1,4.5,1,,0,11.2,4.5,1,,0,10.2,4.3,1,,0,10.3,4.2,1,,1,0,10.2,3.5,1,,0,10.2,4.5,1,,0,9.8,4,1,,0,10,3.5,1,,0,9.7,3.3,1,,0,9.9,2.8,1,,0,10.2,2.6,1,0,0,12.1,2.6,1,0.9,0,13.1,1.3,3,1,0,14.7,1.5,3,1,0,14.4,1.6,3,0.9,0,13.5,1.2,2,0.3,0,15.1,0.7,4,0.4,0,14.9,1,4,1,0,13.7,0.9,2,0.8,0,12.9,1.5,3,0,0,11.7,2.1,1,0,0,11.4,1.9,1,,0,11.5,2.3,0,,0,10.9,2.2,0,,0,11.3,2,15,,0,10.5,2.4,0,,0,11,3.5,0,,0,10.8,3.5,0,,1,0,10.8,3.3,0,,0,11.2,3.4,1,,0,10.5,2.6,0,,0,10.7,3.1,0,,0,10.7,3.5,1,,0,10.3,4.7,1,,0,10.4,4.7,1,0,0,10.9,4.5,1,0.1,0,10.9,4.1,1,0,0,11.8,4,1,0,0,11.5,3.9,1,0,0,10.7,3.7,1,0,0.5,10.7,3,1,0,0,10.6,3.3,1,0,1,10,4.3,1,0,1,9.8,5.3,1,0,0.5,9.8,6.6,1,0,0,10.2,5.2,1,,0,10.9,7.4,1,,0,10.7,6.4,1,,0,10.7,6.7,1,,0,11,6.4,1,,0,11,6.4,1,,0,11.5,6,1,,1,0,11.3,5.3,1,,0,11.3,6.2,1,,0,10.8,5.5,1,,0,11,5.3,0,,0,11.7,3.8,1,,0,11.6,3.6,1,,0,12.2,3.7,1,0.3,0,13.6,3,1,1,0,14.6,2.1,2,1,0,15.7,1.8,2,1,0,16.3,1.6,2,1,0,16.5,1.9,2,1,0,16,2.7,2,1,0,15.9,2,2,1,0,14.9,3.4,2,1,0,14.2,3.3,1,0.7,0,13.4,2.4,0,0,0,13.5,3,1,,0,13.5,3.1,0,,0,13.5,3.1,1,,0,13.7,2.9,0,,0,13.7,2.9,0,,0,13.6,2.6,0,,0,13.4,1.3,15,,1,0,12.8,0.6,14,,0,12.5,3,1,,0,12.7,0.6,10,,0,12.3,1.6,13,,0,11.4,1.3,15,,0,12.4,1.1,14,,0,12.9,2.6,2,0,0,13.1,3.1,1,0,0,13.8,2.5,1,0.1,0,16.2,1.4,3,0.9,0,17.1,1.4,2,1,0,16.7,1.6,3,1,0,17.2,1,2,1,0,16.8,0.9,3,1,0,15.6,0.7,3,1,0,14.3,1.1,0,0.7,0,12.6,1.5,14,0,0,12,1.1,13,,0,12,0.9,12,,0,12.4,1.3,14,,0,12.1,1.3,14,,0,12,1.5,14,,0,12.7,0.5,11,,0,12.4,0.9,14,,1,0,12.7,1.5,14,,0,12.7,1.2,15,,0,12.4,0.8,15,,0,12.7,0.8,14,,0,12.9,1.5,15,,0,13,2.2,1,,0,13.5,2,1,0.2,0,15,2.6,1,1,0,16.4,1.2,3,1,0,17.4,1.1,3,1,0,17,2.3,2,1,0,17.4,1.3,3,1,0,17.5,1.9,2,1,0,17.8,4,1,1,0,16.8,3.8,1,1,0,16.1,3.5,1,0.7,0,15.1,2.9,1,0,0,15.2,3,1,,0,14.9,2.9,1,,0,15.2,3,1,,0,15.9,2.1,0,,0,15.7,3.4,1,,0,15,4.2,1,,0,14.7,5.3,1,,1,0,13.9,4.4,1,,0,13.4,4.5,1,,0,13.4,4.6,1,,0,13.6,3.3,1,,0,13.4,2.2,1,,0,13.9,3,1,,0,14,1.8,1,0,0,14.2,1,2,0,0,16.6,0.9,3,0.5,0,16.8,1.7,2,0.8,0,16.6,2.3,2,1,0,17.2,1.1,3,0.9,0,18,0.7,6,1,0,17.7,1,8,0.8,0,17.3,0.8,7,1,0,15.8,0.6,13,0.7,0,14.1,1.3,13,0,0,14.1,1.3,13,,0,13.7,0.3,0,,0,13.3,1.6,14,,0,13.1,1.1,13,,0,12.5,0.7,12,,0,12.6,0.8,13,,0,13.1,0.6,10,,1,0,15.4,1.1,7,,0,15.8,1,9,,0,15.8,0.9,12,,0,15.8,1.3,13,,0,16.3,1,12,,0,16.4,0.8,10,,0,16.8,1,13,0,0,17.4,1.4,12,0,0,15.8,1.3,2,0,0,14.4,2.3,1,0,0,13.9,3.3,1,0,1,12.6,4.5,1,0,1.5,12.2,4.6,1,0,0,12,4.4,1,0,1,12,5.7,1,0,0,12.1,7,1,0,1,12,5.9,1,0,1.5,11.7,7.6,1,,2,11.5,7.4,1,,4.5,11.4,7.8,1,,1,11.3,8.3,1,,2,11.2,8.2,1,,0.5,11.7,7.8,1,,1,11.7,8.3,1,,1,0.5,12,8.1,1,,0,12.3,7.4,1,,0,13.1,7.9,1,,0,12.6,7.7,1,,0,12.5,6,1,,0,12.2,7.6,1,,0,12.2,5.9,1,0,0,13.1,7,1,0,0,13.7,6.3,1,0,0,14.4,7.7,1,0,0,14.5,7.4,1,0,0,15.2,7.1,1,0.6,0,16,5.9,1,0.1,0,15.2,5.3,1,0.1,0,15.4,5.5,1,0,0,15.2,5.2,1,0,0,15.2,4.3,1,0,0,14.7,4,1,,0,14,3.1,2,,0,13.5,3.3,2,,0,12.6,2.8,2,,0,13.1,1.9,1,,0,13.6,3.8,1,,0,13,3.1,2,,1,0,12.5,4,1,,0.5,11.9,4.5,1,,0.5,12.3,4.4,1,,0,12.7,4,1,,0,12.3,4.7,1,,0,12.5,4.3,1,,0,12.2,5,1,0,0,12.5,5.5,1,0.1,0,13.8,4.4,2,1,0,15,1.6,2,1,0,15.3,2.1,2,1,0,15.9,1.5,2,1,0,15.8,2.1,2,1,0,15.7,1.6,2,1,0,14.8,1.2,2,1,0,14.1,2.2,1,0.7,0,13.1,2,0,0,0,13.3,1.9,0,,0,12.1,1.3,1,,0,12.9,2,15,,0,13.6,1.9,15,,0,13.8,2,0,,0,14.2,1.9,0,,0,13.5,1.8,15,,1,0,13.4,1.4,0,,0,13.3,1.5,15,,0,13,1.5,14,,0,12.6,1.6,14,,0,12.9,1.4,14,,0,13,1.4,14,,0,13.1,1.6,14,0,0,16.4,0.2,16,0.6,0,16.7,0.8,1,0.2,0,17.7,0.9,6,0.4,0,17.5,1,5,0.2,0,17.4,1,3,0,0,16.2,1.3,14,0,0,16.5,0.9,13,0,0,16.1,1.5,13,0,0.5,14.9,1.3,14,0,0,15.4,1.3,13,0,0.5,14.9,2.2,13,,0,13.9,0.6,9,,0,13.7,1.3,14,,0,14.3,1.2,13,,0,15,1.6,13,,0,16,1,13,,1,16,0.6,0,,1,0,15.9,0.5,14,,0,16.3,1.9,13,,0.5,16.5,1.2,13,,0.5,16.5,0.9,13,,0,16.9,0.8,11,,0.5,17.8,0.8,9,,0,17.3,1.2,9,0,0,18.1,1.1,9,0,0.5,18.1,1.3,9,0,0.5,18.3,1.8,9,0,4,17.1,1.2,10,0,5.5,17.6,1.3,8,0,1,17.9,1.1,9,0,1,18.1,0.6,8,0,0,17.6,1.4,1,0.8,0,16.7,0.3,10,0.3,0,15.4,1.3,0,0,0,15.3,1.4,15,,0,15.4,2.2,1,,0,15.7,2.7,0,,0,14.2,2.7,1,,0,15.5,2.9,1,,0,14.9,2.4,0,,0,13.6,1.4,15,,1,0,13.5,1.3,0,,0,14.2,1.8,0,,0,14.4,2,0,,0,13.7,2.4,0,,0,14,4.6,1,,0,14.2,5.1,1,,0,14.1,4.8,1,0,0,15,3.4,1,0.7,0,16,2.6,2,1,0,16.5,2.7,2,1,0,17,2.7,2,1,0,17.5,2.4,2,1,0,17.3,2.7,2,1,0,16.9,2.8,2,0.9,0,16.2,2.1,1,0.2,0,15.6,2.7,1,0.1,0,15.3,2.2,1,0,0,16.1,1.8,1,,0,16.3,2.1,15,,0,16.3,0.9,15,,0,15.9,1.3,15,,0,15.9,0.6,7,,3,14.8,1.4,0,,4,15.4,0.3,12,,1,0,15.3,0.8,13,,0,15,0.6,13,,0.5,15.3,0.9,13,,0,15.7,0.9,12,,0,15.5,2,13,,0,15,1.1,13,,3,15,0.6,13,0,1.5,16,1.1,9,0,0.5,16.6,1.2,12,0,0,17.3,0.8,13,0,0,18.7,1,9,0,0,19.4,1.1,10,0,3.5,18.8,1.2,9,0,0,19.2,1.7,9,0,0,18.4,1.5,10,0.5,0,17.2,1.3,8,0.8,0,16.9,1.6,11,0,0,16.2,1.5,10,,0,15.8,1.4,11,,0,15.1,1.8,12,,0,14.8,1.7,11,,0,13.9,1.5,10,,0,12.8,2.3,12,,0,12,2,11,,1,0,11.5,1.6,10,,0,11.3,1.8,11,,0,10.6,1.7,10,,0,9.7,1.8,9,,0,8.5,1.9,10,,0,7.5,1.8,9,,0,7,2.1,8,0.2,0,7.4,2,9,1,0,8,2.2,10,1,0,8.5,1.9,10,1,0,8.9,2.3,8,1,0,9.5,2.1,8,1,0,9.9,1.9,9,1,0,10,1.9,9,1,0,9,2,10,1,0,7.7,2,9,0.8,0,6.9,1.7,10,0,0,6.7,2.1,10,,0,6.3,1.7,10,,0,6.2,1.7,11,,0,6.1,1.6,10,,0,6,2,10,,0,5.7,1.5,11,,0,5.3,1.6,12,,1,0,5.4,1.6,11,,0,5.2,1.6,9,,0,5,1.9,12,,0,4.8,1.8,10,,0,4.5,1.6,11,,0,4.6,1.6,10,,0,5.2,2.1,10,0.3,0,6.8,2.4,11,1,0,7.5,2.6,10,1,0,8.2,2.2,9,1,0,8.8,2.3,9,1,0,8.9,2.3,9,1,0,9.4,2.2,9,1,0,9.3,2,9,1,0,9,2,9,1,0,8.4,2,10,0.8,0,8.3,1.9,10,0,0,8.1,1.7,10,,0,8.4,1.9,11,,0,8.4,1.5,11,,0,8.8,1.9,10,,0,8.7,1.7,11,,0,9.4,2,12,,0,9.5,1.6,11,,1,0,9.9,1.5,10,,0,10.5,1.7,10,,0,10.5,1.7,9,,0,10.5,1.5,11,,0,9.6,1.5,11,,0,10.5,1.6,9,,0,10.7,1.7,12,0,0,9.2,1.2,10,0,0.5,9.5,1.5,8,0,0,9.3,1.7,9,0,1,9.4,1,8,0,0,9.6,1.1,9,0,0.5,10.3,1.7,11,0,0,10.5,1.6,10,0,0.5,9.7,1.8,9,0,0.5,8.7,1.3,8,0,1.5,8.3,1.1,9,0,0,8.4,1.2,8,,0,8.4,0.5,8,,0,8.6,0.7,14,,0,8.7,0.5,7,,0,7.4,0.7,14,,0,7.5,0.6,12,,0,7.5,1.5,14,,1,0,6.9,1.2,15,,0,7.2,1.5,12,,0,7,1.1,12,,0,6.9,1.2,9,,0,6.7,1,10,,0,6.4,1.4,10,,0,6.3,1.5,10,0.3,0,7.5,1.4,9,1,0,8.5,1.7,9,1,0,10,1.4,8,1,0,10.7,1.4,8,1,0,10.9,1.5,8,1,0,10.9,1.3,9,1,0,10.3,1.6,8,1,0,9.4,1.7,9,1,0,8.2,1.7,10,0.9,0,7,1.3,9,0,0,6.7,1.5,11,,0,6.4,1.4,10,,0,6.1,1.5,11,,0,5.6,1.3,12,,0,5.3,1.5,12,,0,5,1.1,12,,0,4.9,1.6,12,,1,0,4.6,1.3,11,,0,4.6,1.2,10,,0,4.5,1.2,11,,0,4.3,1.2,10,,0,4.1,1.2,12,,0,4.1,1.9,12,,0,4.4,1.7,12,0.2,0,5.9,2,13,1,0,7.3,2.1,12,1,0,8.3,1.4,12,1,0,9.8,1.4,9,1,0,10.3,1.3,8,1,0,9.8,1.2,9,1,0,10.5,1,8,1,0,8.9,1,10,1,0,7.3,0.8,15,0.9,0,6.2,1.5,13,0,0,6.3,1.5,12,,0,5.7,1.6,13,,0,5.6,1.4,12,,0,5.2,1.1,12,,0,5.1,1.8,12,,0,5,1.6,12,,0,4.9,2.1,12,,1,0,4.6,1.3,11,,0,4.7,1.4,12,,0,4.6,1.2,13,,0,4.2,0.9,13,,0,3.8,0.8,14,,0,3.5,0.6,14,,0,4.5,0.9,0,0.2,0,7.7,0.7,10,1,0,8.9,0.8,6,1,0,9.5,1.1,3,1,0,9.9,1.6,3,1,0,10.1,1.4,3,1,0,9.5,1.5,2,0.9,0,9.9,2.5,1,0.7,0,9.4,2.6,1,0.8,0,8.7,1.3,0,0.5,0,8.1,1.4,15,0,0,8.1,1.3,15,,0,8.6,1.4,0,,0,8.7,1.7,15,,0,8.8,2.3,0,,0,8.7,2.7,1,,0,8.2,3.7,1,,0,7.9,3.8,1,,1,0,7.1,4.9,1,,0,7,3,0,,0,7.1,2.8,0,,0,5.9,1.9,0,,0,5.9,2.2,0,,0,5.2,1.6,14,,0,5,1,14,0,0,9.2,1.2,9,1,0,10.6,1.6,9,1,0,11.3,1,8,1,0,12.3,1.3,9,1,0,12.9,1.1,9,1,0,13.6,1.3,8,1,0,13.6,1.1,8,1,0,12.3,1.2,8,1,0,10.2,0.6,10,0.9,0,7.9,0.9,13,0,0,7.7,0.8,13,,0,8.1,1.2,13,,0,8.4,1.2,13,,0,10.5,1.9,13,,0,9.9,0.5,12,,0,10.8,1.8,12,,0,10.5,1.2,12,,1,0,9.2,0.6,11,,0,9.2,1.3,14,,0,8.9,2.1,1,,0,8.3,3.7,0,,0,7.7,3.4,0,,0,7.3,3.8,1,,0,7.3,3.7,1,0,0,8.7,3.5,1,0.8,0,10.3,1.3,2,1,0,11,1.3,2,1,0,11.5,1.3,3,1,0,12,1.7,3,1,0,11.6,1.4,3,1,0,11.9,0.9,4,1,0,11,0.7,6,1,0,9.4,0.2,16,0.9,0,8.1,1.5,14,0,0,9.2,2.2,0,,0,9.5,3,0,,0,9,3.9,1,,0,8.6,3.6,1,,0,8.2,3.4,1,,0,7.7,2.7,0,,0,7.5,2.5,0,,1,0,6.6,1.8,0,,0,6.7,1.9,0,,0,6.6,1.9,0,,0,6.9,2.4,0,,0,6.7,2,0,,0,7.4,1.8,0,,0,8.3,2.8,1,0,0,9.5,2.4,1,0.9,0,10.6,1.9,2,1,0,9.7,2.6,2,0.3,0,9.5,3.8,1,0,0,9.3,3.2,2,0,0,10.4,1.9,2,0.7,0,9.8,2.1,2,0.1,0,10.3,0.4,3,0,0,9.5,1.9,2,0,0,8.7,1.2,0,0,0,9.7,1.1,15,,0,9.7,1,14,,0,10.4,0.7,13,,0,10.6,0.1,16,,0,10.3,0.1,16,,0,10.7,0.8,13,,0,10.5,0.3,12,,1,0,9.8,1.1,13,,0,10.9,0.6,7,,0,10.7,0.2,16,,0,11.2,0.2,16,,0,12.5,1,12,,0,13.8,0.8,9,,0,13.1,1.3,9,0,0,13.8,0.9,9,0,1,15,1.1,10,0,0.5,15.9,1.8,8,0,5,15.4,1.9,9,0,7.5,15.4,3,8,0,3,15.4,1.7,9,0,1,15.8,1.5,9,0,0.5,15.1,1.2,10,0.2,0,14.2,1,8,0.5,0,12.4,1,10,0,0,12.1,0.7,10,,0,11.8,2.3,13,,0,11.7,0.6,12,,0,10,0.8,10,,0,10.8,1.5,2,,0,10.8,1.3,14,,0,10.4,0.7,13,,1,0,11.1,0.9,15,,0,11.9,2.1,0,,0,11.6,2.9,0,,0,11.5,2.6,1,,0,11.3,1.4,1,,0,11,1.6,2,,0,10.4,4.1,1,0,0,9.9,3.9,1,0,0,10.2,4.5,1,0.2,0,10.3,3.8,1,0.1,0,10.4,3,1,0,0,10.6,2.7,1,0,0,10.8,0.5,3,0,0,10.8,0.4,1,0,0,10.6,0.4,8,0,0,9.6,0.6,13,0,0,8.8,0.6,10,0,0,8.6,1,10,,0,8.5,1.4,11,,0,8.4,1.3,9,,0,8.1,1.2,9,,0,7.5,1,12,,0,7.4,1.6,12,,0,7.1,1.4,11,,1,0,6.8,1.3,11,,0,6.2,1.7,12,,0,6.3,1.7,12,,0,5.5,1.3,11,,0,5.6,1.6,10,,0,5.4,1,10,,0,5.5,1.4,12,0.2,0,6.6,1.1,10,1,0,7.3,1.5,8,1,0,8,1.6,8,1,0,8.5,1.7,8,1,0,8.8,2.1,8,1,0,8.7,2,9,1,0,8.6,2,10,1,0,8,1.8,9,0.9,0,7.1,1.5,10,0.9,0,6.4,1.5,8,0,0,5.9,1.5,10,,0,5.9,1.6,9,,0,5.6,1.9,10,,0,5.1,1.9,11,,0,4.8,1.6,11,,0,4.2,1.4,11,,0,4.1,1.4,11,,1,0,3.8,1.5,12,,0,3.5,1.6,10,,0,3.4,1.2,11,,0,3.4,1.6,12,,0,3,1.5,13,,0,3.4,3,13,,0,3.9,2.6,13,0.1,0,5.8,2.2,13,1,0,6.4,1.7,12,1,0,7.4,1.6,10,1,0,8.4,1.5,9,1,0,8.9,1.6,8,1,0,8.7,1.6,9,1,0,8.5,1.7,8,0.9,0,7.6,1.3,12,1,0,6.6,1.3,12,0.9,0,5.5,1.1,11,0,0,5,1.1,10,,0,4.5,0.6,9,,0,4.3,0.8,12,,0,4.6,1,11,,0,4.3,0.8,11,,0,4.7,1.6,13,,0,4.9,1.4,13,,1,0,4.3,1.2,14,,0,4.1,1,14,,0,4.2,0.7,8,,0,4.4,1.2,13,,0,4.3,1.3,14,,0,3.1,1.6,14,,0,3.4,1.6,13,0,0,6.8,0.6,11,1,0,8.7,1.1,3,1,0,9.3,1.1,3,1,0,9.5,1.2,2,1,0,10.2,1.1,2,1,0,9.7,1,4,1,0,10.1,0.7,3,0.6,0,9,0.3,3,0.6,0,8.2,1.8,0,0.1,0,7.7,2.4,0,0,0,8,2.8,0,,0,8.5,3.5,1,,0,8.7,4.5,1,,0,7.8,4.8,1,,0,7.3,5.2,1,,0,7,5.3,1,,0,7,6.3,1,,1,0,7.3,4.2,1,,0,6.6,5.6,1,,0,6.3,5,1,,0,6.2,4.1,1,,0,5.7,2.7,1,,0,5.9,3.3,1,,0,6,2.9,1,0,0,6,3.1,1,0,0,5.7,1,15,0,0.5,6.1,1.7,2,0,0,6.6,0.5,2,0,0,6.2,1.3,2,0,3,6.1,1.2,2,0,3.5,6.7,0.1,16,0,3.5,7.1,0.7,0,0,5.5,7.3,2.4,0,0,16.5,8.4,2.3,0,0,24,9.3,4.8,0,,2.5,9.1,1.7,2,,0.5,9.2,1.1,12,,0,8.1,1.6,10,,0,7.9,2.3,10,,0,6.7,2.2,10,,0,5.4,2.6,11,,1,0,4.7,1.8,10,,0,4,1.8,11,,0,3.8,2.1,10,,0,3.3,1.7,9,,0,3,1.7,11,,0,2.6,1.8,11,,0,2.2,1.5,9,0,0,3.1,1.7,9,0.9,0,3.7,1.9,9,1,0,4.4,2,9,1,0,5,1.9,9,1,0,5.2,1.6,8,0.8,0,4.3,1.8,8,0.5,0,4.5,2.2,9,0.7,0,3.6,1.9,9,0.7,0,2.9,2.1,9,0.3,0,2.5,1.6,10,0,0,2.5,1.7,10,,0,2.2,2.2,8,,0,1.9,1.9,9,,0,1.7,2.3,9,,0,1.2,2.1,9,,0,0.9,1.7,9,,0,1.1,1.8,9,,1,0,1.1,1.9,9,,0,1.2,1.8,9,,0,1,1.1,8,,0,1,1.2,8,,0,1.1,1.1,9,,0,0.6,1,13,,0,0.9,1.1,13,0,0,3.5,1.6,12,1,0,4.9,1.5,11,1,0,4.9,1.8,9,1,0,6.4,1.7,12,1,0,6.3,1.5,9,1,0,6.9,1.6,9,1,0,7.4,1.2,9,1,0,6.8,1.7,8,1,0,5.4,1.6,15,0.9,0,3.5,1.9,13,0,0,3.2,2,13,,0,2.4,1.5,14,,0,3.6,2.7,13,,0,3.7,2.8,14,,0,2.7,2,14,,0,2.9,2,13,,0,2.8,1.9,14,,1,0,2.9,1.7,14,,0,2.4,1.5,14,,0,2.2,1.6,14,,0,2.9,1.8,14,,0,3.1,1.8,14,,0,2.5,1.8,15,,0,4.2,2.1,15,0.2,0,6.5,1.9,1,1,0,8.1,1.7,1,1,0,8.8,1.1,3,1,0,9.5,1,2,1,0,9.7,1.3,8,1,0,10.5,1.1,8,1,0,11.2,0.9,8,1,0,9.5,1.5,9,1,0,8,1.2,8,0.8,0,6.2,1.2,13,0,0,6.2,1.6,13,,0,5.6,1.7,13,,0,6.5,1.8,14,,0,7.2,1.7,14,,0,8.1,1.8,14,,0,8.2,1.6,13,,0,7.4,1.7,13,,1,0,9.2,0.7,11,,0,9.5,1.6,13,,0,9,1.2,12,,0,10,2.2,12,,0,10.3,2.5,13,,0,10.8,2.1,12,,0,11.3,2.4,13,0,0,11.3,1.8,9,0,0,9.1,0.6,12,0,0.5,9.3,0.9,13,0,0,9.5,1,13,0,0,10.3,0.9,0,0,0,10.9,0.5,2,0,1.5,10.5,0.5,2,0,4,11.1,0.3,1,0,13.5,11,0.7,11,0,16.5,14.6,7.5,9,0,20,15.1,2.3,9,,14.5,15.8,4.7,8,,5.5,16.2,4.8,8,,1,13.9,1.4,8,,0,12.6,1.4,10,,0,11.9,1.9,11,,0,10.9,0.9,13,,1,0,9.8,2,13,,0,9.4,0.6,0,,0,8.9,1.1,14,,0,8.6,1.4,13,,0,7.8,2,13,,0,8.6,1.1,13,,0,7.9,1.6,13,0,0,10,2.2,13,0.9,0,11.7,0.5,10,1,0,12.2,1.2,9,1,0,12.8,1.4,8,1,0,13.3,2.2,13,1,0,13.6,1.8,11,1,0,12.3,2,8,1,0,11,1.9,9,1,0,9.8,1.4,8,0.8,0,9.1,1.8,9,0,0,8.6,1.5,9,,0,8.4,1.8,9,,0,7.8,1.3,10,,0,7.4,1.3,9,,0,7.5,1.2,9,,0,7.1,1.7,9,,0,6.6,1.4,8,,1,0,6.1,1.7,9,,0,5.4,1.8,9,,0,5,1.1,9,,0,4.5,0.9,11,,0,4.5,1.1,9,,0,4,0.7,8,,0,3.1,0.7,9,0,0,5.6,1,9,0.9,0,6.7,1.5,8,1,0,7.5,1.9,8,1,0,8.3,2,10,1,0,8.3,1.6,8,1,0,8.3,2.2,11,1,0,8.4,2.2,9,1,0,7.5,1.7,9,1,0,6.5,1.6,9,1,0,5.4,1.3,9,0,0,4.8,0.9,10,,0,4.5,0.9,9,,0,4.5,1.2,11,,0,4.3,1.5,11,,0,4.1,1.2,10,,0,3.9,1.1,10,,0,3.9,1.4,9,,1,0,4,1.2,10,,0,4.1,1.2,10,,0,4.2,1.8,13,,0,4.9,2.4,14,,0,5.5,3.2,13,,0,4.5,1.5,14,,0,4.8,1.5,15,0,0,7.8,0.8,2,1,0,9,1.4,2,1,0,9.8,1.6,1,1,0,10.4,1.4,3,0.9,0,10.5,1,3,1,0,9.9,0.6,2,0.8,0,11.4,1.4,8,0.9,0,10.3,1.4,12,1,0,8.6,0.3,9,0.6,0,7,1.1,14,0,0,7.9,1.8,15,,0,8.4,2.6,0,,0,8.3,3.2,0,,0,7.7,4.6,1,,0,7.1,4.6,1,,0,7,4.5,1,,0,6.8,3.2,0,,1,0,6,0.8,9,,0,5.7,1,14,,0,4.9,0.7,14,,0,5.2,1.3,14,,0,5.3,0.8,13,,0,6.3,1.8,13,,0,4.6,0,16,0,0,8.1,1.5,8,1,0,10.2,1.8,8,1,0,11.1,2.2,8,1,0,12.2,1.4,9,1,0,12.9,2,8,1,0,14,1.4,10,1,0,13.8,2,9,1,0,12.6,1.1,12,1,0,11.3,1.4,8,1,0,9.3,0.8,12,0,0,9.6,1.3,11,,0,9.2,1.6,12,,0,9.5,1.9,11,,0,9.3,1.5,9,,0,9.2,2,9,,0,8.7,1.6,9,,0,8.6,1.6,9,,1,0,8.4,1.6,10,,0,8.1,1.2,9,,0,7.9,1.4,10,,0,7.7,0.9,8,,0,8.1,1.6,10,,0,7.7,1.2,9,,0,7.3,0.9,11,0,0,9.5,0.2,16,1,0,10.2,0.8,9,0.3,0,10.4,1.3,9,0.9,0,12,1.7,8,0.5,0,13.5,1.4,8,1,0,12.8,1.4,11,0.9,0,12.1,1.6,10,1,0,11.2,1.2,14,1,0,10.3,1.3,14,1,0,8.8,1.9,2,0,0,7.4,4.2,1,,0,6.4,1.3,15,,0,6,0.9,14,,0,5.5,1.5,13,,0,4.6,0.7,12,,0,3.9,1.2,13,,0,3.6,0.9,13,,1,0,3.4,0.5,13,,0,4.3,1.5,13,,0,3.7,1.4,1,,0,3.6,0.9,13,,0,3.7,1.7,13,,0,2.9,1.1,15,,0,3.9,1.9,15,0,0,5.8,0.5,15,0.6,0,7.4,0.5,3,0.6,0,8.3,1.1,2,1,0,8.4,1.5,7,1,0,10.3,2.1,9,1,0,9.8,1.5,8,1,0,10.3,1.9,8,1,0,9.8,0.8,9,1,0,7.9,0.3,9,1,0,5.8,1.7,14,0,0,5.6,1.9,14,,0,5.6,1.2,14,,0,5.2,1.5,14,,0,5,1.1,15,,0,6.5,3,0,,0,5.7,4.3,1,,0,5.3,3.1,0,,1,0,4.9,1.2,15,,0,5.1,1.6,15,,0,4.9,2.8,0,,0,4.6,2.5,0,,0,4.8,2.4,0,,0,4.6,2.2,0,,0,5,2.9,0,0,0,6.4,2,2,0.8,0,7.3,2.4,2,1,0,8.2,3.2,2,1,0,8.2,2.8,2,0.9,0,8.8,1.9,2,1,0,8.8,1.1,2,1,0,8.8,1.2,2,1,0,7.9,1.6,2,1,0,7.2,1.9,2,1,0,6,2.6,0,0,0,6,2.9,0,,0,6.1,3,0,,0,6,2.8,0,,0,5.9,2.8,0,,0,5.9,2.8,0,,0,5.4,3.4,0,,0,5.9,3.5,1,,1,0,5.7,3.5,1,,0,5.8,2.4,1,,0,6,2.4,1,,0,6.2,1.5,1,,0,6.1,1.7,0,,0,5.2,1,14,,0,5.4,0.3,10,0,0,7.9,0.6,3,0.8,0,8.3,1,3,1,0,9.3,0.9,3,1,0,9.8,0.9,3,1,0,10,0.8,3,1,0,9.4,1,5,1,0,11.2,1.6,8,1,0,11.4,2.4,9,1,0,10.1,0.9,9,0.3,0,7.9,0.8,9,0,0,7.9,0.6,10,,0,9.2,0.8,12,,0,10,1.1,10,,0,9.4,1.2,1,,0,9.4,0.2,16,,0,11,1.1,15,,0,8.6,0.5,13,,1,1,8,1.1,14,,0,8.2,1.3,13,,0,8.4,1.6,1,,0,8.6,3.2,1,,0.5,8.2,2.5,0,,0,8.1,5,1,,0.5,8.7,4.7,1,0,3,8.7,4.6,1,0,3,7.4,3.9,1,0,1,7.9,1,2,0,0.5,7.8,2,2,0,0.5,7.8,3,1,0,0,8.5,1.4,1,0,0,8,3.8,1,0,0,8,3.4,1,0,0,7.8,3.5,1,0.1,0,7.7,4.1,1,0,0,8,2.8,1,,0,8,2.8,1,,0,8.5,3.7,1,,0,8.7,2.6,1,,0,8.8,3.6,1,,0,8.4,3.2,1,,0,8.5,3.3,1,,1,0,8,1.8,1,,0,7.7,1.9,0,,0,7,1.4,13,,0,6.2,1.4,13,,0,6.1,1.3,14,,0,6.1,0.6,11,,0,6.8,1.4,12,0,0,8.8,1.1,12,0.9,0,9.6,1.7,8,1,0,10.4,1.6,8,1,0,10.9,1.9,8,1,0,11.4,2.2,9,1,0,11.6,2.2,8,1,0,11.4,2.1,8,1,0,11.1,1.8,9,1,0,10.1,1.6,9,1,0,9.2,1.5,11,0,0,8.5,1.3,12,,0,8.4,1.8,12,,0,8.3,2.3,13,,0,8,1.8,12,,0,8.3,2.6,13,,0,8.1,2.5,13,,0,8.3,3.2,13,,1,0,8,2.7,14,,0,7.9,2.4,13,,0,8,3.3,14,,0,7.1,2,13,,0,7.4,2.2,13,,0,7.1,1.8,13,,0,6.7,1.7,14,0,0,10,0.5,13,0.8,0,11.6,0.7,9,1,0,12,0.8,9,1,0,12.4,1.4,9,1,0,12.5,2,13,1,0,12.6,1.4,8,1,0,12.6,1.7,8,1,0,11.7,1.5,8,1,0,10.3,1.3,8,1,0,8.6,0.6,8,0.1,0,9,0.8,11,,0,9.6,1,12,,0.5,7.5,0.7,10,,1,8.4,1.1,9,,0,8,1.2,12,,0,7.4,1,10,,0,7.3,1,8,,