31,1,2,0.2,0,16,,3,0.3,0,16,,1,0.7,,,,0.5,0.5,,,,0.5,1.1,,,,0,1,0.3,6,,1.5,1.4,1.5,11,,2.5,2.1,1.8,10,0,2,3,0.8,10,0,0,3.2,2.2,12,0,0,2.9,2.5,12,0,0.5,1.6,1.5,11,0,0,1,1.5,12,0,0,0.7,1.8,12,0,0,0.5,1.4,11,0,0,0,0.8,11,0,1,-0.9,1.1,12,0,0,-0.7,0.3,11,,0.5,-0.7,0.2,16,,1,-0.9,0,16,,0,-1,0.8,3,,0,-0.9,0,16,,0,-0.4,0.4,13,,0,0.3,2.3,12,,1,0,0.1,0.9,11,,0,0.3,1.4,12,,0,-0.2,0.6,13,,0,0.3,1.6,12,,0,-0.5,2.9,13,,0,0.2,3.1,13,,0,-0.3,3.1,13,,0,-2.5,1,13,0,0.5,-2.9,1.2,14,0,0,-2.4,1.6,13,0.1,0,-2.1,1.2,12,0.1,0,-1,1.2,12,0.4,0,-0.8,1.7,14,0.5,0,-2.2,1.7,14,0,0,-2.7,0.7,13,0,0,-2.8,0.7,12,0,0,-2.5,1.1,12,0,0,-2.3,1.6,11,,0,-2.4,0.1,16,,0,-1.4,0.6,12,,0,-1.4,0.7,12,,0,-1.3,0.9,12,,0,-0.4,1.2,12,,0,-0.2,1.8,12,,1,0,0.3,1.1,12,,0,0.3,1.5,12,,0,0.1,0.8,12,,0,-0.4,0.8,11,,0,-0.8,0.6,11,,0,-0.9,0.1,16,,0,-2.3,0,16,,0,-2.7,0,16,0,0,1.3,1.1,10,0.8,0,1.7,0.6,8,0.5,0,2.9,0.7,7,1,0,3,1.2,7,0.4,0,4.2,1.3,9,0.6,0,4.4,1.2,9,0.3,0,4.1,1.1,10,0,0,3.2,1.6,12,0,0.5,2.4,0.9,11,0,1.5,2,0.6,12,,1,1.2,0.3,15,,3.5,0.4,0.8,13,,3,0.6,0,16,,0,0.4,0,16,,0,0.3,0,16,,0.5,0.2,0,16,,1,0,0.2,0,16,,0,0.6,0,16,,0,0.6,0,16,,0,0.7,0,16,,0.5,0.9,0,16,,0,1.1,,,,0,-0.1,,,,0,-0.1,,,0,0,-0.1,,,0.6,0,-0.5,,,0.8,0,-0.5,,,1,0,-0.9,2.5,12,1,0,-1.6,1.7,11,0.8,0,-1.9,1.5,12,0.2,0,-2.3,1.5,12,0,0,-2.6,0.4,12,0,0,-3,0.7,11,0,0,-3.1,0.4,12,,0,-3.3,0.7,12,,0,-3.1,2,12,,0,-3.7,1.5,12,,0,-4.2,0.5,12,,0,-4.4,0.7,12,,0,-4.2,0.7,12,,1,0,-3.9,0.9,12,,0,-3.5,1.6,12,,0,-4,0.4,12,,0,-3.6,1.2,12,,0,-4,0.9,12,,0,-3.9,1.7,12,,0,-4.5,0.8,12,,0,-3.5,1.3,12,0,0,-3.4,0.8,12,0,0,-2.3,2.6,12,0.6,0,-1.2,1.5,12,1,0,-0.7,2,12,0.9,0,-0.6,1.8,13,0.9,0,-1,1.4,12,0.9,0,-1.6,1.5,12,1,0,-2.7,0.7,10,0.2,0,-3.5,0.1,16,0,0,-5,0,16,,0,-4.3,0.1,16,,0,-4.3,0,16,,0,-4.8,0,16,,0,-5.3,0,16,,0,-5.4,0,16,,0,-6.1,0,16,,1,0,-6.1,0.3,15,,0,-6.4,0,16,,0.5,-5.8,0,16,,0,-5.8,0,16,,0.5,-5.9,0,16,,0.5,-5.7,0,16,,0,-6,0,16,,0,-6,0,16,0,0.5,-5.3,,,0,0,-4.5,,,0.1,0,-4.3,0.2,16,0,0,-0.9,1.4,12,0.3,0,-1,1.9,12,0.4,0,-0.9,2,12,0.7,0,-1.9,1.7,12,0.4,0,-2.3,1.4,12,0,0,-3.3,0.6,12,0,0,-4.1,0,16,,0,-2.9,0,16,,0,-3.4,0,16,,0,-3.4,0,16,,0,-3.4,0,16,,0,-3.5,0,16,,0,-3.7,0,16,,1,0,-4.5,0,16,,0,-4.7,0,16,,0,-6.3,0,16,,0,-7.3,0,16,,0,-8.3,0,16,,0,-9,0,16,,0,-9.4,0,16,,0,-8.4,0,16,0.2,0,-7.4,,,0.2,0,-6.1,,,0,0,-5,,,0,0,-3.6,,,0,0,-2.1,,,0.1,0,-0.6,0,16,0.2,0,0.1,0,16,0,0,0.3,0.8,14,0,0,-0.2,0.2,16,0,0,-0.4,0,16,,0,-0.2,0,16,,0,-0.5,0,16,,0,-0.4,0.2,16,,0,-0.6,0,16,,0,-0.4,0,16,,0,-0.5,0,16,,1,0,-0.5,0.1,16,,0,-0.6,0,16,,0,0,0.7,15,,1.5,0,0,16,,2,0.2,0,16,,3,0.2,0,16,,0.5,0.2,0,16,,0,0.4,0,16,0,0,0.7,,,0,0.5,0.8,0,16,0,2,2,0.6,10,0,0.5,1.5,0.5,3,0,0,2.4,0,16,0,0,3,0.5,9,0,0,3.1,0.3,10,0,0,2,0,16,0,0,1.1,0.1,16,0,0,0.7,0.1,16,,0,0.2,0.1,16,,0,0,0,16,,0,0,0.2,16,,0,0.2,0.2,16,,0,0.1,0,16,,0,0.3,0.3,9,,1,0,0.1,0.2,16,,0,0.1,0.5,5,,0.5,0.1,0.5,4,,0,-0.5,0.4,0,,0,-1.2,0.8,7,,0.5,-1.4,0,16,,0,-1.5,1.3,6,,0,-1.5,0,16,0,0,-1.1,0,16,0,0,-0.3,0.1,16,0.1,0,0.1,0.6,11,0.2,0,-0.5,1.7,12,0,0,-0.8,1.8,12,0.1,0,-0.8,2.6,12,0.2,0,-2.1,2.7,13,0.1,0,-2.7,1.1,13,0,0,-3.9,1,12,0,0,-4.5,0.2,16,,0,-5.1,0.6,12,,0,-5.2,1.3,12,,0,-5,0.2,16,,0,-5.6,1.9,12,,0,-6.1,0.8,13,,0,-6.3,1.2,12,,1,0,-6.4,0.2,16,,0,-5.6,0.4,12,,0,-6.2,1.1,12,,0,-6.2,0.6,12,,0,-7.2,0,16,,0,-6.2,0,16,,0,-6.2,0.3,14,,0,-5,1.1,13,0.1,0,-5.2,0.9,11,0.3,0.5,-4.6,0.8,13,0.1,0,-2.6,1.6,13,0.7,0,-3.3,1.4,14,0.7,0,-3.7,1.5,13,0.1,0,-4.3,1.9,13,0.1,0,-5.2,2,12,0,0,-4.3,1.7,13,0,0,-4.8,1.1,13,0,0,-5.5,0.7,12,,0.5,-5.1,1.8,12,,0,-5.2,0.5,12,,0,-5.3,1.3,12,,0,-5.7,1,12,,0,-5.3,1.2,12,,0,-5.5,0.7,13,,1,0,-5.2,0.9,11,,0,-5.7,0.1,16,,0.5,-5.1,0.3,12,,0,-4.8,0.3,11,,0,-4.5,0.2,16,,0,-5.3,0.1,16,,0,-4.5,0,16,,0,-5.3,0,16,0,0,-4,0.6,13,0.5,0,-2.8,1.4,13,0.5,0,-1.3,1.6,11,0.7,0,-1.9,2.4,12,0.4,0.5,-1.4,1.5,12,0.3,0,-2,1.6,13,0.1,0,-2.6,2.7,12,0.2,0,-3.3,1.8,12,0,0,-3.2,0.8,12,0,0,-3.3,1.8,12,,0,-3.6,0.3,13,,0,-3.7,0.8,12,,0,-3.6,0.1,16,,0,-4.2,0,16,,0,-4.2,0.1,16,,0,-3.2,0,16,,1,0,-3.6,0,16,,0,-4.6,0,16,,0.5,-4.5,0,16,,1,-4.6,,,,1.5,-4.6,,,,0.5,-4.6,,,,1,-4.5,,,,0.5,-4.3,,,0,0.5,-3.9,,,0,1.5,-3.3,,,0,1.5,-2.9,,,0,1,-2.1,,,0,0,-1.4,0.4,4,0,0,0.6,1,11,0,0,0,0.9,12,0,0,-0.8,0.6,11,0,0,-1.2,0.3,12,0,0,-1.8,0.1,16,,0,-1.9,0.5,9,,0,-2.1,0.5,11,,0,-2.4,1.7,12,,0.5,-3.4,1.4,13,,0,-3.2,0.5,12,,0,-3.8,0.9,12,,1,0,-4.3,0.7,13,,0,-5.4,0.3,13,,0,-6.7,0,16,,0,-7,0,16,,0,-6.6,0.2,16,,0,-7.7,0,16,,0,-6.5,0.6,13,0,0,-6.2,1,11,0,0,-6.2,0,16,0.3,0,-5.2,0.4,11,0.2,0,-4.6,1.5,12,0.5,0,-4.9,1.3,12,0.2,0.5,-5.2,1.9,13,0.1,0,-4,1.3,13,0.7,0,-5.3,0.8,12,0.4,0,-6,0.8,12,0,0,-6.4,0,16,0,0,-9.3,0,16,,0,-10.3,0.2,16,,0,-8.3,0,16,,0.5,-8,0,16,,2,-7.4,0,16,,0.5,-7.5,0,16,,0.5,-7.9,0,16,,1,0.5,-5.7,0,16,,0,-5.4,0,16,,0.5,-5.5,0.7,12,,0.5,-6.2,0,16,,0,-7.6,0,16,,0,-7.7,0,16,,0,-9,0,16,0,0,-7.9,0,16,0,0,-7,,,0,0,-6.7,,,0,0,-3.9,,,0,0,-3.1,1.4,12,0,0,-2.7,1.4,12,0,0,-3,1,12,0,0,-3.5,0.8,12,0,0,-4.1,1.1,12,0,0,-4.6,0.3,12,0,0,-4.9,0,16,,0,-5.8,0,16,,0,-6.7,0,16,,0,-7.6,0,16,,0,-8.2,0,16,,0,-9.8,0,16,,0,-11.2,0,16,,1,0,-9.9,0,16,,0.5,-9.5,0,16,,0.5,-8.8,0,16,,0,-9.2,0,16,,0,-8.9,0,16,,0,-8.6,0,16,,1,-8.3,0,16,0,0,-7.9,0,16,0,0,-7.3,,,0,1,-6.7,,,0,0,-5.1,,,0,0.5,-4.5,0.5,,0.2,0,-2.1,0.8,13,0.1,0,-1.2,1.2,12,0.1,0,-1,1,13,0.1,0,-1.7,1.3,12,0,0,-1.9,0.9,12,0,0,-2,0.5,12,,0,-2.1,0.4,13,,0,-2,0.7,11,,0,-2.4,1.3,12,,0,-2.7,1.6,11,,0,-2.9,0.5,12,,0,-2.7,0.5,12,,1,0,-3,0.7,12,,0,-3.2,0.5,12,,0,-2.9,0.1,16,,1,-4.1,0.3,12,,0,-6.5,0,16,,0,-7.4,0,16,,1.5,-6,0,16,0,0.5,-5.5,0,16,0,0,-3.4,,,0.2,0,-0.5,1.5,12,0.5,0.5,-1.6,1.3,12,0.2,0.5,-0.5,1.3,12,0.4,0,-1.1,1.5,12,0.1,0,-0.9,1.5,13,0.1,0,-2.2,2.1,13,0.1,0,-2.3,1.4,12,0,0,-2.4,1.3,12,0,0,-2.7,1.2,12,,0,-2.7,1.5,12,,0,-2.9,0.9,12,,0,-2.8,0.3,12,,0,-3.2,0.5,12,,0,-2.8,0.3,13,,0,-3.2,1,12,,1,0,-2.9,0.6,12,,0,-3.2,0.6,11,,0,-3.5,0,16,,0,-4.3,0,16,,0,-4.7,0,16,,0,-5,0,16,,0,-5.4,0,16,0,0,-5.6,0,16,0,0,-4.8,,,0.3,0,-3.6,0.4,2,0.9,0,-2,1.5,4,1,0,-1.9,1.4,3,0.1,0,-2.7,0.3,0,0,0.5,-2.5,0.7,4,0,0,-2.2,0.2,16,0,1,-3.1,0.3,12,0,0,-3.7,0,16,0,0,-3.9,0,16,,0,-5.7,0,16,,0,-8.5,0,16,,0,-11.5,0,16,,0,-11.6,0,16,,0,-13.6,0,16,,0,-14.2,0,16,,1,0,-15.6,0,16,,0,-16.3,0,16,,0,-16.6,0,16,,0,-15,0,16,,0,-14.2,0,16,,0,-13.3,0,16,,0,-13.9,0,16,0,0,-12.1,0,16,0,0,-9.9,0,16,0,0,-8.2,,,0,0,-6.8,,,0,0,-5.2,,,0,0,-4.4,,,0,2,-4.1,,,0,1,-3.6,,,0,0,-3.3,,,0,0,-3.3,,,0,0,-2.4,,,,0.5,-2,,,,0,-2,0.4,12,,0,-1.5,0.7,12,,0,-3.7,0.6,4,,0,-5,0,16,,0,-5.3,0.1,16,,1,0,-7.1,0,16,,0,-9.2,0,16,,0,-9.3,0,16,,0,-9.2,,,,0.5,-6.9,,,,0.5,-7.6,,,,0,-8.5,,,0,0,-7.4,,,0.5,0.5,-5.7,,,0.1,0,-4.3,,,0,0,-2.9,,,0,2,-1.5,,,0,1,-1.7,0,16,0,0,-1.3,0.4,1,0.4,2,-1.7,0.5,14,0,0,-1.5,0.1,16,0,0.5,-2.6,0,16,0,0,-1.9,1,12,,0,-2.2,1.3,12,,0,-2.6,1.2,12,,0,-3.1,1.2,12,,0,-3.8,1,13,,0,-3.7,1.4,13,,0,-5.9,0,16,,1,0,-6.9,0,16,,0,-6.4,0,16,,0,-6.8,0,16,,0,-6.9,0,16,,0,-6.8,0,16,,0,-6.5,0,16,,0,-6.4,0,16,0,0.5,-6.1,0,16,0,0,-5.4,,,0,0,-4.4,,,0,1,-3.8,,,0,0.5,-3.1,,,0,0,-2.5,0.3,0,0,0,-1.9,0,16,0,0,-1.5,0,16,0,0,-1.6,0,16,0,0,-1.8,0,16,0,0,-1.8,0,16,,0.5,-1.9,,,,0.5,-1.8,,,,0.5,-2,,,,0.5,-1.8,,,,0.5,-1.7,,,,0,-1.9,,,,1,0,-2,,,,0,-1.9,,,,0,-2.2,,,,0,-3.2,,,,0,-3.4,,,,0,-4.3,,,,0,-4.8,,,0,0,-5.1,,,0,0,-4.6,,,0,0,-3.2,,,0,0,-2.4,,,0.8,0,-1.7,1.3,4,1,0,1.5,0.9,12,1,0,1.2,2.1,12,1,0,0.5,1.6,12,0.9,0,-0.7,1.4,12,0.3,0,-1.1,1.2,12,0,0,-1.4,1.2,12,,0,-1.6,0.7,12,,0,-2.4,0.8,4,,0,-2.5,0.6,14,,0,-4.1,0.5,4,,0,-5.2,0.4,6,,0,-5,0.2,16,,1,0,-6.3,0,16,,0,-6.7,0.3,14,,0,-8.8,0,16,,0,-10.3,0,16,,0,-12.6,0,16,,0,-11.1,0,16,,0,-10.6,0,16,0,0,-9.3,0,16,0,0,-8.4,,,0,0,-5.8,,,0.7,0,-4.5,0.6,3,1,0,0.8,2.5,12,1,0,0.8,1,13,1,0,-0.7,1.8,12,0.5,0,-1.2,1.2,12,0.1,0,-2.4,0.7,12,0,0,-2.6,1.4,11,0,0,-2.8,1.4,12,,0,-2.7,1,12,,0.5,-2.5,1.3,11,,0,-2,1.9,12,,0,-2.3,1.9,12,,0,-2.8,1.3,13,,0,-2.7,0.8,13,,1,0,-3.3,0.1,16,,0,-4.3,0.1,16,,0.5,-4.3,0.6,13,,0,-4.1,0.2,16,,0,-4.5,1.2,14,,0,-4.9,0.1,16,,0,-4.9,0.5,15,0,0,-4.6,0.7,12,0,0,-3.7,0.5,13,0.7,0,-2.9,1,11,1,0,-1.8,0.6,10,0.9,0,-1.2,1,12,0.5,0,-0.2,1.4,11,0.6,0,-2,1.3,11,0.8,0,-1.9,2.4,12,0,0,-1.8,1,11,0.2,0,-2.6,0.7,8,0,0,-2.7,0.1,16,,0,-3.4,0,16,,0,-5.2,0,16,,0,-6.9,0,16,,0,-6.9,0,16,,0,-7.1,0,16,,0,-6.7,0,16,,1,0,-6.8,0,16,,0,-6.6,0,16,,0,-6.4,0,16,,0,-6.3,0.1,16,,0,-6.2,0,16,,0,-6.1,0,16,,0,-6.2,0.3,8,0,0,-6.2,0,16,0.4,0,-5.3,0.8,4,0.9,0,-3.6,0.3,4,0.5,0,-2.4,0.9,3,0,0,-0.8,0.6,3,0.2,0,-0.2,0.3,4,0.1,0,0.9,0,16,0,0,0.8,0.2,16,0,0,0.9,0.3,13,0,0,0.5,0.4,15,0,0,0.7,0.3,2,,0.5,4.4,2,9,,0,4.4,1.7,11,,0,4.4,1.5,10,,0,5.5,1.3,11,,0,6.1,1.2,12,,0,6.1,1.7,12,,1,0,5.8,1.8,11,,0,5.4,1.5,12,,0,5.1,1,12,,0,4.8,1.2,12,,0,4.5,0.6,12,,0,4.9,1,11,,0,3.7,0.4,11,0,0,2.1,0.3,13,0,0,2.1,0.3,1,0,0,3.6,0.5,2,0,0,4.4,0.2,16,0,0,6.4,0.2,16,0,0,6.6,1.1,12,0,0,6.8,0.4,10,0,0,5.8,0.7,12,0,0.5,3.1,0,16,0,0,2.6,0.9,3,0,0,2.1,0.1,16,,0,1.5,0,16,,0,0.9,0.2,16,,0,1.2,0.3,8,,1,1.7,0.4,7,,2.5,1.1,0,16,,3,1,0.1,16,,1,2.5,1.2,0,16,,3,0.5,0,16,,1.5,0.3,0,16,,1,0.3,0,16,,0.5,0.3,0,16,,0,0.4,,,,0,0.6,,,0,0,1,,,0,0.5,2.1,,,0,0,2.5,2.5,11,0,0,1.1,2.8,13,0,0.5,0.6,2.1,11,0.1,0,0.5,2.9,12,0.3,0,0.3,1.7,13,0,0,0.6,1.2,12,0.2,0,-0.5,2.3,12,0.6,0,-1.1,1.9,12,0,0,-1.2,1.7,12,,0,-1.6,1.9,12,,0.5,-2.6,0.8,13,,0,-2.8,1.4,12,,0,-3.7,1.4,11,,0,-3.9,0.7,12,,0,-4.3,1,12,,1,0,-5.1,0.7,12,,0,-5.7,0.2,16,,0,-6.1,0.2,16,,0,-5.7,0.2,16,,0,-5.8,0.3,13,,0,-6.1,0.2,16,,0,-6.4,0.2,16,0,0,-7.8,0.1,16,0,0,-5.5,0.4,3,0.8,0,-2.2,1.4,12,1,0,-1.1,2,12,1,0,-1.4,1.4,13,0.8,0,-1.2,1.4,12,0.4,0,-0.6,0.8,11,0.7,0,-1.5,1.4,11,0.2,0,-1.5,0.9,12,0.1,0,-2.4,0,16,0,0,-3.7,0,16,,0,-4.2,0,16,,0,-5.4,0,16,,0,-6.1,0,16,,0,-4.9,0,16,,0,-5.3,0,16,,0,-4.8,0,16,,1,0,-4.6,0,16,,0,-4.2,0,16,,0,-4.2,0,16,,0,-4.7,0,16,,0,-4.5,0.1,16,,0,-4.2,0.1,16,,0,-3.7,0.4,2,0,0,-2.8,0.6,15,0,0,-0.7,2,14,0,6.5,1.4,2.2,8,0,3,1.3,1.4,13,0,1.5,2.4,0.9,11,0,0,3.3,1,11,0,0,2.7,0.8,11,0,0,2.6,1.9,13,0,0,1.5,1.5,12,0,0.5,1.1,1.2,12,0,0,0.5,2.2,13,,0.5,0.1,2.3,12,,0,-0.5,2.2,12,,0,-1.3,2.2,13,,0,-2,2.1,12,,0,-2.4,2.4,12,,0,-3,2.3,12,,1,0,-3.3,1.7,12,,0,-4.2,3.2,13,,0,-4.4,1.6,12,,0,-3.8,1.4,12,,0,-3.9,1.5,13,,0,-4,0.9,13,,0,-4.4,2.1,13,0,0.5,-4.7,2.2,12,0,0,-3.4,2.2,12,0.5,0,-3.1,2,12,0.8,0,-2.4,1.5,12,0.3,0,-2,2.1,13,0.4,0,-1.6,1.9,12,0.1,0,-0.7,2.9,12,0.3,0,-1.4,1.9,12,0,0,-1,1.1,13,0,0,-1.1,1,11,0,0,-1,0.3,13,,0,-1,0.5,9,,0,-1.2,0.5,7,,0,-2,0.2,16,,0,-3.2,0.7,15,,0,-5.8,0,16,,0,-6.1,0,16,,1,0,-7.1,0,16,,0,-8.2,0,16,,0,-8.8,0,16,,0,-9.4,0,16,,0,-8.8,0,16,,0,-8.6,0,16,,0,-8.1,0,16,0,0,-7.1,0.1,16,0.5,0,-6.2,0.1,16,0.1,0,-4.6,0.2,16,0,0,-3.5,0.4,2,0.1,0,3.2,0.8,0,0.4,0,9.6,1.7,10,0.2,0,9.5,1.6,8,0,0,9.2,1.4,8,0,0.5,6.7,0.6,8,0,2.5,4.6,0.3,2,0,2,3.1,0.3,15,,2.5,3.9,0.4,12,,5.5,4.6,0.5,14,,5,3.8,0.9,13,,6,2.7,1.3,12,,4.5,1.4,0.3,11,,3,1.4,1.5,7,,1,1.5,1,1.2,12,,1,2.7,1.9,11,,0,2.4,1.5,12,,0.5,1.3,1.8,12,,1,1.3,2.3,12,,0,0.3,2.1,12,,0.5,-0.6,2.2,12,0,0,-0.7,1.8,12,0,0,-2.1,2.6,12,0.2,0.5,-3,2.4,12,0.1,2.5,-3.1,2.1,12,0,0.5,-3.6,3.4,12,0,0,-3.2,3.4,12,0.4,0,-4.1,3,12,0,0,-4,2.3,12,0,0,-3.7,1.7,12,0,0,-4.4,1.3,12,0,0,-4.2,1.7,12,,1,-3.5,2.1,13,,0.5,-2.9,1.5,12,,0.5,-3.3,2.5,13,,0,-2.3,2.9,12,,0,-2.3,2.2,13,,0.5,-2,2.7,13,,1,0,-1.6,1.7,13,,0,-1.6,2.3,12,,0,-1.9,2.2,12,,0,-1.6,2.1,12,,0,-2,1.4,12,,0,-2.3,1.1,12,,0,-2.5,0.9,12,0,0,-3.3,1.1,5,0,0,-2.6,0.9,2,0,0,-2.4,1.1,15,0,1,-0.7,1.1,11,0,0.5,0.2,1,11,0,0,0.5,1.2,11,0,0,0.7,0.6,10,0,0,0.6,0.7,9,0,0.5,0.6,1.1,11,0,0,0,0.7,11,0,0,-1.5,0.1,16,,0,-1.3,0,16,,0,-2.6,0,16,,0,-1.4,0,16,,0,-1.6,0,16,,0,-1.4,,,,0,-1.2,,,,1,0,-1.3,,,,0,-1.4,,,,0,-1.7,,,,0,-2.9,,,,0,-4.5,,,,0,-4,,,,0,-2.9,,,0,0,-1.8,,,0,0,-1.5,,,0,0.5,-0.9,,,0,1.5,0,,,0,1.5,0.7,,,0,4,0.8,,,0,4.5,1,,,0,2,1,0.5,7,0,1.5,0.7,0.5,13,0,1.5,0.7,0.1,16,0,0.5,0.8,0.5,4,,0,7,1.1,11,,0,6.4,1,12,,2,6.3,0.5,13,,0.5,5.6,0.6,11,,0.5,5.1,1,12,,0.5,5,1.1,12,,1,0,5.5,2,12,,0,4.7,1.2,13,,0,4.6,1.6,11,,0,4.2,1.3,12,,0.5,3.6,1.1,12,,0,4.1,1.6,11,,0,3.8,0.9,11,0,0,3.6,0.4,11,0,0,3.3,0.3,11,0,0,3.8,0.3,13,0,0,3.7,0.3,13,0,0,1.8,1,4,0,0,0.7,1.1,3,0,0,0,1.1,3,0,0.5,-0.6,1,3,0,1,-1,1,3,0,0.5,-1.3,2,4,0,1,-2,1.9,4,,1,-2.2,1.2,4,,0,-2.1,0.5,7,,0,-1.9,0.2,16,,0,-2,0.1,16,,0,-2.1,0,16,,0,-1.9,1.4,12,,1,0.5,-2.3,0.5,11,,0,-2.3,0.2,16,,0,-2.9,0.3,10,,0,-2.9,0.4,11,,0,-4.1,0.4,12,,0,-5.3,0,16,,0,-6.9,0,16,0,0,-4.9,0.6,9,0,0,-4.1,0,16,0.2,0,-3.1,0.8,4,0.2,0,-3.4,1.3,3,0,0,-3.8,0.6,3,0.3,0,-2.7,1.6,4,0.4,0,-2.9,2.2,6,0.7,0,-4,1.5,2,0.4,0,-4.3,1.1,3,0,0,-4.8,0.2,16,0.1,0,-5.6,0,16,,0,-6.6,0,16,,0,-5.5,0.1,16,,0,-4.9,0.2,16,,2,-5.2,0.5,13,,0,-6,0.1,16,,0,-5.9,1,11,,1,0,-7.5,0.2,16,,0,-6.9,0,16,,0.5,-6.8,0,16,,0.5,-6.3,,,,0,-6.5,,,,0,-6.8,0.3,12,,0,-7.1,0.6,13,0,0,-6.8,0.9,12,0,0,-6.3,1,12,0,0,-6.1,1.1,12,0,0,-5.9,1.7,12,0,0,-5.5,2,12,0.4,0,-6.2,1.3,13,0.2,0,-5.9,1.7,12,0,0.5,-6.3,1.4,12,0,0,-6.5,1.6,12,0,0,-7.1,1.5,12,0,0,-7.5,0.7,12,,0,-7.5,0.3,11,,0,-7,0.7,12,,0,-6.9,0.1,16,,0,-7.9,0.3,14,,0,-7.2,0,16,,0.5,-8.1,0,16,,1,0.5,-8.2,0,16,,0.5,-6.8,1.4,12,,0,-6.3,0.2,16,,0,-6.2,1.4,12,,0,-6.2,0.8,11,,1,-6.2,1.5,12,,0.5,-6,1.4,12,0,0.5,-5.6,1.2,12,0,1,-5.2,1.5,12,0,1,-5.1,1,12,0,0,-4.6,1.6,12,0,0,-4.9,1.9,12,0,0.5,-4.6,1.4,12,0,0,-4.6,1.9,12,0,0,-4.6,2.1,12,0,0,-4.4,1.9,12,0.2,0,-4.9,1.2,12,0,0.5,-5.1,1.4,12,,0,-5.1,1.2,12,,0,-5.5,1.4,12,,0,-5.4,1.5,11,,0,-5.4,1,12,,0,-5.5,0.3,13,,0,-8.5,0,16,,1,0,-7.3,0.2,16,,0,-5.9,0.4,13,,0,-9.4,0.2,16,,0,-9.7,0,16,,0,-10.3,0,16,,0,-10.7,0,16,,0,-10.3,0,16,0,0,-9.1,0,16,0,0,-8.6,,,0.4,0,-4.9,,,1,0,-3.2,,,0.4,0,-2.2,2,12,0.7,0,-2,2.2,12,1,0,-2.5,1.5,12,1,0,-2.8,1.8,12,1,0,-4.4,1,11,0.8,0,-5.7,0.9,12,0,0,-6.7,0.3,12,,0,-8.1,0,16,,0,-9.2,0,16,,0,-9.8,0,16,,0,-11.2,0,16,,0,-11.4,0,16,,0,-13,0,16,,1,0,-12.4,0,16,,0,-13.6,0,16,,0,-12.1,0.1,16,,0,-13.2,0,16,,0,-14.3,0,16,,0,-13.7,0,16,,0,-13.1,0,16,0,0,-11.8,0,16,0,0,-9.3,0.1,16,0,0,-7.4,0.3,7,0,0,-5,0.7,7,0,0,-3.2,1,5,0,0,-2.4,2.9,3,0,0,-2.1,2.8,3,0,0,-2.1,2.6,3,0,0,-2.2,3.3,4,0,0,-2.9,3.2,3,0,0,-3.4,3,3,0,0,-3.3,2.4,3,,0,-3.4,2,3,,0,-3.5,1.6,3,,0,-2.9,2.4,3,,0,-2.3,2.5,3,,0,-1.9,2.4,3,,1,0,-1.6,1.7,3,,0,-1.6,1.5,3,,0,-1.6,3.8,4,,0,-2,3.3,3,,0,-2,4,3,,0,-1.7,3.6,3,,0,-1.4,3.3,3,0,0,-1,3.3,4,0,0,-1.3,0.8,2,0,0,-0.5,2.3,4,0,0,0.3,2.8,4,0,0,-0.5,2.9,3,0,0,-0.5,2.8,4,0,0,-0.5,1.8,3,0,0,-0.2,1.6,4,0,0,-0.5,1.4,1,0,0,-0.8,1.2,2,0,0,-1.6,0.8,5,0,0,-2.6,0,16,,0,-4.2,0,16,,0,-5.9,0,16,,0,-6.3,0,16,,0,-6.9,1.6,9,,0,-8.6,0,16,,1,0,-9.6,0,16,,0,-9,0,16,,0,-9.6,0,16,,0,-10.5,0,16,,0,-11.3,0,16,,0,-11.9,0,16,,0,-10.6,0,16,0,0,-9.5,0.3,8,0,0,-8.1,0.2,16,0,0,-6.6,0,16,0.6,0,-4.6,0.1,16,0.2,0,-3.4,0.8,3,0.3,0,-0.3,0.7,14,0.7,0.5,0,1.7,12,0.1,0.5,0.2,1.2,12,0,0,-0.4,0.9,9,0,0,-0.5,0.8,11,0,0,-1.3,0.3,11,0,0,-1.8,0.3,10,,0,-2.4,0.3,10,,0,-1.7,0.3,12,,0,-2.3,0.2,16,,0,-2.4,0.6,11,,0.5,-2.1,0.3,14,,1,0,-2.3,0.8,11,,1,-2.5,0.5,11,,0.5,-2.4,0.4,12,,0.5,-2.3,0.8,9,,0,-2.6,0.8,9,,0,-2.6,0.5,10,,0,-2.3,1.1,9,0,0,-1.9,1.1,10,0.1,1.5,-0.3,1.4,13,0.2,0.5,0.5,1.4,7,0.3,0,0.4,0.4,2,0.2,0,2.2,1.2,8,0.9,0,3.1,0.9,8,1,0,0.2,1.1,14,0.5,1.5,-0.6,0.3,3,0,0.5,-0.5,0.9,5,0,0,-0.5,0.2,16,0,0,-0.8,0,16,0,0,-1,0,16,,0,-1.2,0,16,,0,-2.2,0,16,,0,-2.4,0,16,,0,-2.6,0,16,,0,-4.5,0,16,,1,0,-6.2,0,16,,0,-6.4,0,16,,0,-9.1,0,16,,0,-9,0,16,,0,-9.4,0,16,,0,-10.1,0,16,,0,-10,0,16,0,0,-10.3,0,16,0,0,-8.3,,,0.4,0,-6.3,,,1,0,-4.5,0.7,3,1,0,-2.8,0.2,16,1,0,1,0.7,2,1,0,1.4,0.6,2,0.8,0,0.5,2.4,4,0.1,0,0.7,1.7,4,0.1,0,-0.4,0.5,4,0.3,0,-1.1,0.9,2,0,0,-1.2,0,16,,0,-1.3,0,16,,0,-1.9,0,16,,0,-2.4,0,16,,0,-2.7,0.8,8,,0,-2.5,0.7,14,,1,0,-3.4,0.3,4,,0,-5,0.5,4,,0,-5.2,0.1,16,,0,-4.3,0,16,,0,-5.5,0,16,,0,-6.9,0,16,,0,-6.5,0,16,0,0,-5.4,0.5,7,0.4,0,-4.4,0.2,16,0,0,-1.6,0.2,16,0.6,0,1.1,1,11,0.9,0,1.6,1.4,12,0.6,0,0.6,1.2,12,0.3,0,1.9,2.1,12,0.2,0,0.4,2,12,1,0,-1.5,1.6,12,0.5,0,-2.3,1.3,12,0.1,0,-2.8,1.1,12,0,0,-3.2,1.3,11,,0,-3,1.8,12,,0,-3.4,1.4,12,,0,-3.4,1.2,11,,0,-3.5,1,12,,0,-3.6,1.1,11,,1,0,-3.7,0.6,9,,0,-3.5,0.8,13,,0,-3.5,0.8,12,,0,-3.6,0.4,13,,0,-3.4,0.8,12,,0,-3.7,0.5,14,,0,-4.7,0.4,2,0,0,-2.7,0.7,12,0.1,0,-2,0.6,10,0.8,0,-1,1.1,12,0.8,0,-0.7,1.4,11,0.6,0,-0.6,1.2,11,1,0,-0.1,0.9,12,0.3,0,-0.1,0.7,13,0.6,0,-0.4,0.7,10,0,0,-0.5,0.1,16,0,0,-1.3,0,16,0,0,-1.9,1,3,0,0,-2.3,1.4,2,,0,-2.6,1,3,,0,-2.7,0.9,3,,0,-2.7,1.7,3,,0,-2.6,0.5,3,,0,-2.3,1.2,3,,1,0,-1.7,1.9,3,,0,-1.2,3.1,3,,0,-1,2.8,3,,0,-0.9,3.7,3,,0,-1.1,4.3,4,,0,-1.4,3.2,3,,0,-1.3,3.9,3,0,0,-0.8,4.6,3,0,0,-1.3,4,4,0,0,-1.4,4.2,3,0,0,-0.9,3.5,3,0,0,-0.5,5.3,3,0,0,0.5,5.7,3,0,0,1.2,8.5,3,0,0,1.4,6.9,3,0,0,2.2,6,3,0,0,1.1,3.9,3,0,0,0.7,2.7,2,0,0,0.9,2.2,2,,0,0.1,2.5,2,,0.5,-0.1,2.3,2,,0,-0.3,2.7,2,,0.5,0.4,2.3,2,,0,0.4,2.4,2,,1,0,-0.3,1.6,2,,0,-0.6,0.7,2,,0,-1,0.7,7,,0.5,-0.6,0.3,4,,0.5,-0.9,0.4,9,,0,-0.8,0.2,16,,0.5,-0.6,0,16,0,0.5,-0.2,0,16,0,0.5,0,0.5,5,0,0,0.6,0.5,4,0,0,1.5,0.2,16,0,0.5,2.9,0.6,11,0,0,4.1,1.2,13,0.6,0,4.2,2.2,14,0.5,0,3.9,1,13,0.7,0,4,1.3,13,0.4,0,3,1.4,13,0.4,0,2.4,1.2,13,0,0,1.9,0.9,13,,0,2.1,0.7,13,,0,1.8,1,13,,0,0.6,0.7,13,,0,0.1,1.8,12,,0,-0.5,0.8,15,,1,0,0.3,1.4,13,,0,0.3,0.7,13,,0,-0.1,0.2,16,,0,-0.3,1.4,14,,0,-1.3,0.2,16,,0,-1.9,0.1,16,,0,-2,0,16,0,0,-1.9,0.6,8,0,0,-0.2,0.6,11,0.3,0,0.7,1,14,0.2,0,0.8,1.4,14,0.1,0,0.8,2,14,0.3,0,0.9,1.9,14,0.4,0,0.5,1.2,13,0.1,0,-0.8,1.3,14,0.4,0,-1.4,1.7,12,0,0,-2,3.1,12,0.1,0,-2.3,1.3,12,0,0,-2.6,1.2,11,,0,-2.9,1.5,12,,0,-3,1.4,12,,0,-3.4,1.1,11,,0,-3,1,11,,0,-3.3,1.1,12,,1,0,-3.4,0.7,13,,0,-3.5,0.6,13,,0,-3.5,0.5,12,,0,-3.8,0.9,12,,0,-3.5,1,12,,0,-3.6,1.7,12,,0,-3.5,1.6,12,0,0,-3.1,2,12,0,0,-2.1,2,12,0.5,0,-1.6,2.1,13,0.5,0,-1,1.7,13,0.9,0,0,1.8,12,0.9,0,0.8,1.3,13,1,0,0.6,2.5,12,0.9,0,-0.4,2,12,0.7,0,-1.3,2,11,0.4,0,-2.6,1.5,11,0.4,0,-3.2,1.1,12,0,0,-3.6,1.1,12,,0,-4.3,0.3,13,,0,-4.4,0.9,13,,0,-4.6,1,12,,0,-5.4,0.3,15,,0,-7.3,0,16,,1,0,-8.3,0,16,,0,-9.3,0,16,,0,-9.8,0,16,,0,-9.3,0,16,,0,-10.3,0,16,,0,-10.7,0,16,,0,-9.8,0,16,0,0,-9,0,16,0.1,0,-5.9,0.5,10,0.4,0,-1.7,1.7,12,0.4,0,-0.9,2.7,12,0.8,0,-0.9,3.2,12,0.7,0,-0.5,2.6,12,0.8,0,-0.4,1.5,12,0.8,0,-0.8,2,12,0.9,0,-1.3,2.7,12,0.3,0,-2,2.1,12,0.4,0,-2.5,1.6,12,0,0,-3,1,12,,0,-2.9,1.2,11,,0,-4.8,0.8,6,,0,-4.8,0.3,0,,0,-4.8,0.2,16,,0,-5.1,0,16,,1,0,-6.5,0,16,,0,-6.5,0,16,,0,-6.7,0,16,,0,-6.6,0,16,,0,-6.9,0,16,,0,-7.5,0,16,,0,-6.7,0,16,0,0,-6,0,16,0,0,-4.7,,,0.5,0,-3.1,,,0.5,0,-1.7,0.5,2,0.4,0,0.5,1.6,12,0.2,0,0.7,1,13,0.1,0,0.6,1.6,12,0.2,0,0.6,1.9,12,0.3,0,-0.1,0.9,11,0.1,0,-1.2,0.8,12,0,0,-1.4,0.5,12,0,0,-1.6,1,12,,0,-2.4,1.1,10,,0,-2.5,1.3,12,,0,-2.6,0.9,12,,0,-3,1.4,12,,0,-3,0.2,16,,1,0.5,-3,0.3,11,,0,-3.1,0.7,12,,0,-3.6,0.7,12,,0,-3.8,0.6,12,,0,-4,1.3,12,,0,-4,0.7,13,,0,-3.8,0.8,12,0,0,-3.5,0.3,11,0.1,0,-2.8,0.7,9,0.2,0,-2.5,0.9,13,0.1,0,-1.5,1.6,12,0.6,0,-1.9,2.5,12,0.6,0,-0.9,2.3,12,1,0,0.1,2.1,12,0.9,0,-2.3,2.2,12,0.7,0,-2.7,1.9,12,0.1,0,-3.3,1.1,11,0.3,0,-3.6,0.3,1,0,0,-4.2,0.8,12,,0,-4.4,0.5,13,,0,-3.9,0.4,12,,0,-3.8,0.3,11,,0,-5.3,0.5,15,,0.5,-5.4,0,16,,1,0,-6.4,0.1,16,,0,-7,0,16,,0,-8,0,16,,0,-8.5,0,16,,0,-9,0,16,,0,-8.7,0,16,,0,-9.2,0,16,0,0,-8.2,0,16,0.4,0,-5.3,0.1,16,0.7,0,-3.1,0.4,0,1,0,-1.7,1,3,1,0,-0.9,0.9,3,0.5,0,0.2,2.1,12,0.2,0,0.7,1.1,11,0.1,0.5,0.5,1.5,13,0.6,0,-0.1,1.2,12,0,0,-0.6,0.9,12,0,0,-1.4,0.6,12,0,0,-2,0.5,11,,0,-3.2,0.2,16,,0,-2.6,0.1,16,,0,-2.7,0,16,,0,-2.6,0,16,,0,-3.7,0,16,,1,0,-2.7,0.7,15,,0,-2.8,0.3,0,,0,-2.9,1,0,,0.5,-2.9,0.1,16,,0.5,-2.9,0,16,,0.5,-3,0,16,,0,-2.7,0,16,0,0,-2.6,0.3,15,0,0,-1.9,0.6,0,0,0,-1.3,0.1,16,0,0,-0.6,0.3,5,0,0,1.4,0.6,13,0.5,0,2.7,1.7,12,0.6,0,1.6,2.6,12,0.5,0,1.5,2.3,12,0.7,0,0.6,1.3,12,0.6,0,0.1,0.6,11,0,0,-0.3,0.1,16,0,0,-0.9,0.1,16,,0,-0.7,0.3,11,,0,-0.9,0.3,9,,0,-1.7,0,16,,0,-1.4,0.2,16,,0,-1.7,0.1,16,,1,0,-1.8,0,16,,0,-2.1,0,16,,0,-2.2,0,16,,0,-2.2,0,16,,0,-2.7,0,16,,0,-2.5,0,16,,0,-2.5,0.5,15,0,0,-2.1,0.2,16,0,0,-1.2,0.2,16,0,0,-0.4,0.8,0,0,0,0.9,0.9,3,0,0,3.5,1.6,14,0,0,3,1.5,13,0,0,3.7,0.5,13,0,0,3,1.4,12,0,0,2.9,0.6,10,0,0,2.3,0.4,7,0,0,1.8,0.8,9,0,0,1.7,0.1,16,,0,1.4,0.1,16,,0,1.6,0.3,9,,0,0.4,0,16,,0,0.2,0.4,14,,0,-0.2,0,16,,1,0,-1.7,0,16,,0,-2.6,0,16,,0,-2.3,0.2,16,,0,-3.1,0,16,,0,-2.3,0,16,,0,-2.2,0,16,,0,-1.8,0,16,0,0,-1.1,0,16,0,0,-0.3,0.5,2,0.3,0,1.1,0.6,0,0.1,0,1.5,0.5,2,0,0.5,3.5,1.5,11,0.4,0,3.3,0.6,12,0.1,0,4.2,1,11,0.3,0,4.4,1.4,12,0.9,0,3.8,1.7,11,1,0,3,1.3,12,0.5,0,2.4,1.2,11,0,0,2.2,1.4,11,,0,2.7,0.6,12,,0,2.4,1,12,,0,2.3,1.7,12,,0,2,0.8,11,,0,-0.7,0.2,16,,1,0,-2.4,0.1,16,,0,-2.5,0,16,,0,-3,0,16,,0,-3.7,0,16,,0,-4.5,0,16,,0,-5,0,16,,0,-5.1,0,16,0.1,0,-3.5,0.3,6,1,0,-1.2,0.8,0,1,0,0.9,1,4,1,0,3.9,0.9,4,1,0,4.9,1.2,2,1,0,5.7,1,2,1,0,7,0.7,13,1,0,7.1,1.2,12,1,0,6,0.5,14,1,0,4.7,0.1,16,0.5,0,2.2,0.9,9,0,0,-0.1,0,16,,0,-1.4,0,16,,0,-2.3,0,16,,0,-3.5,0,16,,0,-3.6,0,16,,0,-4.2,0,16,,1,0,-5,0,16,,0,-6.3,0,16,,0,-6.4,0,16,,0,-7.5,0,16,,0,-7.3,0,16,,0,-7.4,0,16,,0,-7.7,0,16,0.1,0,-6.6,0,16,1,0,-3.6,,,1,0,-0.3,,,1,0,2.9,0.7,3,1,0,5.3,0.7,3,1,0,7.6,0.8,4,1,0,8.4,0.1,16,0.2,0,7.7,0.3,2,0,0,7,0.1,16,0,0,4.6,0.2,16,0,0,3.2,0.4,11,0,0,3,0.3,7,,0,2.2,0.3,13,,0,1.9,0.4,8,,0,1.5,0.1,16,,1.5,1.3,0.4,10,,1.5,1.5,0.1,16,,1,0.5,1.4,0.7,9,,0.5,1.4,0,16,,0,1.2,0,16,,0.5,1.3,0.2,16,,0.5,1.6,0.3,14,,0,3.6,0.8,13,,0,4.8,1.8,12,0,0,4.7,1.1,11,0,0,5.5,1.5,12,0.4,0,6.4,2.1,12,1,0,6.7,2.5,13,1,0,6.5,2.8,12,1,0,5.9,2.7,12,1,0,5.6,2.1,12,1,0,4.9,2,11,1,0,4,1.6,12,1,0,2.3,1.6,12,0.5,0,1.4,1,12,0,0,0.8,1.5,12,,0,0.2,0.9,9,,0,-0.6,0.3,11,,0,-1.3,0.3,2,,0,-2.7,0,16,,0,-3.1,0,16,,1,0,-3.5,0,16,,0,-3.1,0,16,,0,-4,0,16,,0,-4.4,0,16,,0,-4.3,0,16,,0,-4.2,0,16,,0,-3.5,0,16,0,0,-2.6,0.6,0,0.4,0,-1.4,0.1,16,1,0,0.1,0.5,4,0.3,0,2.5,0.6,4,0.6,0,4,1,13,0.5,0,4.4,1.2,13,0.7,0,4.4,1.6,12,1,0,4.3,1.4,12,0.8,0,3.8,1.1,13,1,0,2.1,1.6,2,0.5,0,1.1,0.2,16,0,0,-0.8,0.4,8,,0,-1.8,0,16,,0,-1.5,0.4,9,,0,-2.1,0.2,16,,0,-1.6,0.8,6,,0,-1.5,0.4,7,,1,0,-1.7,0.9,9,,0,-1.6,0.7,9,,0,-1.8,0.6,8,,0,-1.6,0.4,9,,0,-1.7,0.1,16,,0,-1.7,0.2,16,,0,-1.5,0,16,0,0,-0.1,0,16,0.3,0,0.2,1.4,4,1,0,1.2,0.7,4,1,0,2,0.5,4,0.8,0,2.9,1.2,15,1,0,2.6,1.8,3,1,0,2.7,1.9,3,1,0,2.4,1.3,3,1,0,1.7,1.6,1,0.7,0,0.4,1.6,2,0,0,-0.8,0.7,3,0,0,-1.7,0.5,3,,0,-2.8,0,16,,0,-2.9,0.5,9,,0,-2.9,0.1,16,,0,-3.4,0,16,,0,-4.1,0,16,,1,0,-3.5,0.5,9,,0,-4.7,0.4,4,,0,-4.7,0.2,16,,0,-5.6,0,16,,0,-6.1,0,16,,0,-6,0.1,16,,0,-5.3,0.1,16,0,0,-4.1,0.2,16,0,0,-2.6,1,2,0.6,0,-0.6,0.9,10,0.3,0,0.5,1.4,14,0.3,0,1,2.6,12,0.5,0,0.3,2.6,12,0.8,0,-0.1,2.9,13,0.7,0,-0.8,2.8,12,0.5,0,-1.5,2.1,12,0.1,0,-1.6,1.7,12,0,0,-2.2,1.6,12,0,0,-3,0.1,16,,0,-2.4,1,12,,0,-2.5,0.9,11,,0.5,-2.4,1.2,11,,0,-2.1,0.5,10,,0,-1.1,0.8,11,,1,0,0.1,2.4,12,,0,-0.7,1.1,12,,0,-0.5,1.1,12,,0,-0.4,1.7,12,,0,-0.7,1.4,12,,0,-4.3,0.8,5,,0,-3.8,0,16,0,0,-2.4,1,15,0.7,0,-0.4,1,0,1,0,1.6,1.3,13,1,0,2.2,0.8,0,1,0,4,1.1,15,0.8,0,4.1,1,13,0.9,0,4.9,1.8,12,0.5,0,4.9,1.4,12,1,0,4.1,0.8,13,1,0,3,0.4,12,0,0,1.1,0.4,8,0,0,-0.5,0.3,8,,0,-1.3,0,16,,0,-1.6,0,16,,0,-1.7,0.1,16,,0,-1.9,0.6,9,,0,-3.2,0,16,,1,0,-3,0,16,,0,-3,0.2,16,,0,-3.4,0,16,,0,-3.1,0.2,16,,0,-3,0,16,,0,-2.4,0.4,13,,0,-2,0.7,7,0,0,-2.1,0,16,0,0.5,-1.2,0,16,0,0.5,0,0.8,6,0,0,0.5,0,16,0,0.5,1.6,0.1,16,0,0.5,2.2,0,16,0,0.5,2.5,0,16,0,0.5,2.2,0,16,0,0,1.9,0.1,16,0,0,1.9,0.1,16,0,0.5,1.7,0,16,0,0.5,1.5,0.8,0,,0,1.2,0,16,,0.5,1.1,0.3,11,,0,0.8,0.1,16,,0,1.9,1.5,13,,0,1.5,1.1,12,,1,0,0.5,0.7,12,,0,0.1,0.8,13,,0,-0.4,0.8,14,,0,-0.9,1.1,13,,0,-1.6,0.4,13,,0,-2.4,1,13,,0,-2.6,1.9,12,0.1,0,-2.4,2.5,12,0.4,0,-1.8,2,12,0.6,0,-1.7,1.3,13,0.3,0,-1,2.7,13,0.4,0,-2.2,2.3,12,0.1,0,-2.8,2.4,13,0.3,0,-2.8,2.2,13,0.1,0,-2.8,1.5,13,0.1,0,-2.6,2.1,14,0.1,0,-2.9,1.1,13,0,0,-3.5,0.5,13,0,0,-4.2,0.1,16,,0.5,-4.8,0.9,13,,0.5,-4.6,1,13,,0,-4.4,0.7,11,,0,-5,0.1,16,,0,-4.6,1.1,11,,1,0.5,-4.8,1.9,11,,0,-4.9,0.4,10,,0,-4.6,0.7,11,,0.5,-5,0.5,10,,0,-4.6,0.6,11,,0,-4.2,1.5,12,,0,-4.8,1.5,13,0,0.5,-4.4,1.9,12,0.1,0,-3.6,2.2,12,0.3,0,-3.8,2.5,12,0.2,0,-2.3,1.7,13,0.1,0,-3.3,2.5,12,0.1,0.5,-2.8,1.9,10,0.1,0.5,-3.6,2.2,13,0,0,-2.8,1.1,13,0,0,-2.4,1.8,12,0,0,-3.9,2,12,0,0.5,-4,2.1,12,0,0,-3.9,1.6,11,,0,-3.6,1.5,12,,0.5,-4,2.4,12,,0,-3.8,1.1,12,,1,-4.2,1.4,12,,0.5,-4.4,2.2,12,,1,0.5,-4.3,1.6,12,,0.5,-4.5,2,12,,1,-4.4,1.4,11,,0,-4,1.5,12,,0.5,-3.8,2.4,12,,0,-3.3,1.2,11,,0,-3.3,2.5,12,0,0,-2.5,2.4,13,0.3,0,-2.1,2.8,13,0,0.5,-2.4,2.2,13,0,0,-2,2.9,12,0.5,0,-1.4,3,12,0.3,0.5,-3.2,2.6,12,0,0.5,-2.3,2.5,13,0,0,-1.9,3,13,0.1,0,-1.3,3.2,12,0,0,-2.6,2.6,12,0,0,-2.5,2.3,12,0,0,-2.9,1.8,12,,0.5,-3.4,1.2,12,,0,-3.2,0.8,12,,0.5,-3.2,0.7,10,,0,-3.1,0.8,11,,0.5,-3.1,0.6,12,,1,0,-3.1,0.2,16,,0,-3,1,10,,0.5,-3,0.7,12,,0.5,-3.2,0.5,10,,0.5,-2.6,0.3,11,,0,-2.6,0.4,12,,0.5,-3.3,0.1,16,0.2,0,-3.2,0,16,0.5,0,-1.3,1.7,15,0.9,0,-0.5,1.1,3,1,0,2.1,1.5,9,1,0,2.8,1.5,7,0.9,0,3.3,1.3,9,0.5,0,2.8,1,8,0.2,0,2.7,1,8,0,0,0.2,1.1,8,0,1,-0.5,1.3,14,0,1,-0.1,0.8,8,0,0,0.2,0.5,12,,0,-1.1,0.7,12,,0.5,-0.8,0.6,11,,0,-1.6,1.3,11,,0,-1.9,0.7,11,,0,-2.9,1.2,12,,1,0,-2.8,0.4,13,,1,-3.6,0.4,12,,2,-3.5,0.8,10,,2.5,-3.4,0.7,12,,1.5,-3.6,1.7,12,,0.5,-3.2,1,11,0,0,-4.1,0.4,12,0.3,0.5,-3,0.1,16,0.4,1.5,-2.1,0.9,11,0.1,0.5,-2.3,0.3,12,0.2,1,-1.9,1.3,12,0,0,-0.9,1.3,12,0,0,0.2,1,13,0.3,0,0.7,1.2,12,0.8,0,-0.2,1.1,12,0.2,0,-1,0.6,11,0.3,0,-1.5,0.4,13,0,0,-1.9,0,16,0,0,-2.1,0.3,12,,0,-1.8,0.5,12,,1,-2.2,0,16,,0,-2.2,0.1,16,,0.5,-2.3,0,16,,1,-3.2,0,16,,1,0.5,-4.2,0,16,,0,-5.3,0,16,,0,-6.1,0,16,,0,-4.6,0,16,,0,-5,,,,0,-5.4,,,0,0,-4.7,,,0.5,0,-1.7,,,0.2,0,-0.3,0.9,12,0.2,0,0.7,0.8,13,0.5,0,0.7,1.2,14,0.2,0,2.1,2.5,12,0.5,0,2.3,1.3,13,0.4,0,1.9,1.7,11,0.2,1,-0.2,3.1,12,0.1,0,0.6,1,13,0,0,0.6,1.6,12,0,0,-0.3,0.8,10,0,0,-0.7,0.3,11,,0,-1.1,0.3,2,,0,-0.9,0.6,2,,0,-0.9,0.4,3,,0,-0.4,0.3,10,,0,-0.5,0.4,5,,1,0.5,-0.7,0,16,,0,-0.7,0,16,,0,-1.8,0,16,,0,-2.9,0,16,,0,-3.6,0,16,,0,-3.8,0,16,0,0,-3.2,0,16,0,0,-2.6,0,16,0,0,-1.5,,,0,0,-0.5,0.7,3,0,0,0.5,0.3,2,0,0,1.2,0.2,16,0,0,1.3,1.2,6,0,0,0.7,1.4,5,0,0,0.8,0.8,6,0,0.5,0.1,0.8,4,0,1,-0.1,0,16,0,2,0,0,16,0,1,0.1,0,16,,0,0.2,0,16,,0,0,0,16,,0,0.1,0,16,,0.5,0.1,0,16,,1.5,0.2,0,16,,1,1,0.3,0,16,,1,0.3,0,16,,1,0.3,0,16,,2,0.3,0,16,,2,0.4,0,16,,1.5,0.4,0,16,0,1,0.4,0,16,0,0.5,0.5,0,16,0,0.5,1,,,0,0.5,1.5,,,0,0.5,1.8,,,0,0,2,,,0,0.5,2.1,0.2,16,0,0.5,1.8,0.2,16,0,0.5,1.2,1,3,0,0.5,1.4,1.3,2,0,0,1.2,1.1,3,0,0.5,1.1,2.8,4,0,0.5,0.6,2.8,3,,0.5,0.4,3.2,4,,0.5,0,0,16,,0.5,-0.4,0,16,,0.5,-0.6,0,16,,1,-0.8,0,16,,1,1,-1.1,0,16,,1,-1.1,0,16,,0,-1.2,,,,0,-1.4,,,,0,-1.5,,,,0,-1.5,,,0,0.5,-1.1,,,0,0,-0.5,,,0,0,-0.4,0.4,4,0,0,1.5,0.6,2,0.3,0,2.7,0.9,11,0.2,0,2.2,1,12,0,0,3.2,1.9,12,0.2,0,3.4,1.9,12,0.4,0,3.2,1.2,14,0.5,0,2.4,0.9,14,0,0,1.6,0.6,12,0,0,1.3,1,12,0,0,0.9,1,12,,0,0.3,0.3,13,,0,0.5,0.8,12,,0,-0.5,0.8,12,,0,-0.7,0.2,16,,0,-1.2,0.2,16,,1,0,-1.3,0.3,14,,0,-1.3,0.6,13,,0,-2.5,0.5,4,,0,-2.7,0.3,0,,0,-3.4,0,16,,0,-3.1,0,16,0,0,-4.1,0.2,16,0,0,-1.6,0.7,3,0.1,0,-0.5,0.8,3,0.3,0,1.6,0.5,11,0.3,0,2.3,1.2,10,0.2,0,2.6,1.5,10,0.3,0,3.2,2,12,0.1,0,3.2,2.5,12,0.9,0,3.7,2.3,12,0.7,0,2.4,1.1,11,0.5,0,2,0.7,13,0.2,0,1.8,0.4,12,0,0,1.1,0.6,8,,0,0.2,0.4,13,,0,-1.4,0,16,,0,-1.6,0.2,16,,0,-1.5,0,16,,0,-1.5,0,16,,1,0,-1.5,0,16,,0,-1.3,0.1,16,,0,-1.1,0.1,16,,0,-1.1,0.2,16,,0,-1.1,0.1,16,,0,-0.6,0.3,10,0,1,-0.1,0.2,16,0,1,0.3,0.3,11,0,7,0.4,0,16,0,3,0.3,0,16,0,11,0.4,0,16,0,0.5,0.8,0,16,0,0,1.9,0.9,15,0.1,0,3.1,0.8,15,0.1,1.5,3.3,0.7,3,0.1,0,4.9,0.4,10,0.8,0,4.3,1.6,11,1,0,2.8,0.4,12,0.2,0,2.9,1.3,13,,0,2.4,1.2,12,,0,1.9,0.9,13,,0,0.8,0.2,16,,0,1.7,1.2,12,,0,-0.6,0.4,3,,1,0,-0.4,0.5,4,,0,-1.4,0.5,2,,0,-1.7,0.5,15,,0,-2.1,0,16,,0,-3.1,0,16,,0,-1.7,0.4,10,0,0,-2,0,16,0,0,0.8,0.7,14,0.8,0,5.3,1.6,12,0.6,0,5.3,1.5,13,0.5,0,6.3,1.6,12,0.4,0,6,1.4,12,0.5,0,6.5,1.6,12,0.4,0,7.1,1.8,12,0.9,0,6.8,2.3,12,1,0,6.4,0.7,13,1,0,5.2,1,12,0.8,0,3.4,0.3,13,0.1,0,0.4,0,16,,0,-0.2,0.1,16,,0,-1.3,0.1,16,,0,-1.9,0,16,,0,-1.7,0.5,9,,0,-2.1,0,16,,1,0,-1.9,0,16,,0,-1.7,0.1,16,,0,-1.7,0,16,,0,-1.9,0.1,16,,0,-1.4,0.5,4,,0,-0.9,0.2,16,0,0,-0.7,0.3,7,0,0,-0.2,0.1,16,0,1.5,0.2,0.2,16,0,4,0.5,0.1,16,0,5,0.9,0.9,4,0,1.5,1.8,0.8,14,0,2.5,2.9,0.6,13,0,3,7.6,1.8,10,0,2,7.5,1.7,11,0,1.5,6.3,2.6,12,0,0,5.5,1.7,12,0,0,3.8,1.7,12,0,0,3.8,2.4,12,,0,3.2,1.1,11,,1.5,3.4,2,11,,0,3,1.2,12,,0,2.9,2.2,12,,0,2.5,1.8,12,,1,0,2.5,1.5,12,,0,2.1,2.2,12,,0,1.6,0.7,12,,0,0.8,0.4,14,,0,1.5,0.7,13,,0,-0.5,0.3,8,0,0,-0.3,0.7,5,0.5,0,1.6,0.9,3,0.9,0,3.6,1,4,0.6,0,4.5,1.8,4,0.7,0,5.4,0.5,5,0.4,0,6.1,2,6,0.5,0,6.6,0.6,8,0,0,6.3,0.8,11,0,0,7.3,0.7,12,0.2,0,5.3,0.4,3,0.8,0,4.9,0.1,16,0.1,0,4.1,0.7,13,0,0,2.1,0.6,10,,0,0.3,0.1,16,,0,-1,0.1,16,,0,-1.4,0,16,,0,-2,0,16,,0,-2.2,0,16,,1,0,-2,0.7,9,,0,-2,0.2,16,,0,-2.2,0,16,,0,-2.2,0.2,16,,0,-1.8,0.1,16,,0,-1.8,0,16,0,0,-0.9,0.2,16,0,0,0.4,0,16,0,0,2,0.4,7,0,0,2.9,0,16,0,0,3.9,0.9,7,0,0,3.4,0.8,3,0,0,3.6,1.4,3,0,0,3.2,0.3,3,0,1,2.9,0.4,3,0,1.5,2.3,2,3,0,1.5,2,1.6,3,0,2,1.5,1.7,3,0,2.5,1,1.5,2,,2.5,0.8,1.6,2,,1,1.3,2.6,3,,0.5,1.2,4,3,,1,1.2,4.9,3,,1,0.7,4.2,3,,1,0.5,0.5,2.2,3,,0.5,0.5,2.7,3,,0.5,0.4,2,3,,0.5,0.3,0,16,,0,-0.2,0,16,,0,-0.7,0,16,0,0,-0.9,0,16,0,0,-0.8,0,16,0,0,-0.8,0,16,0,0,-0.5,,,0,0,0.5,,,0,0,1.6,0.9,12,0,0,2.1,1.6,12,0.3,0,2.8,1.5,12,0.3,0,3.4,1.3,13,0.1,0,2.7,1.5,12,0,0,1.9,1.5,12,0,0,1.6,1.9,12,0,0,1.5,1.3,13,,0,1.5,1.7,12,,0,1.3,1.3,13,,0,0.7,1.1,13,,0,0.2,1.2,12,,0,0.4,0.9,13,,1,0,-0.9,0.4,12,,0,0.8,0.9,11,,0,-0.8,0.1,16,,0,-1.1,0.3,6,,0,-0.8,0.6,0,,0,-1.5,0.3,4,0,0,-0.7,0.3,0,0.2,0,0.1,0.5,2,0.2,0,5.2,1.5,13,0.8,0,5.7,2.5,13,0.6,0,6.2,2.4,13,0.7,0,4.8,2.5,13,0.2,0,6.3,2.3,12,0.2,0,5.6,2.5,12,0.2,0,5.6,2,12,0,0,5.6,0.9,11,0,0,5.4,1.3,12,0,0,4.8,1.1,12,0,0.5,3.7,2,11,,0.5,2.6,0.5,13,,0.5,2.7,1.4,13,,0,2.2,1.9,12,,0,1.9,0.5,13,,0,1,0.5,4,,1,0,0.3,0,16,,0,-0.3,0,16,,0,-0.4,0,16,,0,0,0,16,,0.5,0.2,0,16,,0,0.2,0,16,0,0,0.6,0,16,0,0,1.8,0.1,16,0.1,0,2.1,0.2,16,0.2,0,3.1,0.5,1,0.2,0,6.5,2.3,13,0.6,0,7.5,3.3,12,1,0,7.4,2,12,0.8,0,7,3,12,1,0,6.7,2.2,12,1,0,6.4,2,12,1,0,5,1.7,12,1,0,3.8,1.6,12,0.2,0,3.1,0.7,12,,0,1.3,0.1,16,,0,0,0.5,14,,0,-1.2,0.2,16,,0,-1.6,0.6,14,,0,-1.7,1.1,15,,1,0,-2.3,0,16,,0,-1.6,0.9,14,,0,-2.2,0.6,14,,0,-2.6,0.3,15,,0,-1.1,0.2,16,,0,-0.2,0.4,13,0,0,0.6,0.4,2,0.1,0,4.9,0.9,4,0.7,0,8.2,1.2,12,0.8,0,9.3,1.3,13,0.9,0,10.7,1.5,13,1,0,12,2.8,12,0.8,0,12.6,1.8,12,1,0,12.4,2,12,0.9,0,11.7,1.8,11,1,0,10.5,0.8,14,1,0,9.2,1.3,12,0.9,0,8.4,1.6,12,0,0,7.8,1,13,,0,5.9,0.3,13,,0,5.8,0.4,14,,0,7.1,1.2,14,,0,6.7,0.9,13,,0,7.3,1.1,13,,1,0,5.8,0.8,12,,0,4.8,0.6,14,,0,3.3,0.4,12,,0,8.1,1.6,10,,0,8.4,2,11,,0,8.5,1.5,11,0,0,9.2,2.3,12,0,0,9.3,1.4,12,0.1,0,10.4,1.2,11,0.3,0,11.8,1.6,12,0.6,0,12.3,1.6,11,0.8,0,11.5,2.2,12,0.5,0,10.2,0.9,13,0,0,10.6,1.6,12,0,0,10.4,0.9,12,0.1,0,9.9,1.5,12,0,0,9.4,1.2,11,0,0,8.9,1.4,12,0,0,8.6,1.1,12,,0,8.4,0.8,13,,0,8.1,1.1,12,,0,8,0.6,13,,0,6.1,0.4,12,,0,6.2,0,16,,1,0,6.7,0.6,14,,0,5.6,0.4,13,,0,6.8,1,12,,0,6.1,0.6,12,,0,5.3,0.2,16,,0,4.2,0.4,12,0,0,4.5,0.2,16,0,0,6.6,1.1,14,0.3,0,9.1,0.9,15,0.1,0,10.6,0.7,13,0.3,0,11.7,0.5,12,0.5,0,12.8,0.9,13,1,0,13.1,1.3,14,0.8,0,13.3,0.7,13,0.5,0,13.5,0.6,12,0,0,13.5,0.8,14,0.2,0,10.2,0.4,11,0,0,8.1,0.1,16,0,0,7.2,0.1,16,,0,5.8,0,16,,0,4.9,0.1,16,,0,4.3,0.7,8,,0,3.6,0,16,,0,3.4,0.2,16,,1,0,3.1,0,16,,0,2.8,0.3,10,,0,2.2,0.4,8,,0,2,0,16,,0,1.5,0.6,7,,0,1.6,0.7,3,0,0,2.8,0.1,16,0.1,0,5,1,5,0.9,0,9,0.4,4,1,0,11.3,0.4,6,1,0,14.1,1.2,6,1,0,16.1,0.9,6,1,0,16.9,0.4,11,1,0,17.5,1.9,15,1,0,17.2,1.7,13,1,0,15.9,1.1,12,1,0,13.5,1.2,12,1,0,12.1,0.7,6,0,0,8.7,0.6,14,,0,6.1,0.3,12,,0,6.4,1.2,14,,0,6.3,0.2,16,,0,6.2,0.6,13,,0,6,0.3,8,,1,0,5.4,0.1,16,,0,4.8,0.1,16,,0,4.4,0,16,,0,4.6,0.4,4,,0,4.8,0.2,16,,0,4.8,0.8,14,0,0,5.4,0.7,15,0,0,7.9,0.7,12,0,0,8.7,0.7,13,0,0,10,0.7,13,0,0,10.4,1.5,10,0,0,10.6,1.8,10,0.1,0,10,0.9,11,0,0,9.4,1.1,12,0,0,9.5,0.4,11,0,0,10,0.9,11,0,0,9.6,0.6,12,0,0,8.2,0.3,13,0,0,5.1,0,16,,0,4.2,0.3,8,,0,2.7,0.5,9,,0,2.4,0.2,16,,0,7.4,1.2,13,,0,8.2,1.4,13,,1,0,8,0.8,13,,0,8.1,1.2,14,,0,8.1,0.6,13,,0,5,0.3,14,,0,6.9,0.5,13,,0,2.3,0.2,16,0,0,4.8,0.4,6,0.6,0,12.7,1.2,13,1,0,14.4,1.9,12,1,0,15.4,1.6,12,1,0,14.9,1.9,12,0.6,0,14.9,1.5,13,0.3,0,14.6,1.3,12,0,0,14.9,1,11,0.2,0,14.4,0.7,12,0.1,0,13.8,0.7,11,0,0,13.2,0.7,11,0,0,12.1,0.4,12,0,0,9.8,0.1,16,,0,8.8,0.1,16,,0,7.7,0.7,5,,0,5.7,0.1,16,,0,5.1,0,16,,0,4.6,0.6,7,,1,0,5,0.4,3,,0,4.5,1,7,,0,5.3,1.6,7,,0,5.9,0.4,6,,0,7.8,2.2,3,,0,6.5,0.5,7,0,0.5,5.4,1.6,8,0,0.5,6.6,1.5,3,0,0,7.1,2.4,3,0,0,6.8,3.1,3,0,0,6.6,4.1,3,0,0,6.5,4.1,3,0,0.5,6.2,3.5,3,0,0.5,5.5,2.7,3,0,0.5,4.9,3.8,3,0,0.5,4.1,3.2,3,0,1.5,3.4,4.7,3,0,1,3,5.5,3,0,2,2.9,5.8,3,,1,2.7,3.7,4,,1,2.2,3.9,4,,0.5,1.3,1.6,3,,1,0.7,2,5,,0.5,0.6,1.4,6,,1,0.5,0.5,0.6,8,,0,0.5,0.7,9,,0,0.6,0.6,9,,0,0.9,0.2,16,,0,1.1,0.1,16,,0,1,0.2,16,0,0,1.1,1.1,7,0,0,3,0.7,3,0.7,0,7.2,0.9,15,1,0,10.4,1.7,13,1,0,10.5,1.6,12,1,0,9.7,3.3,12,1,0,10.3,3.4,12,1,0,9.5,2.8,12,1,0,8,1.9,12,0.6,0,7.7,1.9,11,0.9,0,7.3,2.2,12,0.9,0,6.4,1.7,11,0.4,0,5.9,1.4,11,,0,5.6,1.2,12,,0,5.3,1.8,11,,0,4.9,1.2,13,,0,4.9,1.3,12,,0,4.7,1.7,11,,1,0,3.9,0.4,13,,0,1.1,0.7,14,,0,0.7,0.7,14,,0,0.3,0.6,14,,0,-0.3,0.2,16,,0,0,0.3,2,0.3,0,2.1,0.9,2,1,0,7.7,1.9,12,1,0,9.4,1.6,13,1,0,10.6,2,12,1,0,11.6,1.6,12,1,0,11.3,3.7,12,1,0,12.2,2.1,11,1,0,12.4,2.1,12,1,0,11.2,2,13,1,0,10.8,1.5,13,1,0,9.6,0.9,13,1,0,7.9,0.6,13,0.5,0,5.7,0.9,12,,0,3.3,0.3,8,,0,2.6,0.1,16,,0,1.1,0,16,,0,0,0,16,,0,-0.6,0,16,,1,0,-1.3,0,16,,0,-1.6,0,16,,0,-1.9,0,16,,0,-1.8,0.9,8,,0,-2.2,0.1,16,,0,-2,0,16,0.3,0,0.4,0.1,16,1,0,2.9,0.8,6,1,0,6,1.4,3,1,0,10.4,0.8,3,1,0,12.9,0.9,0,1,0,15.5,1,14,1,0,16.8,1.3,15,1,0,17.8,1.5,5,1,0,17.9,0.8,8,1,0,18.5,1.5,7,0.8,0,16.2,1.1,13,1,0,11.9,0.9,9,0.4,0,8.9,0.6,8,,0,6.7,0,16,,0,5.7,0.3,10,,0,4.6,0.3,13,,0,3.4,0.3,9,,0,3,0,16,,1,0,3.4,0.2,16,,0,3.4,0.3,11,,0,2.6,0.1,16,,0,1.8,0.7,7,,0,1.7,0.2,16,,0,2,0.9,8,0,0,3.8,0.8,15,0.2,0,6.4,0.8,3,0.8,0,10.2,0.8,3,1,0,13.4,1.1,4,1,0,16.9,0.8,3,0.9,0,18.9,1.6,12,0.3,0,19.6,1.3,10,0.6,0,19.8,1.9,11,1,0,19,1.9,12,0.7,0,18.1,1.5,13,0.8,0,16.7,1.3,12,0,0,14.5,0.3,14,0,0,11.6,1,10,0,0,9.9,0.1,16,,0,8.7,0.1,16,,0,8.5,0.3,14,,0,7.6,0.6,8,,0,7.2,0.6,8,,1,0,7.2,0.3,14,,0,6.9,0.6,9,,0,7.1,1.3,7,,0.5,6.9,0.9,6,,0.5,6.7,0.3,4,,1,7.5,0.6,7,0,1.5,7.8,0.9,7,0,0,8.2,1,7,0,0.5,8.6,0.3,9,0,0,8.9,0.9,6,0,0.5,8.5,0.1,16,0,0,8.5,0.7,3,0,0.5,8.3,1.3,3,0,0.5,8.8,1.4,4,0,0.5,8.6,1.2,4,0,1,7.8,0.6,3,0,2.5,7.4,0.8,6,0,1,7.3,0.6,12,0,0,6.7,1.3,12,0,0,5.9,1.4,12,,0,5.4,1.6,11,,0,4.6,2.3,12,,0,4.1,2.8,12,,0,3.4,2.2,11,,1,0,3,2.2,12,,0,2.4,2.1,12,,0,2.3,2.6,12,,0,2,1.8,12,,0,1.9,2.4,11,,0,2,2.4,12,0,0,2.7,1.9,12,0,0,3.2,2.2,12,0.1,0,3.2,2.4,12,0,0,4.8,2.2,13,0.8,0,5.5,1.4,13,0.1,0,5.7,2.1,13,0.4,0.5,1.7,2,12,0,0,4.9,1.4,12,0.3,0,5.3,2.3,12,0.5,0,3.7,3.4,12,0.2,0,3.1,1.5,9,0.4,0,3.1,1,12,0,0,3.9,2.1,11,0,0,3.9,1.3,12,,0,3.4,1,12,,0,2.1,1.4,12,,0,2.3,0.6,11,,0,2.4,0.8,11,,1,0,1.4,0.5,11,,0,2.4,1.4,13,,0,2.3,0.6,12,,0,1.7,0.8,10,,0,1.7,0.4,14,,0,2.2,0.6,13,0.1,0,4.1,0.9,12,0.9,0,6.3,1.3,10,0.7,0,6.1,1.9,12,0.3,0,5.4,1.6,13,0.2,0,5,1.7,11,0.5,0,7.1,2.8,13,0.7,0,6.5,2.1,13,0.5,0,5.5,3.5,13,0.1,0,5.2,3.3,12,0.3,0,3.8,2.7,13,0.1,0,2.7,3.9,12,0,0,3.2,1.6,12,0,0,1.8,1.5,11,0,0,2.9,1.3,11,,0,3,0.9,12,,0,3.7,1.6,12,,0,3.9,1.8,12,,0,4,2.1,12,,1,0,4.1,1.2,12,,0,4.2,0.7,11,,0,4.8,0.6,11,,0,4.9,0.6,13,,0,5.1,1.6,11,,0,5.2,0.9,12,0,0,6,1.1,12,0,0,7.7,3,12,0.4,0,9.3,3.3,12,0.8,0,9.6,2.8,12,0.9,0,9.9,2.9,12,0.9,0,10.7,2.7,12,0.7,0,10.9,2.3,12,0.9,0,10.7,3.2,12,0.7,0,9.8,2.2,12,0.2,0,9.2,2.4,12,0,0,9.3,2.2,12,0,0,9,2,12,0,0.5,7.5,1.9,11,0,2.5,7.7,1.6,12,,0,8.4,2.3,12,,0,8.6,1.2,12,,0,8.7,1.7,12,,0,8.4,0.5,12,,1,0.5,8.1,0.3,14,,1,6.6,0.4,13,,4.5,6.6,0.7,12,,0,3.2,0.7,14,,0,2.3,0,16,,0,2.2,0.6,14,0,0,3.3,0.3,5,0.2,0,6.9,0.4,15,0.1,0,9.4,1.1,14,0.4,0,12.6,2.2,12,0.8,0,13.5,2.2,12,1,0,13.9,2.3,12,1,0,13,1.6,12,1,0,13.1,2,12,1,0,13.1,1.9,12,1,0,12.3,2.6,12,1,0,10.7,2,12,1,0,8.7,1.3,12,0.3,0,7.2,1,10,0,0,6.1,0.6,4,,0,3.7,0.3,0,,0,2.6,0.4,13,,0,1.1,0,16,,0,0.5,0.1,16,,1,0,0.3,1.4,15,,0,-1.2,0,16,,0,-1.3,0.1,16,,0,-1.8,0,16,,0,-2.2,0,16,,0,-1.5,0,16,0.1,0,-0.1,0.1,16,1,0,2.7,0.7,4,1,0,5.7,0.7,4,1,0,7.9,0.9,3,0.7,0,11.4,1.2,13,0.8,0,13.8,0.8,11,0.6,0,15.3,1.8,13,1,0,16.2,1.8,12,1,0,15.8,1.5,12,1,0,14.8,1.5,11,1,0,13.6,0.9,12,1,0,11.2,0.5,10,0.3,0,7.7,0.2,16,0,0,5.5,0.5,7,,0,3.5,0.6,10,,0,3,0.2,16,,0,1,0.1,16,,0,0.9,0,16,,1,0,-0.2,0,16,,0,-0.6,0,16,,0,-1.6,0,16,,0,-1.5,0.8,8,,0,-2.2,0,16,,0,-1.3,0.5,14,0,0,0.8,0.4,2,0.9,0,9.4,1.5,11,0.2,0,8.9,1.4,11,0,3.5,7.3,1.5,12,0,0.5,7,1.8,12,0,0,9.1,1.9,12,0.1,0,11,2.2,12,0.7,0.5,7.7,1.9,13,0.3,0,9,4.7,15,0.5,0,8.8,2.4,15,0.7,0,7.8,2.7,14,0.6,0,6.6,1.4,14,0.2,0,5.5,0.9,13,0,0,3.3,0.1,16,,0,3.7,0.8,12,,0,3.7,1.1,13,,0,2.2,0.8,14,,0,0.5,0.7,15,,1,0,-0.9,0,16,,0,-1.3,0,16,,0,-1.4,0,16,,0,-0.8,0.7,14,,0,-0.2,0.4,3,,0,4.5,1.2,11,0.1,0,5,1.2,14,0.9,0,4.7,1.8,14,0.4,0,4.6,1.3,13,0.3,0,4.9,3.7,14,0.5,0,8.3,1.8,13,0.7,0,8.3,1.5,13,0.8,0,8.1,2.1,13,0.6,0,9.9,3,12,0.7,0,8.3,2.4,13,0.8,0,7.6,2.1,12,0.4,0,7.1,2.4,12,0.6,0,5.6,1.5,12,0.3,0,4.8,1.4,11,0,0,3.4,0.7,12,,0,4.1,1.3,12,,0,3.6,0.5,12,,0,0.7,0.1,16,,0,-0.7,0.1,16,,1,0,-1.4,0,16,,0,-2.2,0,16,,0,-1.8,0.4,0,,0,-1.7,0.4,3,,0,-2.1,0,16,,0,0,0.9,15,0.5,0,3.9,0.8,14,0.8,0,8.3,1.8,12,0.5,0,10.2,1.8,12,1,0,11.5,2.6,12,1,0,13,1.8,12,1,0,12.9,2.8,12,1,0,12.5,3.3,12,1,0,12.3,3,12,1,0,11.5,2.4,12,1,0,11,2.2,12,1,0,9.5,2.6,12,1,0,7.7,2.5,12,0.4,0,7,1.9,12,0,0,6.2,1.4,12,,0,5.6,1.5,12,,0,5.1,0.7,14,,0,1.9,0.4,1,,0,1.3,1.5,15,,1,0,1.4,1.4,15,,0,-0.5,0.1,16,,0,-1.7,0.1,16,,0,-1.9,0,16,,0,-2.4,0,16,,0,-1.7,0,16,0.5,0,0.6,0.4,4,1,0,3.7,0.4,5,1,0,6.7,1.2,3,1,0,10.4,0.9,2,1,0,12.4,0.9,14,1,0,13.7,2,12,1,0,14.7,1.7,12,1,0,14.8,1.7,11,1,0,14,2.1,12,1,0,13.7,1.5,12,1,0,12,1,13,1,0,10,0.4,15,0.4,0,5.9,0.4,10,0,0,4.1,0.4,9,,0,2.4,0.2,16,,0,1,0.6,10,,0,0.2,0.6,11,,0,-0.7,0.7,8,,1,0,-1,0.2,16,,0,-2.1,0.3,9,,0,-2.3,0,16,,0,-3.2,0,16,,0,-3.4,0,16,,0,-2.3,0,16,0.7,0,0.2,0.5,5,1,0,3.5,1.2,3,1,0,7.4,0.6,3,1,0,11.8,1.3,4,1,0,14,0.9,2,1,0,15.2,1.3,14,1,0,16.8,1.9,13,1,0,16.2,1.6,11,1,0,15.6,1.7,12,1,0,14.5,2,12,1,0,12.5,1.8,12,1,0,10.4,0.4,3,0.4,0,8.3,0.3,9,0,0,5.5,1.1,9,,0,3.5,0.2,16,,0,0.9,0.1,16,,0,-0.1,0,16,,0,-0.6,0,16,,1,0,-1.8,0,16,,0,-1.5,0,16,,0,-2,0,16,,0,-2.8,0,16,,0,-3.2,0,16,,0,-1.8,0,16,0.7,0,0.4,0.2,16,1,0,3.4,0.5,3,1,0,9.1,0.7,1,1,0,12.2,1.4,12,1,0,15.2,1.5,13,1,0,16.2,1.5,10,1,0,15.3,1.9,11,1,0,15,2.1,11,1,0,13.9,2.1,12,0.5,0,12.2,1.7,12,0.2,0,9.6,2,12,0,4.5,6.7,1.5,6,0,0.5,6.5,1.2,15,0,0,7.1,1.3,12,,0,8.7,1.5,11,,0.5,8.7,1,13,,0.5,8.9,1.2,12,,0,8.3,1.2,13,,1,0,7.7,1,12,,0,6.9,0.7,12,,0,6.6,0.3,14,,0,6.1,0.2,16,,0,5.2,0.1,16,0,0,6.3,0.8,12,0.1,0,8,2.5,12,1,0,9.3,2,13,1,0,10,1.9,13,1,0,11.7,2.5,13,1,0,12.2,3.3,12,1,0,12.7,2.6,13,1,0,12.8,2.4,12,1,0,11.6,2.4,13,1,0,11.5,2.6,12,1,0,10.6,2.7,13,1,0,9.8,1.8,12,1,0,8.5,1.8,12,0.2,0,7.2,0.6,11,0,0,7.1,0.8,12,,0,6.9,0.7,11,,0,5.7,0.4,15,,0,3.5,0.3,13,,0,2,0.4,12,,1,0,0,0,16,,0,-0.4,0,16,,0,-1.2,0.5,8,,0,-1.6,0,16,,0,-1.8,0,16,0,0,-0.7,0,16,0.5,0,1.1,0.3,4,1,0,4.1,0.4,4,1,0,9.8,0.8,15,1,0,12.7,1.4,12,1,0,14,2.2,13,1,0,14.4,2.1,13,1,0,14.2,1.9,13,1,0,14.3,2.1,12,1,0,13.6,1.5,13,1,0,12.7,1.4,13,1,0,11,2.2,12,1,0,9.4,0.9,11,0.1,0,7.6,0.6,15,0,0,5.5,0.8,4,,0,4,0.2,16,,0,1.9,0.2,16,,0,0.9,0.5,9,,0,-0.2,0.3,9,,1,0,-0.8,0,16,,0,-1.1,0.1,16,,0,-0.6,0.3,9,,0,-0.7,0,16,,0,-0.6,0.3,10,0,0,0.2,0.6,8,0,0,2.2,0.5,4,0,0,3.6,1,5,0,0,5.3,0.2,16,0,0,8.6,0.3,11,0.1,0,11.6,1.2,6,0.6,0,12.2,0.9,8,0.9,0,14,1.7,13,1,0,14.2,2.1,12,1,0,13.9,1.2,12,1,0,12.8,1.3,12,1,0,11.1,0.3,9,0.4,0,9.6,0.7,0,0,0,8.2,0.2,16,0,0,7.4,1.2,3,,0,6.9,0.8,3,,0,6.2,0.3,5,,0,5.8,0,16,,0,3.7,0.6,6,,1,0,2.1,0.4,10,,0,0.7,0.2,16,,0,0,0.6,9,,0,-0.4,0.2,16,,0,-0.5,0.5,10,0,0,1.4,0.1,16,0.5,0,3.2,0.1,16,0.3,0,5.5,3.1,4,0.4,0,6.8,1.7,3,0.8,0,8.3,1.3,0,0.5,0,8.6,0.8,11,0.5,0,11,2.1,4,0.8,0,10.9,2.5,6,1,0,11.7,0.9,5,0.8,0,12,1.8,2,0.9,0,11.5,1.5,2,1,0,10.2,1.7,15,1,0,8.4,0.9,0,0.3,0,6.6,2,3,0,0,5.2,1.8,5,,0,3.7,0.5,4,,0,1.5,0,16,,0,0.3,0.1,16,,0,-0.1,1.2,9,,1,0,-1.1,0,16,,0,-1.9,0,16,,0,-2.2,0,16,,0,-2.1,0,16,,0,-1.7,0,16,0,0,-0.9,0,16,0.6,0,1.4,0.6,7,0.9,0,4.3,0.3,6,1,0,6.9,0.7,2,1,0,10.5,1.3,13,0.9,0,11.6,1.7,0,1,0,12.7,1.2,2,1,0,13.5,1.2,4,1,0,14.5,1.2,2,1,0,14.2,1.3,15,0.7,0,14.6,1.1,15,0,0,12.6,1,12,0,0,10.7,1.4,4,0,0,9.5,0.7,2,0,0,8,0.1,16,,0,7,0.8,9,,0,6.5,0.3,9,,0,5.6,0,16,,0,5.1,0.2,16,,1,0,2.8,0.1,16,,0,1.8,0.1,16,,0,1.3,0,16,,0,1.9,0,16,,0,2.7,0,16,0,0,3.4,0,16,0,0,4.6,0.5,4,0,0,6.3,0.9,4,0,0,8.6,0.7,3,0,0,11.5,0.5,3,0,0,13.4,1,13,0,0,14.7,1,10,0.2,0,15.4,0.8,13,0,0,14.9,1.2,12,0,0,13.6,0.9,9,0,0,13.5,0.5,9,0,0,13.6,0.8,13,0,0,11.7,1.2,13,0,0,10.7,0.1,16,0,0,10.4,0.7,7,,0,9.6,0.3,6,,0,8.8,1,8,,0,8.3,0.5,14,,0,8.4,0,16,,1,0,8.2,0.2,16,,0,8.1,0,16,,0,7.4,0.2,16,,0,6.5,0.2,16,,0,6.7,0.1,16,0,0,6.9,0.5,14,0,0,8.3,0.2,16,0,0,10.3,1.1,7,0.8,0,12.3,0.8,8,0.9,0,14.1,1.4,2,1,0,15.7,1.1,13,0.5,0,16.4,1.8,13,0.3,0,18.1,2.1,11,0.9,0,17.9,2.1,12,0.9,0,16.7,2.5,12,1,0,14.9,1.9,13,0.7,0,13.9,0.9,12,0.3,0,11.7,1.5,12,0.2,0,10.2,1.4,13,0,0,9.7,1.6,12,,0,9.8,0.5,9,,0,9.4,0,16,,0,9.7,0.5,12,,0,9.6,0.6,12,,1,0,9.1,0.9,12,,0,8.3,0.2,16,,0,8.4,0.8,13,,0,8.2,0.8,12,,0,6.6,0.4,15,0,0,7.2,0.2,16,0,0,8,0.1,16,0,0,9.6,0.5,13,0,0,10.8,1.1,13,0.1,0,11.5,1,13,0.1,0,12.1,1.9,12,0,0,14.7,1.3,12,0.9,0,14.3,2.2,12,1,0,14.5,1.4,13,0.7,0,13.9,2.1,12,0.9,0,13.4,1.5,13,1,0,11.8,1.1,13,1,0,10,0.5,14,0.3,0,8.9,0.9,12,0,0,7.9,0.7,14,,0,6.8,0.1,16,,0,6.5,0.1,16,,0,5.9,0.4,14,,0,6.2,0.2,16,,1,0,6.5,0.3,15,,0,6.5,0.2,16,,0,6.5,0,16,,0,6.5,0,16,,0,6.1,0.1,16,0,0,6.3,0.2,16,0.1,0,7.5,0.6,4,0.1,0,9.6,0.7,2,0.7,0,13,0.8,11,1,0,15,1.6,1,1,0,16.6,1.6,13,1,0,18.1,1.5,11,1,0,18.8,2.3,13,1,0,18.2,2.5,12,1,0,16.6,2.6,12,1,0,16.4,1.7,12,1,0,15.1,1.8,12,1,0,13.6,1.2,11,0.3,0,11.4,0.4,8,0,0,9.3,0.7,11,,0,7.3,0.1,16,,0,5.3,0.2,16,,0,4.1,0.1,16,,0,3.5,0,16,,1,0,2.2,0.1,16,,0,1.8,0,16,,0,1.2,0.2,16,,0,0.8,0,16,,0,0.2,0,16,0,0,1.4,0,16,0.9,0,4.7,0.5,3,1,0,8.3,0.5,3,1,0,11.9,0.9,4,1,0,16.1,1.2,2,1,0,19.3,1.5,13,1,0,21.3,1.5,13,1,0,21.3,2.3,13,1,0,20.8,2.6,12,0.7,0,21.1,1.7,12,0.9,0,19.1,2.1,12,1,0,17.6,1,13,1,0,15.7,1,13,0.2,0,12.3,0.4,9,0,0,10.8,0.5,9,,0,8.6,0.3,6,,0,7.1,0.1,16,,0,5.5,0,16,,0,4.4,0.1,16,,1,0,3.8,0,16,,0,2.9,0,16,,0,2.8,0.1,16,,0,1.6,0,16,,0,1.5,0,16,0,0,2.8,0.1,16,0.5,0,6.1,0.6,3,1,0,9.4,0.6,4,1,0,13.6,0.5,6,1,0,16.8,0.3,8,1,0,20.7,1.8,5,1,0,22.3,1.5,14,1,0,23.6,1.8,14,1,0,24.2,1.4,12,1,0,24.3,1.7,12,1,0,23,1.5,13,1,0,20.8,1.1,12,1,0,18.2,0.4,7,0.1,0,14.6,0.5,9,0,0,11.9,0.4,8,,0,9.7,0,16,,0,8.1,0,16,,0,7.2,0,16,,0,5.7,0.2,16,,1,0,4.9,0,16,,0,4.5,0.4,10,,0,3.8,0.1,16,,0,3.3,0.1,16,,0,2.7,0,16,0,0,4.6,0,16,0.5,0,7.6,0.4,7,0.6,0,10.8,0.8,5,1,0,13.9,0.4,4,1,0,18,0.9,4,1,0,22,1.6,12,1,0,23.6,2,12,1,0,23.6,2.1,12,1,0,23.5,1.6,9,0.8,0,22.7,2.7,12,0.5,0,21.9,1.3,13,0.7,0,19.1,1.5,12,1,0,17.5,0.5,14,0,0,16.5,1,13,0,0,14.9,0,16,,0,14,0.6,14,,0,11.8,0.2,16,,0,11.5,0.3,10,,0,11.4,0.2,16,,1,0,10.2,0,16,,0,9.4,0.1,16,,0,9,0.4,9,,0,8.4,0,16,,0,9.3,0.1,16,0,0,10.3,0.4,14,0,0,11.8,0.6,3,0,0,12.5,0.8,0,0,0,14.3,0.7,0,0,0,14.8,1.1,12,0,0,14.5,1.4,12,0,0,15.1,1.5,12,0,0,16.5,1.6,13,0.1,0,17,1.8,12,0.4,0,16.4,2.2,11,0.7,0,16.3,1.9,12,1,0,15.1,1.6,12,0.5,0,13.3,1.5,13,0.2,0,12.1,0.2,16,0,0,10.8,0,16,,0,8.7,0.2,16,,0,7.7,0.1,16,,0,8.3,0.6,11,,0,8.6,0.2,16,,1,0,8.5,0.2,16,,0,8.2,0.3,1,,0,8.2,0.7,7,,0,6.4,0.1,16,,0,4.9,0.5,9,0,0,6.2,0.8,6,0.9,0,8.8,1.3,5,1,0,11,1,3,1,0,14,1.6,4,1,0,16.6,1,2,1,0,18.6,1,14,1,0,20.2,1.4,0,1,0,22.2,1.1,11,1,0,22.2,0.6,10,1,0,23.1,1.2,14,1,0,23.3,1.6,12,1,0,22,1.1,12,1,0,20,0.5,2,0.4,0,16.5,0.4,12,0,0,12.8,0.1,16,,0,11.7,0,16,,0,11.3,0.3,8,,0,10.6,0.2,16,,0,9,0.1,16,,1,0,8.5,0,16,,0,8.1,0,16,,0,7.5,0,16,,0,7.6,0.1,16,,0,8.1,1.2,8,0,0,8.9,0,16,0,0,9.8,0.4,9,0,0,11.9,1.1,6,0,0,14.3,0.6,6,0,0,15.9,0.2,16,0,0,17.2,0.6,8,0,0,19.3,1.1,3,0.1,0,20.9,0.9,0,0.3,0,21.5,0.6,8,0.1,0,22.4,0.5,0,0.1,0,21.8,2.7,5,0.1,0,20.5,3.2,5,0,0,19.1,3.2,5,0,0,17.9,1.4,6,0,0,15.7,0.3,11,,0,14.2,0.5,11,,0,13.7,0,16,,0,13,0.1,16,,0,12.4,0.1,16,,1,0,12.1,0.3,8,,0,11.9,0.5,0,,0,11.9,0.1,16,,0,11.6,0.3,2,,0,11.8,0.1,16,0,0,12.2,0.1,16,0,0,13.8,0.2,16,0.2,0,16,0.3,3,0.4,0,16.9,1.1,0,0.2,0,19.7,0.6,5,0.1,0,20.5,1.1,11,0,0,21.5,1.3,11,0.3,0,21.4,1.2,12,0,3,17.2,0.9,13,0,0,17.4,1.2,12,0,0,18.5,1.3,12,0.5,0,16,0.9,13,0.1,0,15.5,0.8,12,0,0,14.8,0.9,12,0,0,14.6,0.4,11,,0,14.4,0,16,,0,13.9,0,16,,0,13.7,0.2,16,,0,13.5,0.1,16,,1,0,13.9,0.4,7,,0,14,0.9,12,,0,13.5,1.1,12,,0,13.1,1.2,11,,0,12.6,1,12,0,0,12.3,1.2,12,0,0.5,12.5,1.2,12,0,0.5,13.1,1.5,12,0,0,12.8,2.2,12,0,0,12.8,1.1,12,0,0,13.3,1.2,12,0,0.5,13,0.6,12,0,0,12.8,0.8,12,0,0,13.4,0.7,12,0,0,13.3,1.7,12,0,0,13.2,0.7,12,0,0,13,0.7,12,0,0,13.4,0.5,12,0,0,13.4,0.2,16,0,0,13.1,0.4,13,,0,13,0.4,13,,0,13.1,0.2,16,,0,11.9,0,16,,0,11.6,0,16,,1,0,11.1,0.1,16,,0,10.8,0.5,8,,0,10.6,0,16,,0,9.7,0.7,7,,0,9.7,0.6,6,0,0,10.1,0.2,16,0,0,11.9,1.2,6,0.1,0,14.2,1,5,1,0,16.2,1.4,4,1,0,18.6,1.1,4,0.9,0,20.3,1.2,5,0.8,0,22.3,1.4,3,0.8,0,24.2,1.7,11,0.7,0,21.2,1.8,11,0.1,0,16.6,1.7,11,0,1.5,14.1,2.8,11,0,0,13.6,1.6,12,0,0,12.7,2.7,12,0,1,10.7,1.6,12,0,0,10.1,1.1,12,,0,9.8,1.5,12,,0,9.8,1.5,10,,0,9.4,1.4,11,,0,10,1.5,10,,1,0,8.6,2,12,,4,7.7,0.9,11,,0,8.6,2,12,,0,8.6,1.2,11,,0,9,0.6,10,0,0,9.3,1.1,12,0.3,0,11,0.9,12,0.9,0,12.3,1.2,12,1,0,13.3,2,13,0.6,0,15,2.2,12,1,0,16,2.1,13,1,0,16.7,1.8,13,1,0,17.5,3.1,12,1,0,17.9,2.3,12,1,0,17.3,1.8,13,1,0,16.7,1.4,13,1,0,15.5,1.1,12,0.7,0,13.9,0.3,12,0.3,0,10.9,0.5,10,0,0,9,0.2,16,,0,8.6,0.6,11,,0,7.4,0,16,,0,7.3,0.1,16,,0,7.1,0.6,8,,1,0,6.7,0.3,6,,0,7,0.2,16,,0,6.9,0.4,7,,0,6.7,0.6,7,,0,6.9,0.4,9,0,0,7.8,0.1,16,0,0,8.9,0,16,0,0,10.8,0.6,14,0,0,12.9,0.2,16,0,0,16.1,0.2,16,0.1,0,19,0.6,11,0.1,0,21.7,2.1,6,0.3,0,22.1,1.5,11,0.3,0,20.4,1,10,0.1,0,19.5,1.7,10,0,0,17.2,1.1,9,0,0,14.4,0.9,13,0,0.5,12.4,1.3,12,0,3,11.5,1.6,12,0,2,10.1,0.9,12,,1,9.4,0.8,6,,1,9,1,6,,0.5,8.7,0.9,7,,0,8.9,0.7,14,,1,0,9,0.9,12,,0,9.2,0.9,12,,0,9,1.2,12,,0,8.8,1,13,,0,8.3,0.8,13,0,0,9.9,1,13,0.8,0,11.5,0.9,9,1,0,12.7,1.6,11,1,0,14.9,1.3,11,0.9,0,14.2,2,12,0.5,0,15.7,2.2,11,0.7,0.5,9.7,1.9,9,0.1,2.5,9.8,0.8,10,0.1,0.5,8.6,1.5,11,0,0,12.7,1.7,11,0.2,0,13.5,1.6,12,0.5,0,12.3,1,11,0.2,0,11.8,0.9,11,0,0,10.4,0.6,12,0,0,9.7,0.3,1,,0,10.3,0.7,10,,0,9.6,0.6,11,,0,9.1,0.2,16,,0,7.2,0.4,14,,1,0.5,7.1,0.3,14,,0,6.5,0.2,16,,0,6.2,0.6,14,,0,5,0,16,,0,4.7,0,16,0,0,6.1,0.6,15,0.9,0,11.9,0.8,9,1,0,13.4,1.9,11,1,0,14.3,1.4,12,0.7,0,15.9,1.8,10,0.8,0,15.5,2.4,12,0.5,0,17,1.8,11,0.8,0,15.5,1.9,10,0.4,0,15.6,1.6,12,0.3,0,16.3,1.6,12,0.2,0,15.7,1.2,11,0.6,0,14.7,1.6,11,0.4,0,13.5,1.3,10,0.1,0,12.8,0.5,13,0,0,12.4,0.4,11,,0,11.8,0.3,0,,0,12,0.4,9,,0,11,0.1,16,,0,8.7,0.1,16,,1,0,7.8,0.1,16,,0,6.7,0,16,,0,5.7,0.1,16,,0,5.3,0,16,,0,4.7,0.1,16,0,0,6.4,0.1,16,0.6,0,9.6,0.1,16,1,0,12.6,0.8,5,1,0,16,0.6,5,1,0,18.7,1.1,3,1,0,22.2,1.5,3,1,0,23.7,2,11,1,0,24.2,1.4,11,0.9,0,23.4,1.5,13,0.8,0,22.7,1.5,13,0.9,0,21.8,1,13,1,0,21,1.1,14,1,0,18.5,0.8,12,0.2,0,15.8,0.2,16,0,0,14.1,1,8,,0,12,0.1,16,,0,12.5,0.4,14,,2,11.5,0.8,14,,4.5,11.4,0.4,12,,1,0.5,11.4,0.3,11,,0,12,0.4,12,,0,11.4,0.8,15,,0,12.2,1.3,7,,0.5,12.8,1.6,10,0,7.5,11.8,1.3,12,0,1,11.7,1.3,11,0,1,12,1.9,11,0,0,12.6,1.6,10,0.1,0,13.8,2.2,8,0.5,0,14.2,1.8,11,0.8,0,13.5,2.2,12,0,0.5,11,1.3,12,0,1,10.6,2,11,0,0,11.4,0.9,14,0,0,11.6,0.9,11,0,0.5,11.3,1.6,7,0,0,10.3,0.9,7,0,4,9.5,0.7,8,0,1.5,9.3,0.6,6,,2,9.2,0.4,7,,0,8.7,0.3,15,,0,8.4,0.2,16,,0,8.4,0,16,,1,0,8.6,0.1,16,,0,8.4,0.3,6,,0,8.6,0.3,13,,0,8.4,0.3,0,,0,8.4,1,5,0,0,8.8,0,16,0,0,9.5,0.7,3,0,0,11.3,0.3,11,0.1,0,12.2,0.9,11,0,0,13,1.6,12,0,0,12.1,1.9,12,0,0,13.9,2.3,12,0.5,0,14.5,1.2,12,0.9,0,12.4,1.7,13,0.6,0,11.7,1.7,12,0,0,11,1.3,12,0,0,11.2,1,13,0,0,11,0.4,12,0,0,10.7,0.9,11,0,0,10.2,0.7,13,,0,10,0.9,14,,0,9.7,0.1,16,,0,9.4,0.6,15,,0,7.9,0.1,16,,1,0,7.5,0,16,,0,6.3,0.5,8,,0,5.7,0.1,16,,0,6.2,0.2,16,,0,6.4,0,16,0,0,6.6,0.8,5,0,0,7,1.2,5,0,0,8.6,1.4,4,0.3,0,11.9,1.3,3,1,0,14.4,1.1,4,1,0,17.8,1.1,2,1,0,20.7,1.3,13,1,0,21.7,1.6,13,1,0,22,1.2,13,1,0,21.6,1.2,13,1,0,20.9,1.3,13,1,0,20,0.9,12,1,0,18.9,0.8,12,0.4,0,15.1,0.1,16,0,0,13,0.3,9,,0,11.6,0.3,10,,0,10.3,0.7,9,,0,9.4,0,16,,0,8,0.5,7,,1,0,7.7,0.4,3,,0,8.1,1.1,8,,0,6.9,0,16,,0,6.4,0.4,7,,0,6.8,0.2,16,0,0,8.4,0.1,16,0,0,10.3,0.3,5,0.3,0,13,0.5,4,0.4,0,16.3,0.5,7,0.7,0,19.5,0.8,5,1,0,23.3,0.3,2,0.7,0,24.8,0.7,15,0.1,0,26.1,0.7,0,0,0,26.9,1.4,15,0.3,0,25.9,0.4,13,0,0,24.4,0.9,13,0,0,21.8,0.7,12,0,0,19.6,2,12,0,0,18.3,0.8,4,0,0,16.8,0.5,11,,0,16.3,1,15,,0,15.9,0.5,3,,0,15,0.8,13,,0,14,0.3,12,,1,0.5,12.1,0.1,16,,1,11.9,0.1,16,,0,11.8,0.3,15,,0,15.1,1.7,12,,0,15.5,2.3,12,0,0.5,15.7,1.3,12,0,0,16.5,1.4,12,0.1,0,18.2,0.9,12,0.4,0,19.2,2.3,11,0.7,0,19.5,1.8,11,0.6,0,19.2,2.5,11,0.4,0,20.8,2.1,11,0.7,0,19.1,2.1,12,0.4,0,17.7,1.4,11,0,0,17.3,1.6,12,0,0,17.5,1.4,11,0,0,17.1,1.4,12,0.3,0,15.9,1.6,11,0,0,14.9,1,13,0,0,14.9,1.4,12,,0,15,1.6,13,,0,14.8,1.6,12,,0,15.3,1.2,12,,0,15.2,0.8,12,,1,0,14.2,0.8,12,,0,14.4,0.7,13,,0,14,0.3,11,,0,13.1,0.7,2,,0,12.2,0.7,8,0,0,16.2,0.9,14,0.2,0,19.4,1.5,11,1,0,20,2.3,12,1,0,20.8,2.8,12,0.9,0,21.7,2.6,12,1,0,21.3,3,12,1,0,21.8,2.2,12,0.5,0,21.9,2.4,12,0.8,0,22.6,2,12,0.8,0,21.1,2.6,12,0.5,0,20.7,2.6,12,0.3,0,19.9,1.2,12,0.6,0,18.8,2.2,12,0.1,0,18.4,1.3,13,0,0,16.6,0.5,13,,0,14,0,16,,0,12.8,0.5,5,,0,12.5,0,16,,0,10.9,0.4,9,,1,0,9.6,0.4,8,,0,10,0.2,16,,0,9.7,1.4,8,,0,9.5,0,16,,0,9,0.3,7,0,0,10.3,0.9,6,0.5,0,12.1,0.7,5,0,0,13.3,0.8,7,0,0,15.9,0.8,4,0.1,0,19.7,1.2,8,0.4,0,22.6,0.3,7,0.4,0,24.5,1.4,3,0,0,23.6,2.1,3,0,0,23,3.6,3,0,0,21.8,1.5,3,0,0,21.4,1.2,5,0,0,20.3,2,3,0,0,18.8,1.9,5,0,0.5,15.8,0.5,2,0,2.5,14.7,0,16,,3.5,14.4,0.1,16,,2.5,14.2,0.3,0,,1.5,14.3,0.2,16,,1,14.3,0.1,16,,1,4,14,1.6,11,,0,13.6,1.1,12,,0.5,13.2,1,12,,0.5,13,0.5,12,,0.5,13.1,1.7,12,0,0,13.4,1.4,12,0,0,14.4,1,12,0.2,0,15.2,1.5,12,0.2,0,15.6,1,10,0.1,0,15.6,1.3,9,0.1,0,17.8,1.4,11,0.4,1,13.7,1.6,10,0.3,1,12.3,1.5,12,0,1,11.5,1.8,11,0,2,10.7,1.2,11,0,1.5,10.3,1.7,11,0,1,10.3,1.9,12,0,0.5,10.3,1.4,12,0,0.5,10.1,1.7,12,0,0,10.3,2,11,,0,10.5,1.2,12,,0,10.2,1.2,12,,0.5,10.2,1.2,12,,0,10.7,2,12,,1,0,10.4,1.8,11,,0,10.4,1.5,12,,0,10.2,1.5,13,,0,9.9,1.3,11,,0,10,1.8,12,0,0,10.2,1.9,12,0,0,10.8,1.9,12,0,0,11.6,3.2,12,0,0,11.3,1.7,12,0,0,13.6,2.1,12,0.2,0,13.7,2.5,12,0.2,0,14.4,2,11,0.2,0,13.5,1.8,12,0.2,0,12.9,2.2,12,0,0,11.7,1.9,12,0,0,11.1,2.1,12,0,0,11.2,1.7,12,0,0,10.9,1.8,12,0,0,10.3,1.7,12,0,0,8.9,1.2,12,,0.5,8.8,1.3,12,,0.5,9,1.1,12,,0,9.2,0.8,12,,0,9.4,1.1,11,,1,0,10.2,1.6,11,,0,10.3,1.9,12,,0.5,10.3,1.3,12,,0,10.4,1,13,,0,10.7,1.2,13,0,0,10.9,0.7,11,0,0,11.3,0.7,12,0,0,11.6,0.7,13,0,0,12.5,1.5,12,0,0,14.4,1.6,13,0.1,0,14.9,1.2,12,0.2,0,13.8,1.3,12,0,0,15.8,1.9,12,0.2,0,16.9,1.6,13,0.8,0,16.1,2.7,13,0.5,0,14.7,2.9,12,0.8,0,13.9,2.5,12,1,0,12.6,1.8,12,0.7,0,12.1,0.7,13,0,0,11.9,1.2,13,,0,11.6,0.7,13,,0,11.1,0.3,13,,0,10,0.4,8,,0,8.1,0,16,,1,0,7.9,0,16,,0,7.1,0,16,,0,6.7,0,16,,0,6.9,0.6,8,,0,7.3,0,16,0,0,7.7,0.8,7,0,0,9,0.5,4,0,0,10.6,1,4,0.9,0,13.4,1.1,4,1,0,17.3,0.8,3,1,0,18.2,1.3,13,1,0,19.7,1.9,12,1,0,21.1,1.4,13,0.5,0,18,1,13,0.1,0,17.6,1,13,0,0,17.3,0.5,13,0,0,16.7,1,13,0,0,16,1,11,0.1,0,14.3,0.4,12,0,0,12.3,0.1,16,,0,10.7,0.4,12,,0,10.2,0.2,16,,0,9.6,0.3,12,,0,8.7,0.1,16,,1,0,8.4,0.2,16,,0,8.5,0,16,,0,8.7,0.1,16,,0,8.3,0.4,7,,0,8.1,0.9,8,0,0,9.5,0.7,6,0.2,0,10.5,0.6,7,0,0,11.5,0.5,3,0,0,13.2,0.9,3,0,0,16.2,0.9,10,0.5,0,18.5,1.1,3,1,0,21,0.8,3,1,0,22.2,0.7,2,1,0,24.3,1.6,3,1,0,25.3,1.1,13,1,0,25,0.7,11,1,0,24.4,0.5,14,1,0,21.7,0.6,11,0.2,0,18.8,0.3,5,0,0,16.8,0.5,10,,0,15.7,0.6,9,,0,15.1,0.5,9,,0,14.5,0.6,7,,0,14.5,1,9,,1,0,13.8,0.3,13,,0,13,0.4,8,,0,12.9,0.3,8,,0,12.9,0.7,9,,0,13.1,0.4,9,0,0,13.9,0.2,16,0,0,15.2,0.6,6,0,0,16.2,0.6,6,0,0,17.8,0.3,8,0,0,17.9,0.6,15,0,0,17.8,0.5,11,0,0,17.8,0.5,9,0,0.5,18,0.1,16,0,0.5,17.2,1.4,4,0,0.5,16.5,0.8,4,0,0.5,16.2,0.8,3,0,0,15.8,1.6,3,0,0.5,15.2,0.9,3,0,0,14.3,1.2,3,0,0.5,14.2,1.2,2,,0,14,0.4,2,,0,14.3,1.3,3,,0,13.7,0.8,3,,1,13,0.6,4,,1,1,12.2,1,6,,1,11.3,1.1,6,,2,10.8,1.2,6,,1.5,10.4,0.5,6,,1.5,10.1,0.4,7,0,1,10,1.2,6,0,1,10.4,1.1,7,0,1.5,11.1,1.3,6,0,1,11.7,1.6,5,0,0.5,12.1,0.7,4,0,0,12.3,1.5,5,0,0,12.7,1.6,5,0,0,12.4,1.4,6,0,0,13,0.8,5,0,0,13.5,0.2,16,0,0,13.5,0.4,8,0,0,13.5,0.5,12,0,0,13.3,0.3,5,0,0,13.1,0.1,16,0,0,12.8,0.3,12,,0,12.8,0.3,10,,0,12.8,0.9,12,,0,12.7,1.1,12,,0,12.2,0.9,12,,1,0,11.7,0.7,11,,0,11.6,0.6,12,,0,11.5,0.4,13,,0,11.1,0,16,,0,10.5,0,16,0,0,11.3,0,16,0,0,12.4,0.6,5,0.2,0,12.2,0.7,0,0,0,13.6,1,14,0.1,0,14.1,1.3,14,0.1,0,15.5,1.1,14,0.3,0,16.8,0.8,13,0.7,0,18.7,1.3,12,0.6,0,19.2,1.9,13,1,0,18.3,1.7,12,1,0,16.8,2.2,13,1,0,14.9,1.4,13,1,0,14.1,1.3,12,0,0,13.5,0.8,12,0,0,13.3,0.7,13,,0,12.8,0.8,12,,0,12.5,0.6,12,,0,12.3,0.7,12,,0,12.2,0.6,12,,1,0,12.1,0.8,13,,0,12.1,1.3,12,,0,11.7,0.7,12,,0,11.5,0.4,13,,0,11.7,0.8,12,0,0,11.8,1.2,12,0,0,12.6,0.9,13,0.2,0,14.6,1,11,0.1,0,15.1,1.3,12,0.1,0,15.8,2.4,11,0.5,0,14.9,1.6,12,0.1,0,16.7,1.8,13,0.4,0,18.1,2.1,12,0.6,0,17.8,1.6,12,0.7,0,18.7,2.4,11,1,0,17.5,1.8,13,0.5,0,16.5,1.5,12,0,0,16,1.6,12,0,0,15.8,1.3,13,0,0,15.4,1,12,,0,15,0.9,13,,0,16.2,1.1,12,,0,16.2,1.6,12,,0,16.1,1.2,12,,1,0,16.1,1.1,13,,0,15.9,1.3,11,,0,15.9,2.1,12,,0,15.7,0.7,13,,0.5,15.6,1.2,11,0,0,15.7,1.2,12,0,0,15.6,0.8,13,0,0,16,0.8,14,0,0,15.8,0.7,13,0,0,16.4,1.8,14,0,0,18,1.1,13,0,0,19.4,1.5,13,0,0,21.4,1.4,13,0.2,0,22.6,1.9,12,0.8,0,23.3,1.4,12,1,0,21.8,0.9,12,0.5,0,19.9,0.8,11,0.1,0,19.2,1.3,14,0,0,18.5,0.2,16,0,0,18.3,0.1,16,,0,17.3,0.4,10,,0,16.6,0.3,9,,0,16.4,0.3,11,,0,16.5,0,16,,1,0,16.3,0.2,16,,0,15.9,0.4,7,,0,15.6,1,8,,0,15.3,0.3,9,,0,15,0,16,0,0,15.4,0.1,16,0,0,17.9,1.2,3,0.1,0,19.6,1.5,3,0,0,20.8,1.7,3,0.1,0,22.4,1.4,3,0.7,0,23.9,1.5,3,0.4,0,24.1,1.4,15,0.1,0,25.3,0.2,16,0,0,25.2,2.4,5,0,0,24.8,2.5,5,0,0,21.7,1.1,1,0,0,21.6,0.6,14,0,0,19.5,1.1,15,0,0,19,0.6,12,0,0,17.7,0.4,13,,0.5,16.6,0.2,16,,1,16.2,1.3,15,,2,15.9,0.1,16,,4,16,0,16,,1,1.5,16,0,16,,2,16.1,0,16,,1.5,16.2,0.1,16,,1,16.9,1.4,10,,1,17,1.1,10,0,0,17.2,0.6,11,0,0.5,16.9,1.2,12,0,0.5,17.2,0.7,13,0,0,19,1,12,0.2,0,20.2,1.7,12,0.4,0,20.6,1.3,12,0.3,0,21.3,1.3,11,0.2,0,23.6,1.4,12,0.6,0,24.3,1.6,12,0.9,0,24.5,1.3,12,1,0,24.2,1.4,13,1,0,23.5,0.9,12,1,0,22,0.6,13,0.9,0,18.5,0.3,11,0,0,17,0.6,10,,0,15.8,0.1,16,,0,14.5,0.1,16,,0,14.1,0.1,16,,0,13.2,0.1,16,,1,0,12.7,0.1,16,,0,11.8,0.1,16,,0,11.4,0.1,16,,0,12.1,0,16,,0,11.5,0,16,0,0,12.1,0.1,16,0,0,12.7,0.1,16,0,0,14.3,0.2,16,0,0,17,0.6,2,0.6,0,21.6,0.5,3,1,0,23.9,0.7,12,0.7,0,25.8,1.3,12,0.9,0,26.8,2.1,12,1,0,26.9,2.1,12,1,0,27.3,1,12,0.9,0,26.8,1.7,12,1,0,26,1,13,1,0,24.1,0.6,13,0.9,0,18.2,0.2,16,0,0,16.2,0.3,10,,0,15.2,0.1,16,,0,13.6,0,16,,0,12.8,0,16,,0,12,0.5,6,,1,0,11.5,0.5,9,,0,11,0,16,,0,10.8,0.1,16,,0,10.5,0.5,9,,0,10.8,0,16,0,0,12.4,0.9,7,0.9,0,14.7,0.7,1,1,0,17.5,0.6,3,1,0,20.3,0.9,3,1,0,23.4,0.7,2,1,0,27.2,1.1,13,1,0,28.5,1.5,13,1,0,29.5,1.5,13,1,0,29,1.8,13,1,0,28.1,1.5,13,1,0,27,1.3,12,1,0,25.4,1.3,13,1,0,23.1,0.6,14,0.9,0,21.4,0.5,13,0,0,19.8,0.2,16,,0,18.2,0.1,16,,0,17,0.4,8,,0,16.1,0.1,16,,0,15,0.4,9,,1,0,14.7,0,16,,0,14,0.1,16,,0,13.1,0,16,,0,12.8,0,16,,0,12.8,0.2,16,0,0,13.9,0.1,16,0.7,0,16.1,0.9,3,1,0,18.5,0.7,3,1,0,20.7,0.6,2,1,0,24.3,0.9,2,1,0,28.7,1.2,12,1,0,29.5,1.4,11,1,0,29.4,2.4,12,1,0,28.2,2,12,0.9,0,26.6,1.8,13,0.9,0,24.4,2.7,12,0.7,0,23.3,1,12,0.1,0,23.1,1.8,15,0.6,0,20.8,0.3,13,0.1,0,19.1,0.1,16,,0,17.5,0.3,13,,0,19,1.2,13,,0,17.1,0.6,3,,0,15.9,0.1,16,,1,0,15.9,0.4,13,,0,14.6,0.4,7,,0,13.9,0,16,,0,13.9,0.1,16,,0,13.7,0.5,8,0,0,14.1,0,16,0,0,15.8,0.3,3,0.2,0,18.6,1.1,3,1,0,21.7,1.7,14,1,0,24.9,1.3,13,1,0,26.1,1.9,12,1,0,27.7,1.6,13,1,0,27.4,1.3,13,1,0,27.4,2.7,13,1,0,25.7,1.2,13,1,0,25.4,2.2,12,1,0,23.8,1.6,13,1,0,22.3,1,13,1,0,20,0.3,12,0.1,0,17.5,0.5,8,,0,15.8,0.1,16,,0,15.4,0.5,1,,0,14.8,0.3,15,,0,13.9,0,16,,1,0,13.1,0.3,11,,0,12.7,0,16,,0,12.2,0.4,2,,0,11.6,0,16,,0,12.6,0.2,16,0.3,0,13.7,0.4,0,0.4,0,16,0.4,3,0,0,19,2.4,15,0.8,0,22.1,1.3,13,1,0,24.2,1.7,12,1,0,25.7,1.5,13,1,0,26.4,1.4,13,1,0,26.8,1.7,12,1,0,27,2,12,1,0,27.2,1.6,12,1,0,25.7,1.6,12,1,0,24.4,1.4,12,1,0,23,0.8,14,1,0,19.5,0.4,6,0.1,0,19.9,1.5,15,,0,18.6,0.2,16,,0,15.7,0,16,,0,16,0,16,,0,14.8,0.2,16,,1,0,14.5,0.1,16,,0,13.7,0.9,9,,0,13.4,0.3,11,,0,13.1,0,16,,0,12.7,0.2,16,0.2,0,14.2,0.9,6,1,0,16.9,0.6,4,1,0,19.1,0.9,4,1,0,21.9,0.7,3,1,0,25.3,1,3,1,0,27.6,1.2,1,1,0,29.5,1.2,1,1,0,31.6,1.5,15,1,0,32.6,0.6,13,1,0,33.2,0.9,0,1,0,33,0.8,14,1,0,31.2,0.7,13,1,0,28.6,0.3,12,1,0,24.8,0.3,10,0.1,0,21.5,0.2,16,,0,20.7,0.2,16,,0,19.4,0,16,,0,18.1,0.1,16,,0,17.2,0.4,9,,1,0,16.6,0,16,,0,16.3,0.7,9,,0,15.5,0,16,,0,15.3,0,16,,0,15.5,0,16,0.4,0,17.7,0.4,3,1,0,20.5,1,5,1,0,22.8,0.2,16,1,0,25.5,0.4,10,1,0,28.2,0.6,1,1,0,32.1,0.8,6,1,0,33.6,0.7,12,1,0,33.6,1.2,0,1,0,34.1,0.9,9,0.8,0,32.7,1.3,13,0.7,0,31.8,1.2,12,1,0,29.3,0.8,13,1,0,27.6,0.5,13,0.9,0,24.6,0.2,16,0,0,21.8,0.2,16,,0,19.7,0.1,16,,0,18.7,0.1,16,,0,18.7,0.2,16,,0,16.8,0.2,16,,1,0,17,0,16,,0,15.8,0,16,,0,15.2,0.1,16,,0,15.3,0,16,,0,15.7,0.1,16,0.3,0,18.7,0.4,4,1,0,20.6,1.1,4,1,0,23.4,0.8,9,1,0,24.9,0.8,2,1,0,27.6,1.2,2,1,0,29.7,0.7,7,1,0,31.1,0.6,2,1,0,33,2.8,4,1,0,33.2,3.1,4,1,0,33.1,3.7,4,1,0,32.7,2.6,4,0.9,0,31,2.3,4,1,0,28.7,0.9,6,0.1,0,24.5,0.4,9,0,0,21.9,0.3,14,,0,20.5,0.8,10,,0,18.8,0.6,9,,0,18,0.5,10,,0,17.2,0.3,11,,1,0,16.5,0.2,16,,0,16.3,0.2,16,,0,15.6,0.4,10,,0,14.6,0.1,16,,0,14.3,0.1,16,0,0,18.2,0.5,6,0.9,0,21.1,0.7,5,1,0,23.6,0.8,3,1,0,25.4,0.6,3,1,0,27.7,1.4,6,1,0,29,0.9,5,1,0,29.8,0.8,4,0.6,0,30.7,1.9,5,0.4,0,30.4,2.1,4,0.2,0,31.1,1.8,5,0.7,0,30.1,2.4,4,0.5,0,28.8,2.2,4,0.1,0,27.2,2.4,5,0,0,25.2,0.9,6,0,0,23.1,0.3,12,0,0,21.8,0.5,10,,0,20.9,0.4,4,,0,19.4,0.7,7,,0,19.4,1,8,,1,0,19.7,1.1,8,,0,18.9,0.1,16,,0,18.9,0.2,16,,0,18.7,0.2,16,,0,18.2,0.7,10,0,1,18.2,0.1,16,0,1.5,18.4,0,16,0,1,19,0.8,4,0,1,19.4,0.6,4,0,0,20.3,1.5,3,0,0,21.2,1.6,3,0,0,21.8,2.2,3,0,0,22.5,1,4,0,0,24.4,1.5,3,0.1,0,24.4,1.1,6,0,0,23.2,1.1,4,0,0,22.5,1.9,4,0,0,21.7,1.4,4,0,0,19.9,0.2,16,0,0,19.4,0.3,7,0,0,20.5,2.2,3,,0,20,1.1,3,,0,19.8,1.1,3,,0,19.8,0.8,3,,1,0,19.4,1.2,3,,0,19,2.6,3,,0,18.5,2.8,4,,0,17.9,3.4,4,,0,17.9,2.4,3,0,0,18.7,1.9,3,0.1,0,19.6,3.6,3,0.8,0,20.2,2.6,3,0.2,0,21.9,2.2,3,0.6,0,23.1,2.8,3,0.9,0,24.2,2.4,3,0.5,0,25.2,2.4,4,0.2,0,26.7,1.6,3,0.4,0,25.3,2.3,3,0.4,0,25.7,3,4,0.1,0,25.2,3.8,4,0,0,23.2,3.4,4,0,0,22.2,2.5,3,0,0,21.6,1.7,4,0,0,20.2,2.8,3,0,0,19.7,2.6,4,,0,19,1.8,3,,0,18.6,1.4,3,,0,18.3,1.7,3,,1,0,18.6,1.9,3,,0,18.8,2,3,,0,18.7,2.6,3,,0,18.4,2,3,,0,18.7,3.1,3,0,0,18.9,3.1,3,0,0,19.6,2.7,3,0.2,0,21.3,2.9,3,0.4,0,22.7,3.5,4,0.9,0,22,2.2,3,0.5,0,23.5,3,4,0.2,0,24,2.2,3,0.2,0,21.9,2.9,3,0,0,22,3,4,0,0,21.5,3,3,0,0,22.1,2.4,3,0.2,0,21.9,2.7,3,0.2,0,20.8,2.9,4,0,0,20,3.4,4,0,0,20.1,2.1,3,0,0,19.8,3.5,4,,0,19.3,1.9,3,,0.5,18.9,3.2,3,,0,18.8,1.5,4,,1,0,16.8,0.2,16,,0,16.9,0.5,10,,0,16.9,0.4,11,,0,19.1,1.4,4,,0,19.4,2.1,4,0,0,19.7,2.1,4,0.1,0,20.6,1.1,5,0,0,22.4,1.6,4,0.3,0,23.3,1.6,3,0.5,0,25,2.4,3,1,0,26.2,1.7,2,1,0,26.8,1.5,2,0.5,0,28,1.7,2,0.5,0,26.1,2.6,3,0.1,0,26,2,3,0,0,25.1,1.8,3,0.1,0,25,2.6,4,0.3,0,23.2,0.4,7,0.5,0.5,22.1,1,3,0,0,21.7,1.3,3,0,0,21.4,1.2,4,,0,21.1,1.2,4,,0,21.1,0.8,4,,0,20.6,1.2,4,,1,0,20.8,1.4,3,,0,20.5,0.9,3,,0,20.2,0.4,5,,0,19.5,0.1,16,,0,19.3,0.3,6,0,0,20.3,0.3,7,0.1,0,22,1,5,0.5,0,24.2,1.5,5,1,0,24.8,1.1,2,1,0,26.7,0.8,4,1,0,27.9,1.7,2,1,0,26.8,1.4,3,0.4,0,24.3,2.2,5,0,0.5,22.8,0.4,11,0,0,23.2,0.5,10,0,0,25.2,1.8,3,0.7,0,25.7,1.4,5,1,0,25.2,1.6,3,1,0,23.5,2.5,4,0.1,0,21.5,0,16,0,0,20.5,0.9,8,,0,19.4,0.1,16,,0,18.6,0,16,,0,18.1,0.3,9,,1,0,18.1,0.1,16,,0,17.7,0.3,10,,0,17.2,0.1,16,,0,17.5,0.3,10,,0,17.7,0.4,7,0,0,18.5,0.2,16,0,0,19.1,0.4,9,0,0,20,0.7,15,0,0,20.9,0.4,2,0,0,21.2,0.9,8,0,0,22.8,0.2,16,0,0,24.2,0.5,8,0,0,25.4,0.9,3,0,0,25,0.3,12,0,0,25.8,0.5,1,0.1,0,26.2,2.2,4,0.1,0,25.9,1,4,0,0,24.8,1,5,0,0,23.1,0.2,16,0,0,21.9,0.2,16,0,0,21.2,0,16,,0,21.2,0.1,16,,0,20.7,0.2,16,,0,20.3,0.3,9,,1,2.5,19.9,0,16,,5,19.5,0.2,16,,1,19.4,0.3,5,,0,19.3,0.1,16,,0,19.3,0.1,16,0,3.5,19.3,0,16,0,3.5,19.5,0,16,0,3.5,19.8,0.2,16,0,7,19.7,0,16,0,4,20.4,0,16,0,1.5,20.5,0,16,0,1,21.3,0.1,16,0,0.5,22,1,2,0,2.5,21.4,0.4,0,0,2,21.1,1,15,0,2.5,21,0.5,3,0,2.5,20.8,1.2,3,0,2,19.8,1.1,2,0,0,20,1.1,2,0,0,20,1.6,3,0,1,18.9,2.2,3,,0.5,18.9,2.5,3,,1,17.3,1.9,3,,2.5,17.2,2,3,,1,3.5,16.6,1.1,3,,1.5,16.1,0.3,3,,0,16.3,0.7,4,,0,16.1,0.1,16,,0,15.8,0.4,7,0,0,16.3,0.2,16,0,0.5,16.7,0.1,16,0,0.5,16.4,0.2,16,0,2,17,0.2,16,0,0.5,19.1,2,11,0,0,19.1,1.9,11,0,0,18.5,2.4,10,0,1,18,1.9,11,0,2,16.7,2.4,12,0,3,16.7,1.7,12,0,2.5,16.8,2,12,0,4,16.9,0.9,12,0,4,17,1.4,12,0,3,16.7,0.8,13,0,1.5,16.4,1.4,12,0,1,16.2,1.6,12,,1,16.1,1.3,13,,2.5,16,1,12,,3,15.8,2.1,12,,1,2.5,15.5,1.3,13,,1,15,1.5,12,,1,14.4,2.2,12,,0,14.4,1.9,12,,0,14.6,1.5,11,0,0,14.9,1,12,0,0,14.9,1.2,12,0,0.5,15.1,0.9,12,0,0.5,15.6,0.6,12,0,0,16.1,1.3,10,0,0,17.2,1,9,0,0,18,1.4,12,0,0,19.1,1.7,12,0.1,0.5,20.3,1.4,13,0.3,0,19.2,1.9,12,0.3,0,18.4,1.4,12,0,0,17.8,1.1,8,0,0,17.4,1.4,10,0,0,16.7,1.5,8,0,1,16.4,1,13,0,4,16.4,1.1,11,,2,16,0.5,11,,4,16.1,0.9,12,,0,16.1,0.8,8,,1,0,16.4,0.7,6,,1,16,1.1,12,,0,15.9,1.3,12,,0,15.9,1,13,,1,15.8,0.8,9,0,0,16.1,0.6,11,0,0,16.3,1.1,11,0,0,16.7,0.9,13,0,0,16.7,1.2,13,0,0,17.1,1.1,13,0,0,17.9,1.1,13,0,0,18.9,0.5,12,0,0,19.3,0.7,11,0.1,0,19.9,1.3,9,0,2,18.9,1.8,12,0,0,20.2,1.6,12,0.1,0,19.3,2.2,12,0.1,0,18.5,1,13,0,0,17.5,1.1,12,0,0,16.6,0.6,13,0,0,15.3,0,16,,0,15.3,0,16,,0,15.5,0.4,4,,0,15.7,0,16,,1,0,15.7,0,16,,0,15.7,0.1,16,,0,15.7,0.1,16,,0,15.6,0.2,16,,0,15.5,0.5,7,0,0,16.1,0.4,5,0,0,16.8,1,5,0,1,16.5,0.1,16,0,0,19.2,0.8,2,0.3,0.5,19,0.5,14,0.2,0,21.4,1,13,0,0,22.8,1.7,12,0.3,0,22.1,1.1,11,0.1,0,22.7,1.4,12,0.4,0,22,1.1,11,0.2,0,20.7,0.9,13,0,0,19.6,0.7,14,0,0,19.8,0.4,13,0,0,19,0.3,14,0,0,19,0.3,13,0,0,18.6,0,16,,0,18.4,0,16,,0.5,18.1,0,16,,0,18.1,0.6,5,,1,2.5,17.8,0.4,7,,0,17.6,0,16,,0,17.6,0.5,9,,0,17.2,0.3,8,,0,17.4,0.4,4,0,0,17.2,0.6,6,0,0,17.8,0.1,16,0,0,19.9,0.6,9,0.2,0,21.1,0.4,15,0.8,0,22.3,0.9,1,0.5,0,24.7,2.1,15,0.7,0,24.6,1.4,14,0.8,0,25.8,1,13,0.8,0,25.4,1,13,0.4,0,25.8,0.8,13,0.3,0,25.3,1.2,12,0.8,0,24.2,1.1,13,0.9,0,22.9,0.4,6,0.1,0,21.6,0.2,16,0,0,20.9,0.8,15,0,0,19.8,0.8,8,,0,19.2,0,16,,0,19,0.1,16,,0,18.6,0.3,15,,1,0,18,0.4,13,,0,17.7,0,16,,0,17.2,0,16,,0,17.4,0,16,,0,17.5,0,16,0,0,17.9,0,16,0,0,18.8,0.8,0,0,0,19.4,0.4,3,0,0,21,0.6,4,0.9,0,23.1,0.8,6,1,0,23.9,0.9,6,1,0,24.6,0.5,10,0.9,0,24.8,1.3,14,0.8,0,25.9,1.2,0,0.8,0,26.5,0.6,1,0.7,0,26.6,1.2,12,1,0,25.5,0.9,15,1,0,23.1,1.6,2,0.6,0,21.8,2,2,0,0,20.7,1.2,3,0,0,20.1,1.6,4,,0,19.7,1.9,4,,0,18.4,0,16,,0,17.9,0.5,8,,1,0,17.6,0.2,16,,0,17.7,0,16,,0,17.4,0.1,16,,0,17.4,0.2,16,,0,17.9,0.4,13,0,0,18.4,0.8,14,0,0,18.6,1,13,0,0,20.2,1.1,7,0.3,0,20.9,1.1,12,0.4,0,20.4,1.1,13,0,0,21.1,1.7,12,0,0,22.1,1.1,13,0.4,0,21.6,1.2,12,0.2,0,22.3,1.2,13,0.3,0,21.6,0.8,13,0.1,0,20.8,1.1,13,0,0,19.3,1.3,12,0,0,19,0.4,11,0,0,18.4,0.7,12,0,0,17.7,0.7,12,0,0,17.2,0.4,12,,0,16.7,0.4,10,,0.5,16.4,0.3,7,,0.5,16.2,0,16,,1,0,16.1,0.2,16,,0,16.2,0,16,,0.5,15.9,0,16,,1,15.8,0,16,,1,15.8,0,16,0,1,15.8,0,16,0,1,16.2,0.1,16,0,0,16.9,0.3,8,0,0,17.2,0.8,12,0,0,18,0.8,11,0,0,18.7,0.9,11,0,0,20.4,1.5,11,0.1,0,21.2,1.4,10,0.6,0,22.2,2,11,0.8,0,21.8,1.1,12,0.5,0,21.9,2.2,12,1,0,21.2,1.1,12,1,0,20.1,0.8,13,1,0,18.5,0.7,14,0.2,0,17.2,0.1,16,0,0,15.8,0,16,,0,15.9,0,16,,0,14.9,0,16,,0,14.3,0.2,16,,1,0,14.4,0.1,16,,0,14.9,0.3,14,,0,14.9,0,16,,0,15,0,16,,0,14.8,0.5,10,0.1,0,16,0,16,0,0,16.7,0.8,4,0.2,0,19.1,0.6,5,0.8,0,20,0.4,14,0.5,0,21.7,1,15,1,0,23.2,1.7,15,1,0,24.9,1.4,15,1,0,25.8,1.8,15,0.5,0,26.4,1.4,14,0.8,0,26.5,1.2,10,0.9,0,26.6,1.3,12,1,0,25.9,0.7,13,1,0,24.2,1,1,1,0,21.9,1.4,2,0.2,0,20.9,1.2,3,0,0,19.4,1,2,,0,18.4,0.1,16,,0,17.3,0,16,,0,16.6,0,16,,1,0,15.8,0.2,16,,0,15.7,1.1,9,,0,14.9,0,16,,0,14.6,0.1,16,,0,14.9,0.3,10,0.2,0,16.7,0.5,4,0.5,0,18.1,0.7,5,0,0,19.9,0.7,3,0.6,0,21.3,0.6,2,1,0,23.2,0.9,2,1,0,25,1,3,1,0,26.2,1.1,15,1,0,27.7,1.5,3,1,0,27.7,1.3,15,0.9,0,27.1,1.1,13,0.6,0,25.7,1.6,15,0.5,0,24.8,1.6,15,0.4,0,23.2,0.7,0,0,0,22.3,0.3,15,0,0,21,1.1,3,0,0,19,1.2,3,,0,18.3,0.7,14,,0,16.8,1,8,,0,15.7,0.1,16,,1,0,15.2,0.3,15,,0,14.4,0.1,16,,0,15.2,0.9,15,,0,15.6,0.1,16,,0,15.6,0.2,16,0,0,16.9,0.7,13,0,0,17.1,1.1,12,0,0,17.8,0.8,13,0,0,19,1,12,0,0,19.3,1.3,13,0,0,19,1.7,13,0,0,19,1.3,13,0,0,18.7,1.4,13,0,0,18.7,1.4,12,0,0,18.8,0.7,12,0,0,18.2,0.3,15,0,0,18,0.8,13,0,0,18,0.3,12,0,0,17.8,0.9,12,0,0,17.7,0.5,12,0,0,17.6,0.4,12,,0,17.2,0.2,16,,0,17.1,1,15,,0,17.5,0.3,13,,1,0,17.3,0.4,12,,0,17.2,0.3,12,,0,16.8,0.1,16,,0,16.6,0.3,1,,0,16.6,0,16,0,0,17.1,0.1,16,0,0,17.5,0.7,15,0,0,19,0.6,1,0.1,0,21,0.7,10,0.3,0,20.3,0.6,11,0.4,0,21.8,1.1,14,0.5,0,23.3,1,12,0.4,0,24.8,1,15,1,0,24.6,1.1,12,0.8,0,25.3,1,11,0.9,0,24.2,1.7,13,1,0,22.9,0.9,13,1,0,21.5,0.9,13,1,0,20,0.6,13,0.2,0,18.9,0.8,10,0,0,18.6,0,16,,0,18.5,0.6,0,,0,18.2,0.5,15,,0,17.6,1.1,0,,1,0,17.5,0,16,,0,16.4,0,16,,0,15.7,0.3,12,,0,15.9,0,16,,0,16.3,0,16,0,0,17.3,0.2,16,0.1,0,18.1,0.4,3,0.1,0,20.7,0.8,15,0.6,0,21,0.5,4,0.7,0,22.7,1.3,14,1,0,23.2,1.8,15,1,0,24.5,2.4,15,1,0,25.7,2.1,14,1,0,26.9,1.4,11,1,0,26.5,1.6,12,1,0,26.7,1.1,12,1,0,25.6,0.4,13,1,0,24.3,0.8,12,1,0,21.7,0.4,14,0.2,0,19.8,0.4,10,0,0,18,0.2,16,,0,17.4,0.2,16,,0,16.7,0.2,16,,0,15.6,0,16,,1,0,15.2,0.1,16,,0,14.3,0,16,,0,14,0.3,10,,0,14.9,0.2,16,,0,14.5,0,16,0,0,15.9,0.7,6,1,0,17.9,0.4,3,1,0,20.6,0.3,2,1,0,23.4,0.6,1,1,0,25.7,0.6,2,1,0,27.1,1.2,15,1,0,28.8,2.2,15,1,0,30.6,1.4,0,0.9,0,31.6,1.4,13,0.9,0,30.6,1.4,12,1,0,29.6,1.1,13,1,0,29,1,12,1,0,27.4,0.7,11,1,0,24.3,0.6,11,0.2,0,22.1,0.5,11,0,0,21.1,0.3,11,,0,20,0,16,,0,18.9,0.1,16,,0,18.1,0,16,,1,0,18,0.2,16,,0,17.3,0,16,,0,16.8,0,16,,0,16.3,0.5,9,,0,16.9,0,16,0.3,0,18.9,0.2,16,1,0,21.4,0.6,6,0.9,0,23.1,0.4,1,0.9,0,25.5,0.5,6,1,0,26.7,0.8,2,1,0,28.5,1.2,15,1,0,30.1,1.7,15,1,0,29.7,1.5,0,0.8,0,29.9,1.4,12,0.8,0,28.8,0.5,8,0,0,29,2.6,6,0.6,0,25.3,2,3,0.2,0,23,1.1,14,0,0,23.3,0.5,7,0,0,22.9,1.4,6,0,0,22.4,0,16,,0,22,0.1,16,,0,21,0.5,6,,0,20.9,0.5,7,,1,0,19.7,0.7,6,,0,18.9,0.3,8,,0,18.3,0.2,16,,0,17.4,0.9,7,,0,17.3,0.7,9,0,0,19.3,0.3,2,1,0,21.6,0.2,16,1,0,23.5,0.5,4,1,0,26.4,0.5,3,1,0,27.7,1.2,2,1,0,28.9,0.5,3,0.7,0,30.7,1.5,5,0.9,0,30,0.7,4,0.7,0,31.1,0.8,10,0.6,0,31.3,1.5,8,0.9,0,30.5,1.2,8,0.8,0,28.8,1.7,7,0.5,0,28,2.3,6,0.3,0,25.6,0.8,8,0,0,23.9,0.1,16,0,0,21.6,0.1,16,,0,20.5,0.7,10,,0,20.1,0.3,11,,0,20.4,0,16,,1,0,20.9,0,16,,0,21.1,0.1,16,,0,20.8,0.1,16,,0,20.3,0.8,9,,0,20.1,0.2,16,0,0,20.2,0.3,12,0,0,20.5,0.6,11,0,0.5,19.9,0.2,16,0,3,20.1,0.6,3,0,0,20.8,0.6,2,0,0,21.5,0.1,16,0,0,22.2,0.3,13,0,1,21.5,0.6,12,0,2.5,20.9,2,0,0,0.5,20.6,0.5,3,0,0.5,20.2,1.3,3,0,0,19.6,0.4,4,0,0.5,19.3,0.1,16,0,0,19.1,0,16,0,0,18.9,0.5,10,0,0,18.8,0.6,9,,0,18.7,0.5,9,,0,18.7,0.8,4,,0,18.2,0.1,16,,1,0,17.9,0.1,16,,1,17.9,0.2,16,,1.5,17.8,0.1,16,,0,17.5,0.7,8,,1,17.5,0.2,16,0,2.5,17.6,0.1,16,0,6.5,17.8,0.2,16,0,0,18.3,0,16,0,0,19.5,0.2,16,0,0,20.9,0.5,0,0.2,1.5,20.6,0.3,9,0.2,0,22.4,1.4,6,0.3,0,22.7,1,7,0.3,0.5,22.3,0.5,2,0,3.5,21.3,0.4,13,0.2,3,22.3,0.4,14,0.3,0,23.1,0.3,11,0.4,3.5,21.7,0.5,13,0.3,0,20.7,0.3,13,0,0,20.3,0.2,16,0,0,20.3,0.5,9,,0.5,20,0.4,8,,0,19.9,0,16,,0,19.6,0,16,,1,0,19.4,0,16,,0,19.3,0,16,,0,19,0,16,,0,19.1,0,16,,0,19.1,0.1,16,0,0,19.6,0,16,0,0,20.4,0.4,2,0,0,21.3,0.6,0,0.3,0,22.4,0.1,16,0.1,0,23.3,1.2,1,0.1,0,23.1,1.1,13,0,0,23.3,0.1,16,0,0,24.7,1,12,0.3,0,26,1.6,12,0.8,0,25.6,1.7,11,0.8,0,25.6,1.3,11,0.9,0,24.7,1,13,1,0,23.3,0.5,12,1,0,22.2,0.5,13,0.1,0,20.7,0.4,10,0,0,19.9,0.5,7,,0,18.7,0,16,,0,19.2,0.1,16,,0,19,0,16,,1,0,18.8,0.3,14,,0,18.4,0.1,16,,0,17.9,0.5,15,,0,17.6,0.1,16,,0,18,0,16,0,0,18.3,0.3,14,0,0,18.6,0.4,3,0,0,20.3,0.4,9,0.3,0,22.2,0.9,4,1,0,23.4,0.9,15,0.5,0,25.5,0.7,4,0.7,0,26.8,1.4,13,0.4,0,27,1,12,0.5,0,27.7,0.9,12,0.9,0,27.6,1.4,12,0.8,0,27.6,0.8,13,1,0,26.5,0.9,13,0.9,0,24.9,0.6,12,1,0,23.5,0.2,16,0.2,0,21.2,0.1,16,0,0,19.7,0.2,16,,0,18.8,0.1,16,,0,18.6,0.3,10,,0,18.1,0,16,,1,0,17.3,0,16,,0,16.9,0,16,,0,17.6,0,16,,0,17.6,0.2,16,,0,17.7,0.1,16,0,0,17.8,0.6,6,0,0,18.2,0.5,7,0,0,20.5,0.6,6,0.4,0,24.6,0.7,3,1,0,27.2,0.9,3,1,0,28.5,0.8,4,1,0,30.6,0.7,0,1,0,30.6,0.9,2,1,0,31.2,1.6,3,1,0,31.1,1.2,3,0.9,0,29.3,3.5,4,0.7,0,28.6,2.3,3,0.7,0,26.9,1.9,3,0.2,0,25.7,2.2,4,0,0,24.8,1.5,3,0,0,24.1,1.2,3,,0,23.4,2,4,,0,22.9,1.6,4,,0,22.5,1.7,4,,1,0,22.2,1.6,4,,0,19.9,0,16,,0,20.3,0.2,16,,0,21.1,1.4,4,,0,20.1,0.7,6,0,0,20.6,0.5,8,0,0,22.6,0.7,6,0.4,0,23.4,1.4,3,0.1,0,23.7,1.4,3,0.1,0,25,2,3,0.2,0,26.6,2.2,5,0.9,0,26.7,2.9,3,0.8,0,26.6,2.3,3,0.9,0,26.1,2.6,3,1,0,24.5,2.6,3,0.7,0,24,3.7,4,0.7,0,22.5,2.3,4,0.3,0,21.9,2.6,3,0,0,20.8,3.6,3,0,0,20.1,2.9,3,0,0,19.5,2,4,,0,19,3.1,3,,0,18.6,2.7,4,,0,18.4,2,4,,1,0,18.2,1.3,3,,0,17.9,1.6,3,,0,17.7,1.6,3,,0,17.4,1.3,4,,0,17.6,1.3,4,0,0,19,2,3,0.5,0,19.8,1.2,4,0.3,0,21.6,2.6,3,0.6,0,22.4,1.7,3,1,0,24,2.2,3,1,0,24.7,1.6,2,1,0,26.1,1.2,4,1,0,27.2,1.1,4,1,0,28.9,1.1,4,1,0,28.8,1,2,1,0,27.6,1.1,2,0.7,0,26.6,1,2,0.1,0,25.5,1.6,7,0.7,0,23.4,1.2,5,0.2,0,21.2,1.2,8,0,0,19.9,0.6,7,,0,18.5,0.6,6,,0,18.2,0.9,8,,0,17.3,0.8,7,,1,0,16.6,0.2,16,,0,16.3,0.1,16,,0,15.7,0,16,,0,15.4,0.4,9,,0,15.6,0.4,6,0.1,0,17.1,0.2,16,1,0,18.8,0.4,3,1,0,21.3,0.6,3,1,0,23.4,1,3,1,0,25.5,0.7,2,1,0,27.8,0.9,1,1,0,29.4,0.8,8,1,0,29.7,1,15,1,0,30.8,1.2,12,1,0,30.6,1.5,12,1,0,29.5,1,12,1,0,28,0.9,11,1,0,26,1.2,11,1,0,23.3,0.2,16,0.2,0,21,0.2,16,0,0,19.4,0.5,10,,0,18.7,0.5,9,,0,18.1,0.2,16,,0,17.3,0.9,9,,1,0,17.6,0.1,16,,0,16.8,0,16,,0,16.7,0,16,,0,16.5,0.2,16,,0,16.3,0,16,0,0,17.6,0.1,16,0,0,19.9,0.7,5,0.5,0,23.2,0.5,3,1,0,24.6,0.6,5,0.7,0,26.4,0.6,2,0.4,0,27.6,0.6,1,0.2,0,28.9,0.4,9,0.5,0,29,0.4,14,0,0,29.3,0.7,13,0,0,27.9,0.3,11,0,0,26.4,0,16,0,0,25.5,0.3,0,0,0,24.3,0.3,12,0,0,23.2,0.2,16,0,0,22.6,0.6,9,0,0,22.5,1.2,15,,0,21.4,0,16,,0,21.6,0.9,7,,0,21.5,0.4,14,,1,0,20.5,0.7,10,,0,20.1,0.2,16,,0,19.7,0.1,16,,0,19.2,0.2,16,,0,18.7,0,16,0,0,20.3,0,16,0.7,0,21.4,1.5,15,0.9,0,24.1,1.2,15,0.8,0,25.6,0.5,1,1,0,27.5,1.3,11,1,0,28.7,0.9,14,1,0,30.4,1.6,12,1,0,29.5,1.9,12,1,0,30.6,1.4,13,1,0,28.5,1.1,13,1,0,27.3,0.8,12,0.6,0,26,0.5,1,0.6,0,26.3,0.2,16,0.5,0,24.4,0.1,16,0.2,0,21.8,0.2,16,0,0,20.9,0,16,,0,20.3,0.4,9,,0,19.7,0.1,16,,0,18.8,0,16,,1,0,18.6,0,16,,0,18.6,0.7,7,,0,18.2,0.1,16,,0,17.7,0,16,,0,18.2,0,16,0,0,19.1,0.3,3,0,0,20.6,0.8,7,0,0,21.2,0.1,16,0,4.5,20,0.6,12,0,3.5,21,0.9,7,0,0.5,22.6,0.3,1,0,0,23.3,0.5,0,0,0,23.7,0.8,15,0,0,24.9,1,13,0,0,24.7,1,15,0,0,24.4,0.8,13,0,0,25.1,0.6,12,0,0,24.6,1.8,13,0,0,24.3,0.8,15,0,0,24.3,0.8,12,0,0,24,0.8,13,,0.5,23.9,0.7,13,,0.5,23.8,1.2,12,,1,23.9,0.7,8,,1,1,22.7,1.2,13,,0,22.1,1.6,13,,0,21.8,1.1,12,,0,21.4,0.8,15,,1,21.1,0,16,0,4,21,0.1,16,0,5,21.2,0.4,4,0,6.5,21.2,0.4,6,0,5,21.3,0.1,16,0,4.5,21.3,0.1,16,0,16,21.1,0.1,16,0,13,21.3,0.4,2,0,11.5,21.4,0.3,3,0,5.5,21.7,0.1,16,0,7,21.6,0.1,16,0,7.5,21.8,0,16,0,7.5,21.8,0.1,16,0,7,21.9,0.2,16,0,11,21.5,0.1,16,0,10.5,21.3,0.2,16,0,10.5,21,1.1,15,,5.5,20.7,0.4,0,,1,20.7,0,16,,0,20.7,0.1,16,,1,0,20.8,0.8,7,,1,21,0.2,16,,1.5,20.8,0.4,9,,0,20.7,0.9,8,,0,20.8,0.4,6,0,0,21.3,0.7,5,0,0,21.6,0.1,16,0,0,22.6,0.4,2,0,0,23.5,0.6,2,0,0,25,0.5,4,0.5,0,26.4,0.8,0,0.8,0,27.8,1.1,7,0.7,0,29.1,0.9,12,0.7,0,27.6,1.1,13,0.2,0,27.1,1.2,12,0.1,0,27.7,1,10,0.4,0,24.6,1,14,0.5,0,24.2,1.6,12,0.3,0,23.1,0.8,12,0.1,0,22.2,1.7,12,0,0,21.9,1.5,12,,0,22.2,0.7,12,,0,22.2,0.6,13,,0,21.5,1.2,13,,1,0,21.5,0.5,12,,0,21.7,0.5,12,,0,21.7,0.4,14,,0,21.4,0.2,16,,0,21.7,0.3,2,0,0,22.6,0.7,12,0.1,0,23.5,0.8,13,0,0,24.2,0.7,13,0.2,0,25.5,0.6,14,0.7,0,25.7,1.1,11,0.4,0,27.1,1.7,13,0.3,0,27.7,1.5,12,0.7,0,26.9,1.9,12,0.6,0,27.1,1.6,11,0.2,0,27.5,1.7,12,0.2,0,25.6,0.7,13,0.1,0,24.8,0.7,14,0,0,24.4,0.9,12,0.1,0,24,1,12,0,0,23.3,0.3,13,0,0,21.9,0.3,5,,0,21.7,0.9,7,,0,20.8,0.2,16,,0,20.7,0.4,1,,1,0,20.7,0.3,3,,0,22.4,0.6,15,,0,20.6,0.4,3,,0,22.6,0.9,15,,0,23.4,1,12,0,0,23.9,0.8,11,0,0,24.5,1,11,0.2,0,25.5,1.2,12,0.2,0,26,1,12,0.1,0,26,0.8,12,0,0,25.9,1,12,0,0,26.9,0.5,13,0,0,27.3,0.6,12,0,0,25.9,0.2,16,0,0,24.6,0.2,16,0,0,23.9,0.1,16,0,1,21.7,1,9,0,0,21.9,0.1,16,0,0,21.7,0,16,0,0,21.3,0,16,0,0,21.1,0,16,,0,21,0,16,,0,20.7,0.1,16,,0,20.6,0,16,,1,0,20.5,0.1,16,,0,20,0.2,16,,0,19.6,0,16,,0,19.2,0,16,,0,18.8,0,16,0,0,19.7,0.8,15,0.2,0,21.1,0.6,15,0.8,0,22.7,0.6,4,0.5,0,23.1,0.5,7,0.1,0,24.7,0.7,15,0.5,0,25.4,0.6,12,0.2,0,26.5,0.9,12,0,0,27.7,2.1,12,0.6,0,27.4,1.2,12,0.4,0,27.2,1.2,12,0.1,0,26.9,1.5,12,0.8,0,26.3,0.7,12,0.7,0,24.9,0.2,16,0,0,24.2,0.7,12,0,0,23.3,0.6,12,0,0,22.1,0.1,16,,0,21.2,0.1,16,,0,20.9,0,16,,0,20.1,0,16,,1,0,19.3,0,16,,0,18.8,0,16,,0,18.9,0.1,16,,0,18.9,0.1,16,,0,19,0.2,16,0,0,19.5,0.4,7,0,0,20.4,0.1,16,0,0,23.1,0.7,15,0.5,0,25.4,0.9,11,0.4,0,26.7,1.4,10,0.8,0,26.2,0.8,13,0.1,0,27.6,1.8,12,0.5,0,27.7,0.9,14,0.4,0,26.8,1.5,13,0.3,0,27.3,1.3,13,0.5,0,27,1.3,12,0.8,0,25.9,0.5,13,0.3,0,25.1,1,12,0,0,24.6,0.6,12,0,0,23.6,0.5,12,0,0,22.7,0.1,16,,0,22.4,0.1,16,,0,21.9,0,16,,0,21,0,16,,1,0,21,0,16,,0,20.7,0.1,16,,0,20.3,0,16,,0,20.2,0.2,16,,0,20.2,0,16,0,0,21.2,0.2,16,0.1,0,21.9,1,5,0,0,23.1,0.8,5,0,0,24.3,0.3,5,0,0,24.9,0.3,2,0,0,26.1,0.6,15,0,0,26.5,0.2,16,0,0,26.7,0.5,12,0,0,25.8,0.2,16,0,0.5,24.1,0.4,12,0,0,23.6,0.4,6,0,0,23.3,0.5,8,0,0,22.7,0.7,7,0,0,22.4,1,6,0,0,21.4,0.7,6,0,0,20.5,0,16,,0,19.9,0,16,,0,20,0.8,7,,0,19.7,0.9,6,,1,0,19.5,0.1,16,,0,19.7,0.6,7,,0,19.2,1.4,6,,0,18.7,0.9,7,,0,18.2,1.5,7,0,0,18.5,1.1,7,0,0,19.8,0.8,7,0,0,21.3,0.5,5,0.7,0,23.8,0.6,2,0.9,0,26.5,0.5,3,1,0,27.7,0.9,3,1,0,29.7,1.8,3,1,0,30,2.1,4,1,0,30.7,2.2,4,1,0,31,2,5,1,0,30.3,1,6,0.5,0,27.7,1.3,12,0.1,0,26.8,0.8,13,0.5,0,25.4,0.3,11,0,0,24.8,0.5,10,0,0,24,0.1,16,,0,22.6,0,16,,0,21.4,0,16,,0,20.7,0.4,9,,1,0,20.8,0.2,16,,0,20.5,0.5,11,,0,20,0.2,16,,0,19.6,0.1,16,,0,19.9,0.2,16,0,0,21.1,0.4,6,0.5,0,23,0.4,3,0.6,0,23.6,0,16,0.1,0,23.7,0.7,8,0,0,24.5,0.3,7,0,0,25.8,1,3,0.1,0,26.7,0.8,2,0.5,0,27.9,0.8,4,0.3,0,28.4,0.9,5,0.2,0,27.1,0.4,8,0.4,0,25.9,0.6,14,0,0,25.7,0.5,14,0.1,0,25.4,0.6,3,0.8,0,24.7,0.3,0,0,0,23.6,0.4,11,0,0,23.6,0.1,16,,0,22.7,0.4,10,,0,22.8,0.1,16,,0,22.1,0.2,16,,1,0,21.6,0.1,16,,0,21.1,0,16,,0,20.7,0,16,,0,20.4,0,16,,0,20.2,0.7,9,0,0,21.1,0.5,4,0.2,0,22.4,0.4,9,0.4,0,23.9,1,3,0,0,25.2,1.1,3,0.2,0,26.3,0.5,2,0.3,0,27.9,0.7,2,0.9,0,28.2,1.4,3,0.7,0.5,24.1,0.9,12,0.2,4.5,22.6,0.2,16,0,0.5,22.2,0.3,10,0,1,21.8,1,7,0,3,20.9,0.6,4,0,10,20.3,0.5,3,0,0.5,20.4,0,16,0,0,20.5,0.4,11,0,0,20.6,0.2,16,,0,20.6,0.1,16,,0,20.5,0.1,16,,0,20,0.1,16,,1,0,19.9,0,16,,0,20.4,0.9,4,,0,19.9,0.2,16,,0,18.8,0,16,,0,19.8,1.1,4,0,0,20.9,0.9,3,0.7,0,22,1.1,3,0.9,0,23.9,1.6,3,1,0,24.4,1.8,3,0.5,0,25.9,2,4,1,0,26,1.8,4,0.9,0,27.2,2.2,3,0.7,0,26.9,2.6,3,0.8,0,26.9,2.3,5,0.3,0,26.1,2.2,4,0.1,0,25.6,2.3,4,0.1,0,25.2,1.6,3,0.5,0,24.2,2,3,0,0,23.4,2.1,3,0,0,22.8,1.8,3,0,0,22.3,2.1,3,,0,21.8,1.6,3,,0,21.1,2.2,4,,0,20.8,1.7,3,,1,0,20.3,1.7,4,,0,18.3,0.3,8,,0,18.1,0.5,8,,0,17.6,0.1,16,,0,17.8,0.6,8,0.2,0,20.5,0.5,7,0.9,0,23,1.8,5,0.9,0,24,1.2,4,0.8,0,24.8,0.9,3,1,0,26.7,1.2,3,1,0,27,1.8,4,1,0,27.8,1.7,3,1,0,28.1,1.3,2,1,0,29.5,0.9,2,1,0,29.6,1.4,2,1,0,29.2,2,5,1,0,28.2,1.2,6,1,0,26.6,1,6,0.2,0,24.7,0.7,2,0.1,0,22.9,1.1,4,0,0,21.7,0.1,16,,0,20.2,0.2,16,,0,19.6,0.2,16,,0,18.9,0.1,16,,1,0,18.4,0,16,,0,18.1,0.2,16,,0,17.8,0,16,,0,18.2,0.8,8,,0,18.2,0.2,16,0,0,19.4,0.7,6,0.1,0,21.4,0.6,4,0.8,0,22.8,0.7,3,1,0,25.1,0.7,14,0.7,0,27.8,1.2,11,0.9,0,28,1.4,12,0.6,0,30.1,1.4,11,0.9,0,29.3,1.8,13,0.7,0,28.3,1.5,12,0,0,28.8,1.6,12,0.4,0,27.3,0.9,12,0,0,26.8,0.6,11,0,0,26.6,0.9,12,0.2,0,25.7,0.8,11,0,0,25.5,0.8,12,0,0,25.3,0.4,13,,0,25.2,0.7,12,,0,25.5,1.1,14,,0,26,0.9,13,,1,0,25.5,1.3,13,,0,25.7,1,13,,0,25.5,1.7,12,,0,25.4,0.9,14,,0,25.7,1.3,11,0,0,25.5,1.2,14,0,0,25.9,1.8,9,0,0,26.2,1.3,10,0,0,27,1.5,12,0,0,27.2,1.3,10,0,0,27.2,1,10,0.1,0,27.2,1.3,12,0.1,0,24.9,0.9,12,0,4.5,24.1,0.8,12,0,6.5,24.1,1.1,12,0,11.5,23.8,1.1,11,0,5,22.9,1.3,12,0,0,22.7,0.3,15,0,1.5,21.9,0.3,4,0,1.5,21.6,0,16,,3.5,21.6,0,16,,2.5,21.6,0.1,16,,2,21.4,0,16,,2,21.2,0.2,16,,1,0.5,21,0.7,7,,1,20.9,0.1,16,,0,20.9,0.3,1,,0,21,0.1,16,,0,21,0.1,16,0,0,21.3,0,16,0,0,22,0.9,5,0.1,0,22.6,0.8,0,0.2,0,24.2,0.3,3,0.3,0,26,0.3,12,0.6,0,27.1,0.7,13,0.7,0,28.3,1.5,11,0.8,0,27.8,1.4,12,0.5,0,27.9,1.4,13,0.3,0,27.6,1.1,12,0.3,0,27.8,0.9,13,0.5,0,27.1,1.1,12,0.8,0,26.4,1.3,12,0.8,0,25.3,1.5,13,0.1,0,24.8,1.7,13,,0,25,1.2,13,,0,25.2,1,10,,0,25,0.8,12,,0,24.8,1.3,13,,1,0,24.7,1.1,11,,0,24.8,1.4,12,,0,24.5,0.7,13,,0,24.5,1.4,12,,0,24.1,0.5,13,0,0,25.2,1,12,0.3,0,25.3,0.4,13,0.3,0,26.5,1.6,13,0.7,0,27.7,1.4,13,1,0,27.9,2,12,1,0,28.9,1.4,13,1,0,29.7,1.2,13,1,0,29.6,1.2,12,1,0,28.3,1.1,13,1,0,28.5,0.8,12,1,0,28.4,0.8,13,1,0,27.1,0.5,13,0.6,0,25.9,0.6,13,0,0,24.8,0.3,13,0,0,23.9,0.1,16,,0,22.9,0.3,10,,0,21.7,0.2,16,,0,21.6,0.1,16,,0,21.4,0.2,16,,1,0,21.4,0.2,16,,0,21.5,0,16,,0,21.3,0.5,15,,0,21,0.2,16,,0,21.3,0.7,14,0,0,21.4,0.9,8,0,0,21.8,0.4,5,0,0,22.6,0.5,6,0,0,22.8,0.8,7,0,0,25.1,0.6,4,0.7,0,26.6,0.6,2,0.9,0,28.4,0.6,3,0.6,0,29.7,0.4,11,0.1,0,29.8,0.3,12,0.1,0,31.9,1.3,11,0.4,0,30.9,1.7,12,0.3,0,29.8,1.8,13,0,0,29.1,1,13,0,0,28.8,1.4,12,0,0,28.5,1.4,13,,0,28.2,1.4,13,,0,28.4,1.7,11,,0,27.8,0.7,1,,0,27.6,0.9,12,,1,0,27.1,1.3,11,,0.5,25.9,1.2,12,,0,26.5,1.1,10,,0,26.7,1.5,11,,0,26.7,1.6,12,0,0,26.6,2.1,12,0,0,26.6,1.5,11,0,0,27,2.1,11,0.3,0,26.6,2,12,0.3,0.5,26.3,3.1,10,0.7,0.5,23.1,2.9,12,0.3,0.5,24.2,2.4,12,0.4,0,22.4,2.5,12,0.1,0.5,23.3,2.7,12,0.4,0,23.1,2.3,12,0.5,0,23.3,3.1,12,0.2,0,22.7,2,12,0.1,0,22.2,2.2,12,0,0,21.5,1.9,12,0,0,21.2,1.2,12,,0,21,1.3,12,,0,20.9,2.1,12,,0,21,0.9,13,,0,21.2,1,12,,1,0,21,1.4,12,,0,19.8,0.4,1,,0,18.9,1.1,0,,0,18.5,0.3,0,,0,17.9,0.1,16,0,0,18.4,0.4,14,0,0,20.3,0.1,16,0.5,0,22.5,0.9,8,0.3,0,24,0.5,15,0.3,0,25.1,0.7,12,0.3,0,24.7,1.2,12,0,0,26.3,1.3,13,0.9,0,26.5,1.8,13,0.5,0,26.1,1.9,12,0.8,0,26.9,2.3,12,1,0,26.5,1.2,12,1,0,25.7,1,12,1,0,24.2,0.9,11,0.4,0,23.1,0.6,11,0,0,22,0.7,11,,0,22.1,0.1,16,,0,21.2,0.2,16,,0,21,0.3,15,,0,20.5,0,16,,1,0,20.2,0.1,16,,0,19.6,0.7,9,,0,19.5,0,16,,0,19.3,0.7,8,,0,19,0.3,6,0,0,19.4,0.6,7,0,0,21,0.6,6,0.5,0,22.5,0.5,3,1,0,24.9,0.5,0,1,0,26.8,1.4,13,1,0,28.2,1.1,13,1,0,28.9,1.2,12,1,0,30.1,0.9,11,1,0,30.6,0.9,12,1,0,29.9,0.9,11,1,0,30,1.2,12,1,0,28.2,0.6,12,1,0,26.1,0.1,16,0.3,0,24,0.7,10,0,0,20.7,0.3,11,,0,19.8,0.1,16,,0,19.1,0.1,16,,0,18.9,0,16,,0,18.9,0.1,16,,1,0,18.4,0.2,16,,0,17.9,0,16,,0,17.6,0.1,16,,0,17.2,0.1,16,,0,17.6,0,16,0,0,18.2,0.3,7,0,0,19.8,0.4,15,0,0,21,0.4,5,0.2,0,24,0.9,3,1,0,26.4,1,3,1,0,29.2,1.5,15,1,0,31.1,1.7,14,1,0,31.2,1.3,13,1,0,31.7,1,13,1,0,31.3,0.6,15,0.9,0,30.8,0.7,13,0.9,0,30.1,0.8,13,0.7,0,27.6,0.4,12,0.1,0,27,0.2,16,0,0,25.3,0.1,16,,0,24.7,0.7,8,,0,24.2,0,16,,0,23.6,0.1,16,,0,23.7,0,16,,1,0,23.4,0,16,,0,22.8,0.3,7,,0,22.5,0.3,10,,0,22.2,0.9,7,,0,22.1,0.4,2,0,0,22.7,0.3,10,0,0,23.2,0.1,16,0,0,24.9,0.3,6,0.7,2.5,24.2,0.8,0,0,0.5,25.4,0.2,16,0,0,27.5,1.2,8,0.5,0,28.7,1.2,12,0.4,0,29.1,1.1,13,0.6,4.5,26.9,0.6,13,0.1,0,27.4,1.1,11,0.2,0,27.9,0.6,12,0.1,0,27.9,1,12,0.3,0,27,0.2,16,0.2,0,25.6,0.1,16,0,0,24.5,0.1,16,,0,24.1,0.1,16,,0,24.1,0.5,3,,0,23.8,0,16,,0,23.6,0.3,5,,1,0,23.6,0.1,16,,0,23.7,0.4,1,,0,23.4,0,16,,0,23.4,0.6,7,,0,23.3,0.7,1,0,9.5,24.2,0.5,13,0,8,24.6,0.2,16,0,0.5,24.7,0.8,11,0,33,24.4,0.4,0,0,0,24.8,0.7,2,0,0,27.2,0.9,11,0.2,0,27.7,1.6,12,0.5,0,28.4,1.7,12,0.5,0,27.5,0.7,14,0.1,0,28.4,1,12,0.1,0,28.3,1.3,13,0.4,0,27.6,1,12,0.5,0,27,1.2,13,0.2,0,25.9,1.1,13,0,0,25.9,0.9,13,,0,25.6,0.8,11,,0,25.3,0.3,13,,0,24.5,0.3,8,,0,24.9,0.2,16,,1,0.5,24.5,0.2,16,,13.5,24.3,0,16,,4.5,24.1,0.8,15,,0,24.1,0.4,5,,0,24.1,0.1,16,0,0.5,24.2,0.1,16,0,0,24.8,0,16,0.2,0,25.9,0.1,16,0.1,0,27,0.5,1,0.3,0,28.8,0.6,9,0.5,0,29.8,0.8,11,0.4,0,30.3,1.4,12,0.5,0,31.5,0.9,12,0.9,0,31.8,1.3,12,1,0,31.6,1.3,13,1,0,29.8,1.1,13,0.5,0,29.4,0.8,12,0.6,0,28.5,0.5,12,0.3,0,26.4,0,16,0,0,25.1,0,16,,0,24.8,0.6,9,,0,24.9,0.2,16,,0,24.5,0.4,15,,0,23.9,0.1,16,,1,0,23.4,0.1,16,,0,23.3,0,16,,0,23.3,0.1,16,,0,23.2,0,16,,0,23.1,0,16,0,0,22.9,1.3,6,0,0,24.3,1,7,0.1,0,26.6,0.7,5,0.5,0,27.5,1.3,1,0.6,0,29.4,0.6,12,0.6,0,31.1,0.9,9,0.7,0,32.1,0.6,13,0.7,0,32.3,0.6,11,0.9,0,32.8,0.9,12,0.7,0,33.4,1.1,13,1,0,33,1,12,1,0,32,0.3,13,1,0,30.1,0.1,16,0.5,0,28.4,0.9,1,0,0,26.5,0.4,12,,0,25.1,0.3,7,,0,24.8,0.7,8,,0,24.6,0.1,16,,0,24,0.2,16,,1,0,23.4,0.2,16,,0,23.3,0,16,,0,23,0.1,16,,0,22.7,0.1,16,,0,23,0,16,0,0,23.8,0,16,0,0,25.2,0.9,6,0.2,0,27.5,0.5,4,0.6,0,29.7,1.5,0,0.6,0,30.9,1.1,13,0.9,0,31.6,1.3,14,0.4,0,31.4,0.6,13,0.4,0,31.4,1.1,12,0,0,31.8,0.9,13,0.3,0,31.1,0.7,12,0.3,0,30.3,0.5,13,0.1,0,28.9,0.3,13,0,0,27.2,0.2,16,0,0,26.1,0,16,0,0,25.7,0.6,8,,0,25.8,0,16,,0,25.4,0.2,16,,0,25.2,0.3,15,,0,25.3,0.2,16,,1,0,25.2,0.4,15,,0,25.1,0.1,16,,0,24.9,0.1,16,,0,25,0.5,14,,0,25,0.4,14,0,0,25,0.7,15,0,0,28,0.9,10,0,7,25.2,0.9,13,0,3,25.6,1.1,12,0,0.5,26.2,1.1,11,0,2.5,26.2,2,11,0,1,26.5,1.4,12,0,1.5,26.4,1.6,12,0,0.5,26.8,1.6,11,0,0.5,27.6,1.5,13,0,0,27.5,1.8,13,0,0,27.5,1.9,12,0,0,26.8,1.6,13,0,10.5,25.7,2.4,12,0,1,25.6,1.4,13,,0.5,25.9,1.4,11,,8,25.2,1.4,12,,2.5,25.1,1.6,12,,1,25.3,0.5,13,,1,4,25.8,1.4,12,,0,25.8,1.4,12,,0,26.4,1.3,10,,0,26,1.6,11,,8,25.4,1.4,13,0,2,25.4,1.2,12,0,0.5,25.6,1.5,11,0,4.5,25.2,1.3,12,0,1.5,25.4,0.7,11,0,0.5,25.8,1.7,11,0,0,26.5,1,11,0,0.5,25.7,0.8,9,0,1,26.3,0.6,10,0,2,25.4,0.2,16,0,16.5,24.9,0.4,12,0,1.5,25.3,0.5,4,0,2.5,25,0.2,16,0,9.5,24.8,1.4,12,0,10,25,0.7,13,0,0.5,24.6,0.7,2,,7.5,24.5,0.3,11,,17.5,25.1,1,12,,0,25.4,0.5,13,,0,25,0.4,0,,1,0.5,24.8,0.2,16,,1,24.4,0.2,16,,0.5,24.3,0.5,1,,0,24.3,0.2,16,,0,24.1,0.6,5,0,0,24.3,0.1,16,0,0,24.5,0.3,7,0,13,23.7,0.4,13,0,7,23.6,0.1,16,0,0,24.7,0.9,3,0,0,23.9,0.5,2,0,8,22.4,1,14,0,4.5,22.2,1,7,0,0.5,23,0.7,2,0,0,23.4,1,6,0,0,23.4,0.1,16,0,0,23.8,0,16,0,4.5,22.9,0.3,14,0,2,22.6,0,16,0,2,22.9,0.4,3,,0,22,0.2,16,,0.5,22,0.3,9,,8,22,0.7,13,,0.5,22,0.4,9,,1,8.5,21.7,0.4,14,,7,21.4,0.7,7,,0.5,21.5,0.5,4,,9.5,21,0.1,16,,5,20.8,0.3,8,0,7,20.8,0.3,9,0,3,21,0.9,6,0,1,21.2,1.3,6,0,0,22.2,0.6,6,0,0,22.4,0.4,6,0,0.5,23.2,0.8,2,0,0,23.5,0.9,3,0,0,23.7,1.1,4,0,0,24.1,1.2,5,0,0,23.4,1.2,3,0,0,22.4,1.6,4,0,0,21.7,1.3,4,0,0.5,20.9,0.9,4,0,0,20.3,0.8,7,0,0,19.9,0,16,,0,19.8,0.1,16,,0,19.4,0.1,16,,0,19.2,0.9,6,,0,18.9,0.4,6,,1,0,18.8,0.1,16,,0.5,18.6,0,16,,0,18.4,0.3,9,,0,18.1,0.6,7,,0,18.1,0.2,16,0,0,18.6,0,16,0,0,20.1,0.6,7,0,0,22.5,0.7,3,0.6,0,23.6,1.4,5,0.8,0,24.7,1.2,5,0,0,25.5,1.7,4,0,0,25.7,1,2,0,0,26,1.3,4,0,0,25.9,1.2,5,0,0,25.4,0.9,4,0,0,25.2,1.1,3,0,0,24.6,0.8,7,0,0,23.8,0.8,5,0,0,22.3,0,16,0,0,22,0.2,16,,0,21.7,0.3,9,,0,21.3,0.4,8,,0,21.1,0.2,16,,0,21.7,1.4,4,,1,0,21.5,0.8,6,,0,20.9,0.2,16,,0,21,0.5,7,,0.5,20.3,0.7,4,,1.5,20,0.4,5,0,1.5,19.8,0.1,16,0,2.5,20,0.8,4,0,1,20.6,0.8,1,0,5,20.3,1.7,4,0,1.5,20.9,2.7,4,0,0.5,22,1.8,3,0,1,22.3,2.3,3,0,0,23.1,3.3,4,0,0,23.2,3.3,3,0,0,23,3.2,4,0,0.5,22.3,3.5,3,0,0,22.9,3.2,4,0,0,22.3,4.6,3,0,0.5,21.8,2.4,4,0,0,21.4,0.5,13,,0,22.5,3.2,4,,0.5,21.2,0.7,8,,2,21.7,0.4,14,,3.5,22.1,0.3,10,,1,0,22.6,0.2,16,,1.5,24.5,0.9,11,,0.5,25.4,1.7,9,,0,25.2,1.1,11,,0,25.4,1.1,10,0,0,25,0.5,13,0,0.5,24.6,1.2,7,0,0.5,24.3,0.4,6,0,0.5,25.6,0.1,16,0,1.5,24.7,1.2,12,0,0.5,25.6,1.8,12,0,0,26.2,1.3,12,0.4,0,26.2,1.4,12,0.4,0.5,26.9,2.1,11,0.4,0,26.2,1.7,13,0.5,0,24.8,1.6,11,0.1,1,23.4,1.7,10,0,2.5,22.3,1.7,12,0,0.5,21.8,1.3,12,0,0,21.7,1.8,12,,0,21.8,0.7,4,,0,21.7,1.7,12,,0,21.7,1.8,13,,0,21.9,1.5,12,,1,0,22.1,1.5,13,,0,22.2,1,10,,0,21.4,0.5,12,,0,20.3,0.2,16,,0,20.3,0,16,0,0,20.4,0.2,16,0,0,21.4,0.4,0,0.3,0,23.4,0.4,1,0.2,0,24.1,0.8,8,0,0,25.1,0.8,13,0.3,0,25.3,0.9,12,0.4,0,24.9,0.8,12,0.2,0,24.6,0.7,11,0,0,24.5,0.7,13,0,0,24.6,0.1,16,0,0,24.3,0.1,16,0,0,24.7,0.2,16,0.2,0,24,0.1,16,0,0,22.5,0,16,0,0,21.7,0.4,9,,0,20.9,0.2,16,,0,19.9,0,16,,0,19.8,0,16,,0,20.2,0,16,,1,0,19.9,0.6,6,,0,19.2,0.1,16,,0,18.3,0,16,,0,18.3,0,16,,0,18.3,0.2,16,0,0,18.5,0.1,16,0.2,0,19.8,0.1,16,0.4,0,23.7,1.2,4,0.4,0,25.2,0.8,14,0.2,0,27.8,1.5,12,0.9,0,27.2,1.4,13,0.7,0,28.2,2.5,12,0.9,0,28.5,1.7,13,0.8,0,28.1,1.7,12,0.9,0,27.2,1.3,13,0.8,0,25.8,1.1,13,0,0,25,0.9,12,0,0,24.5,0.4,13,0,0,23.3,1,12,0,0,22.8,0.7,12,,0,22.3,0.1,16,,0,21,0,16,,0,20.8,0.1,16,,0,20.6,0.2,16,,1,0,19.8,0.1,16,,0,19.6,0,16,,0,19.7,0.4,15,,0,19.4,0.1,16,,0,19.1,0,16,0,0,19.6,0.8,15,0,0,20.6,0.3,7,0,0,21.6,0.4,3,0,0,23.6,0.6,13,0.1,0,24.9,0.4,13,0.1,0,25.7,0.7,13,0.2,0,25.9,1.1,13,0.5,0,26.7,1.4,11,0.5,0,26.4,1,12,0.4,0,27.1,1.5,12,0.6,0,26.9,1.2,13,0.9,0,25.5,0.5,13,0.7,0,22.9,0.2,16,0.1,0,21.3,0.1,16,0,0,20.6,0.1,16,,0,20.1,0.1,16,,0,19.5,0.1,16,,0,19,0.1,16,,0,18.5,0.4,8,,1,0,18.4,0,16,,0,17.9,0,16,,0,17.8,0.1,16,,0,18,0.4,8,,0,18.5,0,16,0,1,18.3,0,16,0,3.5,18.2,0.2,16,0,3,18.6,0.5,9,0,3,19,0.2,16,0,6,19,1.7,4,0,5,19.8,0.9,5,0,20.5,19.3,0.7,4,0,13,19.5,1.3,5,0,1.5,20.1,1.2,5,0,0,20.6,0.4,15,0,0,20.5,0.7,3,0,1,19.9,0.5,2,0,1,20.1,1.1,5,0,0,19.6,1.3,7,0,0,19.5,0,16,,0,19.8,1.1,3,,0,19.8,0.8,4,,0,19.5,1.1,5,,0,19,0.4,6,,1,0,19,0.1,16,,0,19,0,16,,0,19,0,16,,0,18.9,0.3,10,,0,18.9,0.5,8,0,0,19.2,0.3,7,0,0,20.2,0,16,0,0,21.5,1.2,5,0,0,22.4,1.1,3,0,0,22.8,1.2,3,0,0,23.2,1.8,4,0,0,23.6,1.4,3,0,0,23.7,1.5,3,0.1,0,24,2.2,3,0.1,0,24.1,1.6,3,0.1,0,23.6,1.5,3,0,0,23.2,1.2,3,0.1,0,22.5,1.4,3,0,0,21.9,0.7,4,0,0,21.7,0.2,16,,0,21.7,1,4,,0,21.1,0.1,16,,0,20.3,0,16,,0,20.1,0,16,,1,0,20.1,0,16,,0,20.3,0.6,8,,0,20.2,0.5,7,,0,20.4,0.6,9,,0,20,0,16,0,0,20.6,0.2,16,0.1,0,22.3,0,16,0.1,0,23.6,1.3,3,0.3,0,24.5,1,6,0,0,25.3,1,3,0,0,25,0.7,3,0,0,24.6,1.7,4,0,0,23.7,0.8,5,0,0,24.5,0.8,1,0,0,25.5,0.6,0,0,0,25.6,1,4,0,0,24.2,1.2,3,0,0,23.7,0.4,2,0,0,23.3,0.6,7,0,0,22.8,0,16,,0,22.8,0.6,9,,0,22.2,0,16,,0.5,22,0,16,,0.5,22,0.1,16,,1,0,22,0,16,,0.5,21.9,0.1,16,,0,22,0,16,,0,21.9,0,16,,1,21.8,0,16,0,0.5,21.6,0,16,0,0.5,21.9,0.1,16,0,0.5,22.6,0.3,5,0,0,23.9,0.4,5,0,0,25,0.3,13,0,0,26.9,0.9,15,0.4,0,28.1,1.1,13,0.4,0,30.1,0.7,12,0.9,0,29.1,1,12,0.8,0,29.6,0.6,13,0.6,0,28.6,0.7,13,0.3,0,27.6,0.6,12,0.2,0,26.1,0.1,16,0,0,25,0.4,10,0,0,24.2,0.4,10,,0,24,0.1,16,,0,23.8,0,16,,0,23.4,0.1,16,,0,23.2,0.1,16,,1,0,22.9,0,16,,0,22.7,0.3,8,,0,22.5,0.1,16,,0,22.4,0.1,16,,0,22.2,0.2,16,0,0,22.8,0,16,0,0,22.9,0.1,16,0,2,23.2,0.2,16,0,0,24.1,0.2,16,0,0,25,0.3,0,0,0,26,0.6,15,0,1,25.7,0.9,9,0,0,26.7,1.2,10,0,0,27.2,1.2,11,0,0.5,25.9,1,12,0,0,26.4,1,11,0,0,26.2,0.8,10,0,0.5,25.5,0.7,13,0,1.5,24.9,0.5,8,0,1,24.7,0.3,10,,0,25.2,0.7,14,,0,25.8,0.6,10,,0,26,0.8,13,,0,26,0.9,11,,1,0,25.1,0.3,11,,0,25.6,0.7,13,,0,25.7,0.9,13,,0.5,24.9,0.8,12,,0.5,24.9,1.6,13,0,2,24.1,0.8,13,0,0,24.5,0.8,12,0,0.5,24.2,1.1,12,0,0,26.4,2.3,12,0.5,0,25.4,2.2,12,0.1,0,25.8,1,12,0.1,0,26.7,1.6,13,0.3,0,26.8,1.5,12,0.1,0,26.4,0.8,11,0,0.5,24.6,1.1,12,0,0,25.1,0.6,12,0,0,24.5,0.7,12,0,1,23.3,0.7,11,0,0.5,23.1,0,16,0,1.5,22.8,0.2,16,,0.5,22.6,0.2,16,,2.5,22.5,0,16,,15.5,22,0.4,15,,19,21.9,0,16,,1,15.5,21.9,0.4,1,,0,22,0.1,16,,1.5,22,0.3,0,,1,22.1,0.1,16,,0.5,22.2,0,16,0,0,22.3,0.1,16,0,0.5,22.7,0.1,16,0,0,23.2,0.3,7,0,0,23.8,0,16,0,0,24.5,0.1,16,0,0,25.3,0.5,1,0,0,26.3,0.2,16,0,0,26.3,1.2,12,0,0,27,0.5,12,0,0,25.7,0.2,16,0,2,24.2,0.4,14,0,1.5,24.3,0,16,0,0,23.9,0,16,0,1,23.8,0.1,16,0,0,23.7,0,16,,0,23.6,0.1,16,,0,23.4,0.1,16,,2,23.2,0,16,,0.5,23.1,0.2,16,,1,0.5,23,0,16,,1,23,0,16,,0,22.9,0,16,,0,22.8,0.3,9,,0,22.8,0,16,0,2,23,0.1,16,0,0.5,23.8,0.5,4,0.1,0,24.5,0.4,0,0,0,24.8,0.3,7,0,0,25.7,0.4,6,0.1,0,27.2,0.7,14,0.2,0,27.6,0.9,14,0.3,0.5,28.7,1.1,14,0.3,0,29.4,1,14,0.4,0,26.8,2.7,15,0.3,0,26.4,1.7,15,0.2,0,26.1,0.1,16,0.5,0,24.5,0.1,16,0,0,24,0.4,11,0,0,23.7,0.3,12,,0,23.6,0.2,16,,0.5,23.5,0.5,6,,0,23.5,0.3,7,,0,23.3,0.1,16,,1,0,23,0.7,7,,1,22.8,0.6,0,,6,22.2,1,6,,1.5,21.6,0.1,16,,0,21.7,0,16,0,0,21.7,0.2,16,0,0,22.1,0.3,4,0,0,23.5,0.7,5,0.2,0,26.3,1.2,8,0.9,0,27.7,1.5,12,0.9,0,27.8,1.5,11,1,0,28,2,12,0.9,0,28.5,1.8,12,0.8,0,27.7,1.6,12,0.7,0,28.5,1.4,12,0.9,0,27.3,1.2,12,0.8,0,26.6,0.3,12,0.1,0,25.6,0.3,13,0.1,0,24.8,0.4,12,0,0,24.1,0.2,16,,0,23.1,0,16,,0,22.4,0.3,0,,0,21.8,0.1,16,,0,21.2,0.2,16,,1,0,21.1,0.1,16,,0,20.7,0.2,16,,0,20.5,0.2,16,,0,20.1,0,16,,0,19.6,0.3,6,0,0,20.2,0,16,0.1,0,21.6,0.4,1,1,0,24,0.9,0,0.9,0,26.8,1.4,8,0.7,0,26,0.4,12,0.3,0,27.8,1.5,13,0.7,0,28.6,1.6,12,0.8,0,27.6,1.1,13,0.5,0,27.9,0.9,13,0.3,0,27,1.4,13,0.4,0,26.4,1.1,12,0.1,0,26,0.7,12,0,0,25.1,1.5,12,0,0,24.5,0.5,12,0,0,24.1,0.3,13,,0,23.8,0.5,12,,0,23.6,0.3,13,,0,23.4,0.8,12,,0,22.9,0.5,13,,1,0,22.6,0.5,12,,0,22.2,0.9,12,,0,21.3,0.1,16,,0,21.4,0.4,12,,0,20.3,0.2,16,0,0,20.8,0.2,16,0,0,21.8,0.2,16,0,0,23.8,0.6,14,0.7,0,23.8,0.8,12,0.4,0,23.8,0.7,7,0,0,24,0.8,12,0,0,25.2,0.7,12,0,0,25.7,1.1,11,0.7,0,26.5,1.4,12,0.9,0,25.9,1.2,13,1,0,26,0.8,13,1,0,23.9,0.8,12,0.8,0,22.1,0.5,6,0,0,21.4,0.3,10,0,0,20.7,0.5,5,,0,20.5,0.3,8,,0,20.1,0,16,,0,19.6,0.1,16,,0,19.8,0,16,,1,0,19.7,0,16,,0,19,0,16,,0,18.3,0,16,,0,17.9,0,16,,0,18.2,0.3,5,0,0,18.5,0.2,16,0,0,20.2,0.1,16,0.1,0,22,2,4,0.5,0,23.3,2.6,4,0.9,0,23.5,2.4,3,0.9,0,23.2,3.2,3,0.6,0,23.8,2.7,3,0.3,0,23.8,2.6,3,1,0,23,3.3,3,0.2,0,22.5,1.9,4,0,0,21.8,2.5,4,0.1,0,20.8,2.3,4,0.7,0,19.4,2.4,4,0.2,0,18.5,2.2,4,0,0,18.4,1.9,4,,0,17.7,1.7,3,,0,17.4,1.3,4,,0,17.1,1.3,4,,0,16.7,0.5,4,,1,0,15.2,0.2,16,,0,16.3,1.8,4,,0,15.9,1.9,3,,0,14,0.4,6,,0,13.4,0.1,16,,0,14.6,0.4,8,0.6,0,18,1.6,4,1,0,20.1,1.6,4,0.8,0,21.6,2.4,4,1,0,23,2.4,4,1,0,23.5,2.8,5,0.9,0,23.7,2.4,3,1,0,24.2,1.9,4,0.7,0,24,2.7,4,0.1,0,23.1,2.6,4,0.1,0,22.1,2,4,0.2,0,21.3,1.3,3,0.3,0,20.1,1.4,3,0,0,19.1,1.5,3,0,0,18.7,0.8,3,,0,18.6,1.1,3,,0,18.4,0.9,4,,0,17,0.2,16,,0,16.9,0.1,16,,1,0,17.1,0.1,16,,0,17.2,0.5,7,,0,16.4,0.6,7,,0,16.3,0,16,,0,15.4,0.6,10,,0,17,0,16,0.6,0,18.9,1.2,5,0.9,0,20.3,1.3,4,1,0,21.9,1.5,5,1,0,22.9,1.9,5,1,0,24.6,0.9,1,1,0,25.1,1.2,5,0.6,0,26.2,2.1,5,1,0,26,1.8,3,1,0,25.1,1.7,4,0.6,0,25.4,2.5,3,0.9,0,23.5,2.4,4,0.9,0,21.6,1.9,3,0,0,20.9,1.5,4,0,0,20.2,1.1,4,,0,19.7,0.9,4,,0,19.2,0,16,,0,18.2,0.1,16,,0,18,0.2,16,,1,0,18.1,0,16,,0,18.5,0,16,,0,17.8,0.2,16,,0,17.9,0.1,16,,0,18,0.8,7,,0,18.4,0.2,16,0.3,0,20.3,0.2,16,1,0,22.3,1.1,6,1,0,23.1,0.6,3,0.9,0,24.7,0.8,0,0.8,0,26.6,1.1,1,1,3,21.7,1.1,13,0.4,0,26.3,0.4,11,0.9,0,26,1.3,6,0.2,0,26.9,0.4,15,0.3,3,21.8,1.2,9,0.2,8.5,18.8,2.4,6,0,0.5,18.8,0.7,6,0,0,18.5,0.4,7,0,0,18.7,0.2,16,,1,18.8,0.2,16,,0,18.7,0.1,16,,0,18.2,0,16,,0,17.7,0,16,,1,0,17.7,0,16,,0,18.1,0.1,16,,0,18,0,16,,0,18.2,0,16,,0,18.1,1,6,,0.5,17.6,1.2,7,0,0,17.8,0.6,7,0,0,19.1,0.1,16,0.2,0,22.2,0.6,3,0.6,0,24,0.6,4,1,0,25.8,0.7,11,1,0,26.9,1.1,6,1,0,27.7,1.1,7,1,0,27.3,1.8,7,0.6,0,25.8,0.3,12,0.2,0,25.2,0.6,1,0.2,0,23.6,1.2,0,0,0,22.5,2.5,5,0,0,20.5,0.3,8,0,2,19.8,0.3,10,,0,19.2,0.8,8,,0,19,0.2,16,,0,18.8,0.6,8,,0,18.5,0.3,8,,1,0,18.4,0,16,,0,18.6,0,16,,0,18.6,0.6,7,,0,18.5,0.3,9,,0,18.5,0,16,,0,18.7,0.2,16,0,0,19.3,0.5,7,0,0,20.4,0.8,8,0,0,21.1,0.7,10,0,0,23.6,1.9,4,0.3,0,24.2,1.5,3,0.6,0,25.4,1.5,5,0.9,0,26.7,1.5,6,1,0,26.7,2.2,6,0.7,0,25.9,2.3,7,0.9,0,25.8,0.4,7,0.4,0,24.5,1.2,3,0.5,0,22,0.2,16,0.3,0,20.2,0.6,9,0,0,19.7,0.1,16,,0,19.5,0.1,16,,0,18.5,0.2,16,,0,18.3,0.2,16,,0,17.6,0.1,16,,1,0,17,0.1,16,,0,16.9,0,16,,0,16.3,0.2,16,,0,16.1,0,16,,0,15.8,0.1,16,,0,16.6,0.2,16,0,0,18.1,1,9,0,0,19.8,0.8,6,0.8,0,21.5,1,7,0.7,0,23.3,1,3,1,0,25.2,1.4,6,1,0,26.8,1,6,1,0,28.1,1.2,7,1,0,29.2,0.8,8,1,0,29.1,1.3,3,1,0,28.1,1.9,3,1,0,26,1.7,4,0.3,0,24.3,1,4,0,0,22.5,0.6,6,0,0,21.1,0.7,9,,0,20.1,0.1,16,,0,19.6,0.2,16,,0,19.2,0.1,16,,0,18.9,0.8,9,,1,0,18.5,0.1,16,,0,18.1,0.2,16,,0,17.6,0.1,16,,0,17.3,0.2,16,,0,16.8,0,16,,0,17.3,0.5,8,0,0,18.7,0.2,16,0,0,20.5,0.8,9,0,0,23.1,0.8,5,0.5,0,24.7,1.8,4,0.9,0,26.1,1.7,4,0.2,0,26.1,2.5,3,0.5,0,27.2,2.4,4,1,0,27.8,2.1,3,1,0,27.8,1.6,3,0.9,0,27.1,2.6,3,1,0,25.6,2.9,3,1,0,23.5,1.5,4,0.3,0,21.2,0.1,16,0,0,20.3,0.1,16,,0,18.8,0.4,9,,0,18.4,0.4,9,,0,17.6,0.1,16,,0,17.3,0.2,16,,1,0,17.3,0.7,9,,0,16.3,0.4,9,,0,16,1,9,,0,15.4,0.5,8,,0,15.4,0.4,10,,0,16.1,0.4,9,0.6,0,19.1,0.9,7,1,0,21.5,0.4,9,1,0,23.5,1.2,5,1,0,24.9,1.8,4,1,0,26.9,1.9,4,1,0,27.7,1.6,4,1,0,26.9,1.5,3,0.5,0,26.5,2.1,3,0,0,25.9,1.9,3,0,0,24.8,1.5,3,0,0,23.9,1.7,4,0,0,22.9,1.4,3,0,0,22.2,1.6,4,0,0,21.8,0.9,3,,0,21.8,1.4,4,,0,21.4,0.8,3,,0,20.3,0.1,16,,0,19.5,0,16,,1,0,19,0,16,,0,19.4,0.1,16,,0,19.4,0.2,16,,0,18.7,0.4,11,,0,18.6,0.3,10,,0,18.6,0.3,11,0,0,19.3,0.2,16,0,0,21.1,0.4,14,0,0,22.2,0.4,15,0,0,23.2,0.5,2,0,0,24.7,0.6,8,0.2,0,24.4,0.6,12,0,0,25.9,0.5,11,0,0,25.7,0.1,16,0,0,24.8,0.3,8,0,0,23.9,0.3,11,0,0,23.5,0.2,16,0,0,23.2,0.5,11,0,0,22.5,0.1,16,0,0,22.6,0,16,,0,22.5,0.3,13,,0,21.5,0,16,,5,21.3,1.3,4,,3.5,21.2,0.7,5,,1,0,21,0,16,,0,21,0.2,16,,0.5,21.1,0.1,16,,0,20.8,0,16,,4,20.7,0.2,16,,17.5,20.7,0.3,2,0,6.5,20.9,0,16,0,1,21.3,0.1,16,0,0.5,21.8,0.5,1,0,0,25.2,0.5,11,0.4,0,26.2,1.3,11,0.8,0,26.5,1.4,13,0.7,0,26.6,1.1,12,0.4,0,26.8,0.9,12,0.4,0,26.7,1,11,0.3,0,25.4,1.1,11,0.5,0,24.9,0.5,11,0.2,0,23.9,0.4,12,0,0,23.6,0.5,12,0,0,22.8,0.5,14,,0,23,0.7,7,,0,22.7,0.4,13,,0,22.7,0.6,9,,0,22.6,1.1,12,,1,0,22.4,0.8,12,,0,22.5,0.7,3,,0,22.4,0.6,10,,0,22.7,1.1,9,,0,21.7,0.8,13,,0,22.2,1,12,0,0,22.5,0.9,12,0.1,0,23.2,1.1,11,0.4,0,24.6,2,12,0.9,0,25.4,1.8,12,0.9,0,25.1,0.9,12,0.7,0,24.9,2.1,12,0.5,0,25.4,1.2,13,0.8,0,25.1,1.5,13,0.9,0,25.5,1.5,13,0.9,0,24.3,0.9,12,0.8,0,23.4,0.5,13,0.7,0,21.8,0.5,13,0,0,20.1,0.5,8,0,0,19.4,0.1,16,,0,19,0.1,16,,0,18.7,0,16,,0,18.6,0.3,8,,0,18.5,0.1,16,,1,0,18.2,0.2,16,,0,18,0.1,16,,0,17.7,0,16,,0,17.8,0,16,,0,17.4,0.1,16,,0,17.5,0.2,16,0,0,18,0.3,7,0,0,18.7,0.2,16,0,0,20.8,0.3,10,0,0,22.8,0.7,4,0.6,0,25.4,0.9,12,1,0,26.2,1.3,10,1,0,26.6,1.4,13,1,0,26.5,1.2,4,0.9,0,24.2,1,3,0.8,0,24.9,0.8,11,1,0,23.6,0.8,12,1,0,20.6,0.1,16,0.4,0,19.1,0.5,10,,0,18.2,0.9,10,,0,17.3,0.8,8,,0,17.2,0.2,16,,0,16.3,0.1,16,,0,16,0.1,16,,1,0,15.5,0.2,16,,0,15.1,0.1,16,,0,14.8,0.1,16,,0,15.2,0.2,16,,0,15,0.2,16,,0,15.3,0.4,7,0,0,16.1,0.1,16,0,0,18.1,0.2,16,0.5,0,20.4,1,6,1,0,23.6,0.4,6,1,0,24.9,1.3,6,1,0,25.9,1.2,5,1,0,26.9,0.9,0,1,0,26.8,1,3,0.7,0,26.3,0.3,15,0.7,0,25.5,0.5,1,0.3,0,24.5,0.5,0,1,0,22,0.4,9,0.4,0,20.3,0.3,11,,0,19.2,0.2,16,,0,18.4,0.2,16,,0,17.3,0.3,8,,0,17.3,0,16,,0,16.4,0.1,16,,1,0,16,0,16,,0,15.7,0.1,16,,0,15.7,0.1,16,,0,14.9,0,16,,0,15.1,0.1,16,,0,15.5,0.3,5,0,0,16.9,0.1,16,0.5,0,20.1,0.3,7,1,0,22.6,1,6,1,0,24.2,0.6,4,1,0,25.2,0.9,3,1,0,27.1,0.4,0,1,0,28.4,0.5,10,1,0,27.3,0.4,7,0.4,0,26.1,1.3,14,0.7,0,25.6,0.2,16,0.4,0,24.3,0.3,10,1,0,22.2,0.7,10,0.4,0,20.7,0.1,16,,0,19.3,0.3,10,,0,18.4,0.2,16,,0,18.1,1,8,,0,17.8,0.8,9,,0,16.8,0.2,16,,1,0,16.4,0.2,16,,0,15.9,0.1,16,,0,15.7,0,16,,0,15.4,0,16,,0,14.8,0.2,16,,0,15.4,0.1,16,0.2,0,16.9,0.1,16,0.8,0,20,0.4,2,0.9,0,22.7,0.2,16,0.6,0,,,,,0,22.2,0.4,,0,1.5,21.7,1.3,6,0.1,0,21.5,0.7,3,0,0,21.2,1,6,0,0,20.5,0.8,7,0,0,20.5,0.2,16,0,0.5,20.4,0.5,9,0.3,0,19.3,0,16,0,0,18.2,0.9,6,,0,18.4,0.4,0,,0,17.8,0.3,10,,0,17.5,0.7,5,,0,17.6,0.4,13,,0,17,0.1,16,,1,0,17.2,0.3,6,,0,17.2,0.5,4,,0,17.1,1.3,6,,0,17,0.8,5,,0,16.7,1,4,,0,16.7,0.7,5,0,0,16.9,0.5,7,0,0,17.5,0.6,11,0,0,18.8,0.4,2,0,0,21.9,0.6,6,0.6,0,24.2,0.6,13,0.7,0,23.7,1.4,13,0.7,0,24.7,1.6,12,0.9,0,24.9,1.3,13,0.7,0,25.2,0.8,11,1,0,24.6,1.1,13,1,0,22.3,0.6,12,0.2,0,19.4,0.2,16,0.1,0,18,0.1,16,,0,16.5,0.2,16,,0,16.5,0,16,,0,15.4,0.2,16,,0,14.6,0,16,,0,14.3,0,16,,1,0,13.7,0,16,,0,13.8,0.2,16,,0,13.4,0.1,16,,0,13.3,0,16,,0,13.2,0.3,12,,0,13.7,0.5,6,0,0,14.3,0.7,5,0,0,15.3,0.4,4,0.1,0,17.5,1,4,1,0,20,0.7,2,0.5,0,19.9,0.9,14,0,0.5,19,1.2,15,0.2,0,21.7,1.6,6,0.7,0,23.6,1.1,12,1,0,23.3,1.1,12,0.9,0,22.7,0.9,12,0.8,0,21.5,0.6,13,0.8,0,18.2,0.1,16,0.4,0,16.8,0.3,10,,0,16,0.3,8,,0.5,15.9,0.2,16,,0,15.6,0.2,16,,0,15.8,0.1,16,,0,15,0,16,,1,0,15.1,0.2,16,,0,15.2,0.3,0,,0,15.4,0.1,16,,0,15.4,0.1,16,,0,15.2,0.3,12,,0,15.4,0.2,16,0,0,15.7,0.6,6,0,0,15.9,0.9,6,0,0,16.8,1.1,7,0,0,19.5,0.7,7,0.7,0,21.8,0.8,6,1,0,23.3,0.9,3,1,0,24.2,1,9,1,0,24.2,0.8,13,0.8,0,18.4,0.6,13,0,1.5,18.9,0.3,10,0.2,0,19,0.2,16,1,0,17.5,0.4,10,0.3,0,16.5,0,16,,0,15.5,0,16,,0,15.5,0,16,,0,15.6,0.2,16,,0,15.6,0,16,,0,15.3,0,16,,1,0,15.4,0.4,14,,0,15.4,0,16,,0,15.2,1,6,,0,15.2,0.6,6,,0,15.2,0.2,16,,0,15,0.8,7,0,0,15.1,1,5,0,0,15.9,0.1,16,0,0,17.6,0.3,7,0.2,0,20.1,0.4,15,0.6,0,22.4,1.3,7,1,0,23.6,0.9,12,0.9,0,24.7,1.2,13,0.8,0,24.4,1.5,12,1,0,23.6,1.8,12,1,0,22.6,1.2,12,1,0,21.2,0.6,13,0.5,0,17.9,0.7,6,0,0,16.9,0.1,16,,0,15.5,0.4,10,,0,15,0.4,10,,0,14.2,0.7,9,,0,13.4,0.3,6,,0,12.2,0.1,16,,1,0,11.9,0.2,16,,0,11.1,0,16,,0,12.1,0,16,,0,12.2,0.5,10,,0,12.3,0.3,8,,0,12.1,0.8,8,0,0,12.3,1.1,6,0,0,12.5,0.9,6,0,0,13.4,0.1,16,0,0,17.7,0.7,7,0.9,0,20.2,1.4,6,1,0,22.5,0.8,5,0.8,0,22.1,1,15,0.9,0,23.3,0.8,12,1,0,23.2,0.7,12,1,0,22.8,0.2,16,0.8,0,20.8,0.8,12,0,0,18.8,0.1,16,0,0,17.3,0.3,11,,0,16.4,0,16,,0,15.5,0,16,,0,15.1,0,16,,0,14.9,0,16,,0,14.7,0.1,16,,1,0,14.5,0,16,,0,14.2,0.3,10,,0,13.6,0.2,16,,0,13.4,0.2,16,,0,13,0.8,8,,0,13.8,0.5,6,0,2.5,14.1,1,6,0,0,14.9,0.1,16,0,0,16.2,0.1,16,0,0,18.8,0.5,1,0.7,0,21.8,1.1,13,0.6,0,22.5,1.4,13,0.8,0,23.4,1.6,13,0.7,0,22.9,2.1,12,1,0,22.7,1.3,12,1,0,21.7,2.2,11,1,0,19.6,1.4,12,0.9,0,18.1,1.1,13,0.1,0,15.6,0,16,,0,14.1,0.2,16,,0,12.4,0.1,16,,0,13.4,1.4,15,,0,13.2,0.3,2,,0,11.8,0.1,16,,1,0,11.4,0.2,16,,0,10,0,16,,0,10.2,0,16,,0,10,0.1,16,,0,10.3,0.1,16,,0,10.8,0,16,0,0,12.2,0.2,16,0.6,0,14.8,0.2,16,1,0,17.5,0.4,3,1,0,19.7,1.1,12,0.7,0,20.2,1.1,12,0.4,0,20.5,1.2,13,0.4,0,21.5,1.5,13,0.3,0,21.3,1.4,13,0.4,0,19.1,0.9,12,0,0,18.6,0.9,8,0.1,0.5,16.6,1.4,13,0,2,15.3,0.2,16,0,0,14.9,0.1,16,,0,14.8,0.2,16,,0,14.2,0.5,10,,0,13.9,0,16,,0,13.6,0.1,16,,0,13,0.2,16,,1,0,13.1,0.1,16,,0,13,0.3,11,,0,12.6,0.2,16,,0,12.5,0.3,11,,0,11.9,0.3,9,,0,11.9,0.6,12,0,0,12.1,0.8,15,0.2,0,13.4,1.6,15,0.2,0,14.5,0.6,3,0.6,0,18.5,1.1,13,0.9,0,17.1,0.9,13,0.3,0,19.3,1.3,11,0.4,0,21.3,1.7,13,1,0,20.1,1.3,13,0.5,0,19.4,1.8,12,0.4,0,18.5,2.2,12,0.4,0,17.6,1.3,11,0,0,17.2,1.2,11,0,0,16.7,1.3,12,,0,15.1,0.7,11,,0,13,0.4,2,,0,12.4,0.2,16,,0,12.1,0.7,0,,0,11.3,0.4,14,,1,0,11.2,0.1,16,,0,11.2,0.3,4,,0,11.7,0,16,,0.5,11.6,0,16,,0,11.6,0.2,16,,0,11.9,0.2,16,0,0,13,0.1,16,0.3,0,15.6,0.4,3,0.9,0,18,0.7,13,1,0,20.1,1.6,15,0.9,0,22.6,1.8,13,0.9,0,22.7,1.7,12,0.7,0,21.7,1.7,13,0.6,0,22.3,1.9,12,1,0,21.5,1.6,13,1,0,20.4,1.8,12,0.8,0,19.2,1.7,12,0.8,0,16.8,0.6,13,0,0,14.8,0.2,16,,0,13.6,0.2,16,,0,12.9,0.2,16,,0,11.6,0.1,16,,0,11.1,0.1,16,,0,10.6,0,16,,1,1.5,11.7,1,6,,0,10.9,0.2,16,,0,10.4,0.1,16,,0,10.1,0.3,12,,0,10.4,0.2,16,,0,10.3,0.5,4,0,0,10.6,0.4,3,0,0,11.6,0.1,16,0,0,13.6,0.5,1,0.3,0,16.7,0.5,5,0.8,0,20.6,1,11,0.9,0,22.7,1.5,13,1,0,22.9,1.7,12,0.9,0,23.2,1.7,13,1,0,22.5,1.3,12,1,0,21.5,1.1,12,1,0,19.3,1,13,0.9,0,16,0.1,16,0,0,14.3,0.4,10,,0,13,0.1,16,,0,12.2,0.9,9,,0,11.2,0.1,16,,0,10.7,0,16,,0,10.4,0,16,,1,0,9.5,0,16,,0,9.3,0,16,,0,9.6,0,16,,0,10,0.6,9,,0,9.8,0,16,,0,9.7,0.7,9,0,0,10.2,0.5,6,0,0,11,0.4,10,0,0,13.6,0.3,4,0.6,0,16.9,1,15,1,0,21.1,0.8,11,1,0,22,1.3,13,1,0,22.6,1.3,11,1,0,22.5,1.8,11,1,0,22.3,1.1,13,1,0,20.7,1,13,1,0,19.1,0.8,13,0.9,0,14.8,0.6,9,0,0,13,0.4,6,,0,11.8,0,16,,0,10.9,0,16,,0,10.2,0.1,16,,0,9.6,0.2,16,,0,8.9,0,16,,1,0,8.4,0,16,,0,8.8,0,16,,0,8.9,0,16,,0,9.5,0.1,16,,0,9.2,0.4,7,,0,9.1,0.9,7,0,0,9.6,1,7,0,0,10.8,0.3,6,0,0,13.3,0.7,3,0.5,0,16.6,0.6,2,0.7,0,18.5,1.1,15,0.4,0,21.3,1.6,13,0.8,0,23.1,1.2,13,0.9,0,23.1,2.7,12,0.9,0,22.6,2.2,12,0.9,0,21.7,0.6,12,0.9,0,19.7,1.5,12,0.1,0,18.1,0.8,13,0,0,16.3,0.2,16,,0,14.4,0,16,,0,13.6,0.2,16,,0,12.2,0.3,10,,0,11.2,0.3,10,,0,10.5,0,16,,1,0,11,0,16,,0,11.7,0.5,7,,0,12,0.2,16,,0,11.5,0.4,10,,0,11.3,0.2,16,,0,11.3,0.5,7,0,0,11.5,0.6,5,0,0,11.8,0.6,5,0,0,12.8,0.6,7,0,0,14.8,0.4,5,0,0,18.6,0.8,4,0.4,0,22,0.8,12,0.9,0,22,1.4,12,0,0,22,0.8,12,0,0,22.4,1,13,0.2,0,22.2,0.6,13,1,0,19.6,0.6,8,0.2,0,17.3,0.8,7,0,0,17.6,0.1,16,,0,16.3,0,16,,0,15.9,0.4,14,,0,14.5,0,16,,0,13.9,0,16,,0,13.3,0.2,16,,1,0,12.7,0,16,,0,13.4,0,16,,0,13.3,0.3,8,,0,13.3,0.3,7,,0,13.3,0.1,16,,0,12.9,0.5,8,0,0,13.5,0.6,6,0,0,14.7,0.8,6,0,0,15.6,0.5,6,0,0,18.4,0.5,8,0.3,0,20.4,0.5,4,0.5,0,21.1,0.2,16,0.1,0,21.4,0.3,11,0,0,21.8,0.3,13,0,0,20.7,0.3,12,0,0,19.2,0.9,9,0,0,17.7,0.1,16,0,0,17,0,16,0,0,16.4,0.1,16,,0,16.4,0.3,8,,0.5,16.3,0.8,7,,0.5,15.9,0.2,16,,1,15.7,0.2,16,,0,15.3,0.1,16,,1,1.5,14.9,0,16,,2.5,14.6,0.1,16,,3,14.6,0.2,16,,4.5,14.9,0.5,8,,2.5,14.9,0.6,8,,1,15,0.7,7,0,0.5,15.4,0.5,13,0,0.5,16,0.9,4,0,0,17.1,0.2,16,0,0,17.3,0.8,7,0,0,17.7,0.9,3,0,0,18.6,1.6,5,0,0,20,1.5,4,0.3,0,20,1.6,3,0.4,0,20.4,0.7,1,0,0,19.8,1.8,5,0,0,18.5,0.6,7,0,0,17.6,0.2,16,0,0,16.7,0.5,10,,0,15.9,0.1,16,,0,16,0.4,14,,0,15.6,0,16,,0,15.4,0.1,16,,0,15.6,0,16,,1,0,15.3,0.7,0,,0,14.9,0.3,15,,0,14.2,0.1,16,,0,14.2,0.9,3,,0,13.9,0.5,6,,0,13.9,0.3,13,0,0,14.2,0.1,16,0,0,14.6,0.4,5,0.1,0,17.5,0.8,4,1,0,19.7,0.9,15,0.9,0,21.4,1,6,0.7,0,22.1,1.6,2,1,0,22.4,2,15,1,0,23.3,1.4,3,1,0,23.1,1.5,2,1,0,21.5,0.9,0,1,0,19.2,2.1,4,0.9,0,14.6,0.1,16,0,0,12.7,0.9,10,,0,11.5,0.9,9,,0,10.3,0,16,,0,10.2,0.5,8,,0,9.3,0.5,8,,0,9.9,1.1,8,,1,0,10,1.1,8,,0,9.5,0.6,9,,0,9.2,0,16,,0,8.8,0.3,9,,0,8.8,0.4,3,,0,9.1,0.3,7,0,0,10.1,0.1,16,0,0,12.4,0.3,11,0.1,0,16.2,0.5,5,0.9,0,18.9,1,7,1,0,21.7,1,6,1,0,23.2,0.8,5,1,0,24.6,0.7,13,1,0,24.9,0.7,2,1,0,25.1,1.6,6,1,0,22.2,0.3,8,0.3,0,20,1,6,0.5,0,17.7,0.4,10,0,0,17.6,0.2,16,,0,15.9,0.1,16,,0,14.6,0.3,11,,0,13.9,0.2,16,,0,13.2,0.5,10,,0,12.2,0.1,16,,1,0,11.6,0.3,9,,0,10.9,0,16,,0,11.3,0,16,,0,10.6,0,16,,0,9.8,0.2,16,,0,10.7,0.2,16,0,0,12.1,0.1,16,0,0,13.9,0.3,7,0,0,16,0.5,2,0.1,0,18.2,0.7,6,0.5,0,20.2,0.6,15,0.4,0,22.6,0.7,12,1,0,24.1,1,12,0.9,0,23.6,0.8,12,0.8,0,23.5,0.6,12,1,0,22.8,0.4,12,1,0,20.5,0.4,12,0.9,0,18,0.2,16,0,0,16.2,0.1,16,,0,15.9,0.3,6,,0,14.7,0,16,,0,13.8,0.6,9,,0,14.3,0.1,16,,0,14.3,0,16,,1,0,14.5,0.6,7,,0,14.1,0.6,3,,0,14.2,0.1,16,,0,14,0.6,6,,0,13.5,0.3,2,,0,13.4,0.3,3,0,0,13.8,0.8,6,0,0,14.3,0.6,2,0,0,14.4,0.6,5,0,0,17.1,0.6,6,0.5,0,21.7,0.8,0,1,0,23.3,1.4,12,1,0,23.8,1.2,12,0.9,0,23.9,1.3,12,1,0,22.8,1.8,12,0.4,0,21.7,1.6,12,0.2,0,20,0.4,4,0,0,18.6,0.1,16,0,0,17.3,0,16,,0,15.4,0.5,9,,0,14.5,0,16,,0,13.7,0,16,,0,13.2,0,16,,0,12.6,0.1,16,,1,0,12.7,0.2,16,,0,12.1,0.3,14,,0,11.8,0.1,16,,0,11.8,0.4,4,,0,11.7,0,16,,0,11.7,0.4,7,0,0,12.1,0.2,16,0,0,12.3,0.4,14,0,0,13.9,1.4,5,0.3,0,20.2,1.1,13,1,0,20.9,2.8,12,0.9,0,21.2,1.7,13,0.7,0,20,1.4,12,0,0,18.7,1.4,12,0.1,0,19,1,13,0.4,0,19.4,0.4,12,0.3,0,17.6,0.5,13,0.5,0,16.2,1,14,0,0,14,0.1,16,,0,12.6,0.7,10,,0,10.9,0.1,16,,0,10.6,0.1,16,,0,10.3,0.2,16,,0,9,0,16,,1,0,9.1,0.2,16,,0,8.4,0,16,,0,7.5,0,16,,0,6.4,0.2,16,,0,7.1,0,16,,0,8.1,0,16,0,0,8.7,0,16,0,0,9.3,0.5,3,0,0,12,0.6,3,0.6,0,15.1,0.3,6,0.7,0,17.3,1.2,12,0.8,0,19,1.1,14,0.8,0,19,1.1,12,0.6,0,19,1.1,12,1,0,18.6,1.3,13,1,0,17.1,0.6,13,1,0,14.6,0.3,13,0.7,0,11.7,0.9,10,0,0,9.8,0.4,6,,0,8.9,0.1,16,,0,8.3,0.2,16,,0,7.5,0,16,,0,6.7,0.1,16,,0,5.7,0.1,16,,1,0,6.3,0,16,,0,5.7,0,16,,0,5.6,0.2,16,,0,5.6,0.1,16,,0,5.2,0.4,8,,0,5.5,0.3,7,0,0,6.3,0.6,5,0,0,7.4,0.7,6,0.1,0,10.3,0.4,3,0.8,0,14.6,1.2,4,1,0,17.8,0.9,3,1,0,19.6,1.2,13,0.9,0,21.6,0.9,15,0.9,0,21,0.5,12,0.2,0,20.8,0.3,13,0.1,0,19.2,0.4,10,0,0,18.6,0.3,13,0,0,16.7,0.1,16,0,0,15.6,0.3,9,,0,15.8,0.2,16,,0,15.5,0.4,13,,0.5,15.3,0,16,,2,15.1,0,16,,1.5,15.2,0,16,,1,1,15.2,0.2,16,,2,15.3,1,6,,0.5,15.2,0.9,7,,0,14.5,0.2,16,,0,15,0,16,,0.5,15.1,0,16,0,1.5,15.4,0.4,8,0,1,15.7,0.3,7,0,0,16.4,0.4,6,0,2.5,17,0.5,6,0,0.5,17.3,1,0,0,0,21.6,0.7,11,0.3,0,22.2,0.9,11,0.1,5.5,20.6,1.5,12,0,0,21.2,1.6,12,0.1,0,20.7,1.3,13,0,0,20.5,1.2,12,0,0,20.1,1.2,12,0,0,19.6,1.5,13,,7,17.7,1.6,12,,0,16.6,0.1,16,,0,15.9,0.5,8,,0,15.8,0.2,16,,0,14.4,0.2,16,,1,0,14.9,0.1,16,,0,14.7,0.4,14,,0,14.4,0.2,16,,0,14,0.3,14,,0,13.4,0.3,3,,0,13.2,0.2,16,0,0,14.2,0.3,15,0.3,0,15.8,0.7,13,0.5,0,17.4,1.6,15,0.2,0,18.8,0.7,0,0.7,0,19.8,1.1,6,0.4,0,19.3,1.5,4,0.3,0,20.8,1.8,9,0.3,0,19.9,2.1,12,1,0,18.5,1.6,12,0.9,0,17.3,1.4,12,0.8,0,15.5,1.5,12,0.5,0,14,1.5,12,0,0,12,0.2,16,,0,10,0.6,11,,0,8.7,0.1,16,,0,8.6,0.2,16,,0,8.5,0,16,,0,8.7,0.3,6,,1,0,9,0,16,,0,8.7,0.1,16,,0,7.7,0.8,8,,0,6.9,0.2,16,,0,5.6,0.3,6,,0,6.9,0.2,16,0,0,7.4,0.5,8,0,0,7.8,0.5,7,0,0,8.1,1,7,0,0,9.6,0.3,1,0,0,13.2,0.7,1,0.1,0,16.9,1.1,2,0.9,0,17.2,0.7,0,0.7,0,17.4,1.3,3,0.4,0,18.1,1.8,4,0.5,0,16.7,0.4,2,0.2,0,15.5,1,4,0,0,14.2,0.8,4,0,0,13.5,0.9,4,,0,12.4,0.5,8,,0,12.1,0.5,9,,0,11.9,0.3,9,,0,12,0.2,16,,0,12,0.6,8,,1,0,11.7,0.5,8,,0,11.5,0,16,,0.5,11.5,0.2,16,,0.5,11.6,0.2,16,,1,11.7,0.1,16,,1,11.7,0.1,16,0,1,12.1,0.4,9,0,2,13,0.6,6,0,1.5,14,1.8,3,0,1.5,14,1.7,3,0,1.5,14.1,3.2,3,0,1.5,13.6,2.7,4,0,4,13.2,1,3,0,3,13.3,1.2,3,0,0.5,14,1.1,3,0,0,14.5,1.6,3,0,0.5,14.2,0.7,3,0,0.5,13.6,0.5,15,0,2,13.2,0.4,15,,0.5,12.8,0.1,16,,0,12.6,0.3,2,,0.5,12.3,0.5,4,,0,11.6,0.1,16,,0,11.4,0.8,11,,1,0,11.4,0.6,7,,0,10.8,0,16,,0,10.5,0.1,16,,0,10.3,0.5,12,,0,10.1,0.2,16,,0,9.8,0.1,16,0,0,9.9,0.1,16,0,0,9.8,1.3,5,0,0,10.4,0.8,6,0,0,11.2,0.4,2,0.1,0,13.8,0.8,6,0.8,0,15.8,0.8,1,0.4,0,17.1,1,7,0.7,0,16.9,0.6,11,0,0,17.7,1.4,12,0.6,0,15.5,1,12,0.2,0,14.8,1.2,12,0,0,12.4,0.2,16,0,0,10.3,0.1,16,,0,9.1,0,16,,0,8.1,0,16,,0,7.3,0,16,,0,7.1,0,16,,0,7.6,0,16,,1,0,8,0,16,,0,7.7,0.4,8,,0,7.8,0.3,7,,0,7.5,0.7,7,,0,7.3,0.2,16,,0,7.1,0.3,9,0,0,7.2,0.2,16,0,0,7.8,0.4,10,0,0,8.1,0.7,3,0,0,9.5,0.7,8,0,0,13.2,0.7,7,0.7,0,18.7,1.9,12,1,0,18.9,0.8,12,0.4,0,18.6,1.1,12,0.7,0,19.3,1.4,12,0.7,0,17.7,0.7,12,0.9,0,15.8,0.6,12,0.1,0,15,0.4,15,0,0,12,0.2,16,,0,10.9,0.3,12,,0,10,0.1,16,,0,8.8,0,16,,0,8.5,0,16,,0,7.8,0,16,,1,0,7.8,0,16,,0,8.2,0.1,16,,0,8.5,0.1,16,,0,8.2,0.6,7,,0,8.1,0.4,10,,0,8.2,0.1,16,0,0,8.3,0.8,6,0,0,8.7,0.4,6,0,0,10.5,1.1,6,0.3,0,12.7,0.4,2,0.4,0,17,0.8,3,1,0,18.9,0.7,15,0.6,0,20.6,1,13,0.8,0,21.2,1,9,0.9,0,20.5,0.3,13,0.7,0,19.2,0.3,12,0.9,0,15.7,0.7,11,0.2,0,13.7,0.6,8,0,0,12.3,0.2,16,,0,11,0.2,16,,0,10.1,0.1,16,,0,9.7,0.2,16,,0,9.3,0.3,14,,0,9.5,0,16,,1,0,9.3,0.1,16,,0,9.7,0,16,,0,9.3,0.2,16,,0.5,9.5,0,16,,0,9.4,0.8,5,,0,9.4,0.5,5,0,0,10.1,0.2,16,0.1,0,11,0.8,14,0.1,0,15.8,1.8,12,0.2,0,17.9,3,12,1,0,18,2.6,12,1,0,18.4,2.9,12,1,0,18.6,2.3,12,1,0,18.6,1.9,12,1,0,18.1,1.7,12,1,0,16.8,1.7,12,0.9,0,14.9,1.1,13,0.1,0,13,0.3,14,0,0,10.9,0.4,3,,0,9.3,0.1,16,,0,8.6,0.1,16,,0,7.3,0.1,16,,0,7,0.3,12,,0,6.7,0.1,16,,1,0,5.7,0.2,16,,0,5.8,0.1,16,,0,5.7,0.1,16,,0,6,0,16,,0,5.8,0.1,16,,0,5.9,0.2,16,0,0,6.1,0.3,8,0,0,6.4,0.2,16,0,0,7.4,0.2,16,0,0,11.6,1.6,6,0.7,0,16.5,1,6,1,0,17.3,1.2,4,1,0,18.3,1.1,2,0.9,0,18.2,1.2,0,1,0,17.2,1.2,1,1,0,15.8,0.9,15,1,0,13.5,0.3,0,0.1,0,9.8,0.8,10,0,0,8.9,0.9,9,,0,7.4,0.4,7,,0,6.5,0.5,8,,0,6.2,0.4,11,,0,5.5,0.2,16,,0,4.8,0,16,,1,0,4.5,0.2,16,,0,4.4,0,16,,0,2.9,0,16,,0,2.9,0,16,,0,1.8,0,16,,0,2.1,0.5,8,0,0,4.1,0.4,15,0.8,0,6.5,0.2,16,1,0,10.5,0.7,8,1,0,14.1,0.3,6,1,0,16.4,0.6,13,1,0,18.5,0.6,13,1,0,20,1,14,1,0,20.2,0.6,8,1,0,20,0.3,8,1,0,16.6,0.9,10,1,0,13.1,0.4,11,0.1,0,10.4,0.4,9,0,0,9.3,0.8,9,,0,7.9,0,16,,0,7,0.2,16,,0,7,0,16,,0,7.3,0,16,,0,6.6,0.3,9,,1,0,6.3,0.1,16,,0,5.9,0,16,,0,6.3,0.8,8,,0,6.7,0.2,16,,0,6.8,0.3,8,,0,7.8,0.1,16,0,0,7.8,1,8,0,0,9.3,0.8,1,0,0,11.5,0.9,1,0,0,14.1,2,6,0,0,16.3,0.1,16,0,0,17.9,0.8,5,0,0,18.4,1.4,3,0,0,18.2,1.2,4,0,0,18.1,1.6,3,0,0,17.1,1.1,3,0,0,16,1,5,0,0,16.1,1.3,4,0,0,15.6,1.4,4,,0,14.4,1.1,3,,1,12.9,0.3,5,,2,13.1,1.8,4,,2,12.8,1.2,3,,3.5,12.9,1.4,3,,1,5.5,13.2,2,3,,4.5,13.5,2.6,3,,5.5,13.6,1.9,3,,4.5,13.4,0.9,15,,5.5,13.3,0.4,0,,7,13,0.8,15,0,4.5,12.8,0.5,0,0,2.5,13,0.5,4,0,0.5,13.5,0,16,0,0.5,13.4,2.7,15,0,0,13.4,2.5,0,0,0.5,12.7,1.9,0,0,0,13.7,0.5,14,0,0,13.9,1.3,0,0.1,0,13.2,0.7,14,0,0,12.7,0.5,15,0,0,11.7,0.3,12,0,0,12.2,0,16,,0,12.2,0.6,12,,0,10.2,0.6,9,,0,9.8,0.1,16,,0,9.1,0.1,16,,0,9.7,0.5,15,,0,9.3,0.1,16,,1,0,10,1.3,14,,0,10.1,0.7,14,,0,8.6,0.3,15,,0,7.6,0.1,16,,0,7.8,0.3,14,,0,7,0,16,0,0,7.9,0.2,16,0.2,0,9.7,0.5,2,0.8,0,12.1,0.6,3,0.9,0,14.6,0.7,2,1,0,15.3,0.9,4,0.6,0,16,0.9,4,0.9,0,17.2,0.4,0,1,0,17.7,1.2,4,1,0,17.1,0.4,1,1,0,15.6,1.4,2,1,0,11.5,0.2,16,0.1,0,9.6,0.2,16,,0,7.9,0.2,16,,0,7.2,0.1,16,,0,6.9,1.2,9,,0,6.1,0.3,8,,0,5.4,0.6,7,,0,5.7,0,16,,1,0,5.1,0.2,16,,0,3.9,0,16,,0,3.7,0,16,,0,3.2,0,16,,0,2.5,0,16,,0,2.2,0,16,0,0,4.2,0,16,0,0,8.3,0.4,10,0.3,0,10.3,0,16,0,0,12.3,0.4,6,0,0,14,0.3,10,0,0,16.1,0.5,14,0.3,0,17.1,0.6,14,0.5,0,16.8,0.2,16,0.1,0,15.2,0.5,11,0,0,13.8,0.2,16,0,0.5,12.7,0.1,16,0,0,12.1,0,16,,0,11.4,0,16,,0,10.5,0,16,,0,9.5,0,16,,0.5,10.2,0.5,7,,0,10.5,0,16,,0,11,0.9,13,,1,1,10.9,0.6,13,,0,9.8,0.3,10,,0,10.1,0.5,14,,6,10.5,0.3,1,,2.5,10.3,0.2,16,,2.5,10.2,0.2,16,0,0,10.6,0,16,0.1,2,10.8,0.2,16,0.3,2,11.7,0.3,5,0,0,12.8,1.3,11,0.2,0.5,13.6,1,12,0.1,0,12.5,1.5,11,0,0,11.9,0.8,5,0,0.5,11.8,0.7,10,0,0.5,11.4,0.6,11,0,1,11.3,1.1,12,0,0,11.5,1.3,11,0,0.5,10.7,1.2,12,,0,10.3,1.1,13,,0,10.6,2.3,12,,0,10.9,2.3,12,,0,10.9,1.3,12,,0,11.1,2.2,12,,0,8.3,0.2,16,,1,0,6.1,0.5,15,,0,5.7,0.1,16,,0,4.6,0,16,,0,4,0.1,16,,0,3.3,0.3,7,,0,3.1,0,16,0,0,4.7,0.3,8,0.5,0,7,0.1,16,0.4,0,8.6,0.2,16,0.3,0,10.7,1.2,8,0.2,0,11.8,0.6,15,0,0.5,12.3,0.6,13,0.1,0,13,0.7,14,0,1,13.7,0.2,16,0.1,0,13.1,0.8,7,0,0,12.5,0.2,16,0,0,11.6,0.3,9,0,0,10,0.4,12,,0,8.3,0.3,2,,0,9.4,0.3,5,,0,8.8,0.5,7,,0,8.9,0,16,,0,9.4,0.2,16,,0,9.1,0.4,7,,1,0,8.9,1,5,,0,8.5,0.9,7,,0,8.5,1.1,6,,0,8,1.3,6,,0,7.6,1.1,7,,0,7.4,1,7,0,0,7.6,1,6,0,0,8.5,1.1,7,0,0,9.5,0.9,5,0.2,0,11.4,0.4,5,0.9,0,15.5,0.4,4,0.8,0,18.8,0.8,12,1,0,19.4,1.1,12,0.8,0,18.7,1.3,11,0.7,0,17.8,0.3,13,0.1,0,16.1,0.2,16,0.4,0,14,0.5,9,0.1,0,11.9,0.3,9,,0,10.4,0.4,6,,0,8.7,0.3,8,,0,7.7,0.1,16,,0,7.2,0,16,,0,6.2,0.1,16,,0,5.7,0,16,,1,0,6.1,0,16,,0,5.1,0,16,,0,5.5,0.3,8,,0,5.1,0.1,16,,0,4.6,0,16,,0,5.2,0.6,8,0,0,6.1,0.3,6,0,0,7.2,0.9,5,0,0,8.6,0.8,5,0,0,10.3,0.4,3,0.1,0,12.2,0.4,5,0.1,0,14.1,0.9,6,0,0,14.7,0.2,16,0,0,15.2,0.5,3,0,0,14.9,0.6,10,0,0,14.2,0.4,10,0,0,13.6,0.6,9,0,0,13.7,1.5,14,,0.5,12.8,0.7,8,,1,12.6,0,16,,0.5,12.6,0.1,16,,0,12.8,0.7,0,,1,12.9,0.8,1,,0.5,12.8,0.6,7,,1,1,12.9,0.1,16,,0.5,13.1,0.3,2,,0.5,13.2,0.6,6,,1,13.2,0.4,14,,1.5,13.1,0.1,16,,1.5,13.3,0.4,7,0,3,13.5,0.2,16,0,1.5,13.7,0.1,16,0,3.5,13.8,0.5,15,0,1.5,14.4,0.2,16,0,1.5,14.8,1.1,6,0,1,14.6,0.2,16,0,5,14.6,0.1,16,0,0.5,14.7,0.2,16,0,4.5,14.5,0.1,16,0,4,14,0.1,16,0,2.5,13.7,0.4,6,0,1,13.1,0.4,6,,1.5,12.8,0.3,6,,0.5,12.7,0.2,16,,0,12.5,0.2,16,,0.5,12.2,0.1,16,,0,12,0,16,,0,11.9,0,16,,1,0,11,0.2,16,,0,10.3,0.5,8,,0,9.8,0.8,8,,0,9.4,0.2,16,,0,8.8,0.2,16,,0,8.1,0.8,9,0,0,7.9,0.2,16,0,0,8.6,0.5,9,0,0,9.4,0.8,7,0,0,10.4,1.7,3,0,0,11.2,1.6,2,0,0,11.2,2,15,0,0,12.1,1.6,15,0.3,0,11.8,0.9,15,0.1,0,11,1.5,0,0,0,10.5,0.7,15,0,0,9.1,0.1,16,0,0,6.9,0.2,16,,0,5.8,0.1,16,,0,5.1,0.1,16,,0,4.4,0.2,16,,0,4.2,0.1,16,,0,3.9,0.1,16,,0,3.3,0.4,9,,1,0,2.7,0.1,16,,0,2,0,16,,0,0.8,0,16,,0,1.3,0,16,,0,0.9,0,16,,0,0.8,0.1,16,0,0,1.4,0,16,0,0,2.5,0.4,5,0,0,5.4,0.5,3,0.7,0,9.2,0.3,3,1,0,12.9,0.8,4,1,0,15.2,0.7,8,1,0,14.9,0.7,9,1,0,15.9,0.6,13,1,0,15.6,0.5,10,1,0,12.2,0.6,10,1,0,10.4,0.4,0,0.1,0,8.2,1,9,,0,6.5,0.5,9,,0,5.5,0.3,6,,0,4.8,0,16,,0,3.9,0,16,,0,2.9,0,16,,0,2.8,0,16,,1,0,3.4,0,16,,0,2.8,0.2,16,,0,2.1,0,16,,0,1.8,0,16,,0,2.1,0.4,9,,0,2.2,0.4,7,0,0,2.8,0.8,6,0,0,3.2,0.8,8,0,0,4.7,0.6,3,0,0,7,1,4,0.3,0,11.6,0.4,3,0.7,0,14.4,0.9,3,0.8,0,16.7,1.1,13,0.5,0,17.8,1.1,13,1,0,16.9,0.9,12,0.7,0,15.4,0.1,16,0.8,0,12,1,9,0.1,0,10.2,0,16,,0,9,0,16,,0,7.8,0,16,,0,7,0,16,,0,6.6,0,16,,0,7,0,16,,0,7,0,16,,1,0,6.7,0.2,16,,0,6.5,0.5,9,,0,6.5,0.3,8,,0,6.4,0.6,8,,0,6.3,0.5,6,,0,5.8,0.8,7,0,0,5.9,1,7,0,0,6.3,0.3,5,0,0,7.5,0.4,4,0,0,9.6,0.7,6,0.3,0,12.8,1,0,1,0,17.2,0.3,2,1,0,19.6,1,12,1,0,20.3,1,13,1,0,19.3,0.7,12,1,0,17.4,0.4,13,0.9,0,13.2,0.3,10,0,0,10.9,0.4,9,,0,9.6,0,16,,0,8.6,0.1,16,,0,7.7,0.2,16,,0,6.4,0,16,,0,6.1,0.1,16,,0,5.5,0,16,,1,0,5.8,0.1,16,,0,5.3,0,16,,0,5.1,0.1,16,,0,4.8,0.2,16,,0,4.3,0.4,10,,0,4,1.1,9,0,0,4.3,0.8,8,0,0,5.5,0.3,4,0,0,7.8,0.6,3,0.1,0,9.8,0.5,4,0.8,0,14.4,0.5,4,1,0,18.1,0.9,1,1,0,22.3,1.2,12,1,0,22.6,1.9,12,1,0,21.8,1.2,12,1,0,18.7,0.4,13,0.5,0,14,0.7,9,0,0,12.7,0.9,9,,0,11.2,0.1,16,,0,10.3,0.2,16,,0,9.5,0.5,7,,0,9.6,0.2,16,,0,9,0.3,11,,0,8.3,0.1,16,,1,0,8.1,0.2,16,,0,7.5,0,16,,0,6.9,0.1,16,,0,7.1,0.4,7,,0,6.6,0.4,14,,0,6.7,0.4,4,,3.5,8.8,1.1,0,0,0,14.1,0.9,12,0,0,14.7,0.8,10,0.2,0,14.3,2.9,12,0.3,0,14.1,1.6,11,0.2,0.5,11.3,0.9,11,0,1,10.8,0.3,14,0,0,11.3,0.8,12,0,0,11.4,0.8,12,0.1,0,10.2,1.5,11,0.1,0.5,8.7,1.8,12,0,0,8.8,0.9,11,,1,7.8,1.3,11,,0,7,0.8,10,,0,7.3,0.9,11,,0,7.2,1.2,11,,0,7.2,0.6,11,,0,7.6,1.7,12,,1,0.5,6.6,0.9,11,,0,6,0.7,11,,0,6.2,1.1,13,,0.5,5.3,0.7,12,,0,5.5,1.4,12,,0,5.1,0.6,13,,0,5,0.5,13,0,0,5.5,0.3,6,0,0,6.8,1.6,12,0.4,0,9.3,1.5,12,0.8,0,9.6,1.3,14,0.7,0,9.5,1.4,12,0.4,0.5,8.3,1.5,12,0.5,0,8.2,1.5,13,0.6,0,5.6,1.9,13,0.3,0,6.7,0.9,12,0.5,0,6.1,0.7,7,0,0,5.8,1.1,11,,0.5,5.5,0.5,11,,0,5.4,1.2,12,,0,5.6,1.1,12,,0.5,5.6,0.8,12,,0,5.9,1.3,12,,0,6.5,0.9,10,,1,0.5,6.4,0.4,13,,0,7.5,1.6,12,,0,8.4,2.8,12,,0,8.2,2.5,12,,0,8.8,2,12,,0,8.7,2.4,12,,0,8.8,1.8,13,0.3,0,10.5,2.1,12,0.9,0,11.8,2.4,12,0.8,0,12.8,3,13,1,0,13.2,2.3,13,0.9,0,13.3,2.5,12,0.6,0,13.7,2.2,13,0.7,0,13.6,2.3,12,0.9,0,12.4,2.1,13,0.7,0,11.4,2,12,0.3,0,10.6,2.2,12,0,0,10.7,1.5,11,,0,10.3,0.7,7,,0,8.2,1.1,12,,0,6.3,0.1,16,,0,5.4,0.2,16,,0,4,0.5,15,,0,3.2,0,16,,1,0,2.8,0,16,,0,1.7,0,16,,0,2.5,0,16,,0,2.3,0,16,,0,2.2,0,16,,0,2.1,0,16,,0,3,0,16,0.1,0,4.4,0.1,16,0.2,0,6.5,0.2,16,0.3,0,10,0.6,14,0.8,0,14.3,1.1,15,1,0,16.5,1.4,12,0.9,0,17,1.2,13,0.9,0,17.5,1,12,1,0,17,0.9,12,1,0,15,0.6,13,0.8,0,11.1,0.6,11,0,0,9.4,0.3,8,,0,7.4,0,16,,0,6.5,0.1,16,,0,5.8,0.3,10,,0,4.4,0,16,,0,4.5,0,16,,0,4.5,0.1,16,,1,0,4.4,0.1,16,,0,4.1,0,16,,0,4,0.1,16,,0,4.3,0.5,9,,0,4.4,0.6,7,,0,4.3,0.5,8,,0,3.9,0.7,7,0,0,4,0.7,5,0,0,4.7,0.5,4,0,0,6.3,1.1,5,0,0,8,0.7,0,0.6,0,12.4,0.4,13,1,0,16.3,0.7,9,1,0,17.5,1.1,13,1,0,16.7,0.2,16,1,0,14.2,0.4,11,0.7,0,10.9,0.3,12,0,0,9.4,0.9,9,,0,8.2,0.3,14,,0,6.8,0.1,16,,0,6.1,0.3,7,,0,5,0,16,,0,3.9,0,16,,0,3.4,0,16,,1,0,3.2,0.2,16,,0,2.9,0,16,,0,2.3,0.1,16,,0,3,0,16,,0,2.3,0.2,16,,0,1.6,0,16,,0,3.2,0.5,3,0.3,0,5.7,0.5,7,0.3,0,8.6,0.6,7,0,0,9.9,0.1,16,0,0,11.4,0.6,5,0,0,11.7,0.3,3,0,0,11.9,0.3,6,0,0,13,0.5,9,0,0,14.7,0.5,6,0.2,0,13.8,0.4,7,0,0,12.9,0,16,0,0,12.4,0.1,16,,0,12.1,0.1,16,,0,12,0.1,16,,0,12,0.2,16,,0,12.2,0.6,8,,0,12.2,0.3,6,,0,12,0.1,16,,1,0.5,12,0.4,8,,0,11.9,0,16,,3,12,0.7,5,,1,12.1,0,16,,0.5,12.1,0.1,16,,0.5,12.1,0.1,16,,0.5,12.3,0.1,16,0,0.5,12.8,0.4,2,0,0,13.4,0.2,16,0,0.5,14.5,0.1,16,0,0.5,14.6,0.2,16,0,0,16,0.2,16,0,0,16.8,0.3,10,0,0,16.7,0.3,10,0,0.5,17,0.3,13,0,8,16.5,0,16,0,5,16.1,0.3,11,0,0.5,16.9,0.6,13,,11.5,15.8,1.8,12,,2,16.1,0.4,13,,2.5,15.5,1.2,5,,0.5,17,2,10,,8.5,15.3,1.3,12,,5.5,14.1,1.9,12,,1,0.5,12.7,3,12,,0,11.6,2.2,11,,0,11,1.6,12,,0,10.4,1.5,11,,0,10.1,3,12,,0,9.1,1.3,12,,0,9.1,1.8,13,0,1.5,7.1,2.6,11,0,0,8.6,1.9,11,0,0,9.6,2.6,13,0,0.5,7.4,2.9,13,0.3,0,7.5,2.3,13,0,0,8.9,2.3,12,0,0,8.2,2,12,0,0,7.9,3,13,0,0.5,7.4,1.8,13,0,0.5,6.6,1.4,12,0,1,5.2,1.6,11,,0,5.6,1.7,12,,0.5,4.4,0.8,11,,1,4.8,1.1,12,,0,5.4,2.8,12,,1,5,2.3,12,,2,5.2,1.4,11,,1,0.5,6,2.9,12,,0.5,5.7,2.1,12,,0.5,5,2.1,11,,0,7.3,1.9,12,,0,8.1,2.4,12,,0,8,1.3,12,,0,8.5,2.2,12,0.1,0,9.1,2.4,11,0.3,0,11.3,2.8,12,0.7,0,11.9,2.9,12,1,0,10.5,3,12,0.3,0,10.9,3,12,0.5,0,11.9,2.5,12,0.8,0,10.7,2,12,0.3,0,10.5,2.1,12,0.2,0,9.9,1.9,12,0.4,0,8.7,1.7,12,0,0,8.3,1.2,10,,0,7,0.4,8,,0,4,0.3,14,,0,2.5,0.1,16,,0,1.5,0.1,16,,0,2.1,0,16,,0,2.9,0.1,16,,1,0,3,0,16,,0,3.5,0.2,16,,0,3.7,0.1,16,,0,3.4,0,16,,0,2.4,0,16,,0,1.8,0,16,,0,1.9,0,16,0.5,0,5,1.5,5,1,0,7.8,1.2,4,1,0,10,0.5,4,1,0,13.5,0.7,0,1,0,15.5,0.4,15,1,0,16.3,0.9,14,1,0,16.5,0.6,13,1,0,16.2,0.7,15,1,0,12.7,0.5,10,0.6,0,10,0.2,16,0,0,7.8,0.4,10,,0,6.6,0.2,16,,0,5.1,0,16,,0,4.5,0.1,16,,0,3.8,0,16,,0,2.7,0,16,,0,1.6,0,16,,1,0,1.3,0,16,,0,0.8,0,16,,0,0.7,0,16,,0,0.1,0.2,16,,0,0.2,0,16,,0,-0.5,0,16,,0,0.1,0,16,0.3,0,3.5,0.2,16,1,0,6.7,0.7,2,1,0,10.7,0.8,4,1,0,13,0.7,4,1,0,16.9,0.6,3,1,0,18.5,1.1,13,1,0,18.5,1.4,13,1,0,17.2,0.9,13,0.9,0,15.1,0.1,16,0,0,13.1,0.1,16,0,0,13.2,0.8,8,,0,12.7,0.9,15,,0,12,0.6,1,,0,11.2,0,16,,0,10.8,0.5,13,,1.5,10.9,0.6,11,,0.5,10.4,0.5,3,,1,0,9.9,0,16,,0,9.3,0.6,15,,0,8.1,0.3,13,,0,6.6,0.3,11,,0,7.1,0.9,14,,0,5,0.4,13,,0,6.3,0.6,14,0.3,0,8,0.7,13,1,0,8.7,2,14,0.9,0,9.4,1.2,14,0.5,0,8.8,1.2,11,0.7,0,10.3,2.1,11,0.9,0,9.8,2.1,13,1,0,7.9,1.8,12,0.8,0,7,1.6,12,0.1,0,6.5,1.2,12,0,0,6,1.5,12,0,0,5.9,0.9,10,,0,5.6,0.6,10,,0,6.2,1,11,,0,6.9,1.1,12,,0,7,0.8,11,,0,7.6,1.7,12,,0,7.4,1.7,12,,1,0,7.4,1.4,12,,0,7.1,0.6,12,,0,7.4,1,14,,0,7.2,0.8,12,,0,7.3,1.2,10,,0,7.4,1.5,11,,0,7.3,0.6,6,0.2,0,9.2,1.5,11,0.8,0,10.6,1.2,13,0.9,0,10.4,2.8,12,0.5,0,12.5,2.1,12,0.8,0,12.5,2.4,12,0.7,0,12.3,1.3,12,0.7,0,13.1,1.7,12,1,0,11.9,1.5,12,0.8,0,10.4,0.7,12,0.4,0,8.7,0.4,12,0,0,6.2,0.3,9,,0,5.5,0,16,,0,5.4,0.4,12,,0,5.3,0.3,14,,0,4.5,0.2,16,,0,4.4,0,16,,0,4.2,0,16,,1,0,4.2,0.3,11,,0,3.3,0,16,,0,2.4,0.7,5,,0,2.4,0,16,,0,1.4,0,16,,0,1.2,0.1,16,,0,1.5,0,16,0,0,3.7,1.2,6,0,0,5.9,1.3,6,0,0,8.3,1.1,5,0.8,0,10.6,0.2,16,0.2,0,11.3,0.7,6,0,0,11.9,0.6,5,0,0,11.9,0.3,2,0,0,11.9,0.3,5,0,0,11,0.2,16,0,0,10.1,0.2,16,0,0,9.4,0.4,10,,0,9.1,0.5,9,,0,8.7,0.3,8,,0,8.7,0.1,16,,0.5,8.7,0.3,8,,0,8.7,0.3,10,,2,8.9,0.1,16,,1,4,8.8,0.5,7,,0.5,11.8,1.5,13,,0,12.2,1.8,10,,0.5,11.1,1.3,12,,0,11.3,1.7,12,,0.5,10.5,1.9,12,,0,10.5,2.2,12,0,0,11.6,1.7,12,0.5,0,11.6,1.6,12,0.4,0,11.7,1.8,12,0.8,1.5,10.2,2,12,0.1,0,10.4,1.7,13,0.2,0,10.7,1.4,10,0,0,11.2,0.8,12,0,0,10.4,1.2,12,0,0,10.6,0.4,9,0,0,8.8,0.9,11,0,0,6.4,0.5,6,,0,6,0.7,14,,0,5.8,0.4,13,,0,5,0.1,16,,0,3.7,0.2,16,,0,3,0.3,2,,0,3.2,0.2,16,,1,0,3.4,0.3,4,,0,3,0.6,3,,0,2.8,0.4,9,,0,2.7,0.8,4,,0,2.3,0.9,3,,0,2.1,0.6,4,,0,2,1,5,0,0,2.1,0.8,3,0,0,2.7,0.9,6,0,0,5,0.7,3,0.1,0,8.2,0.4,6,1,0,11.8,0.8,14,1,0,13.9,1.1,14,1,0,14.9,1,12,1,0,14,0.7,13,1,0,11.2,0.6,11,0.3,0,8.5,1.1,9,0,0,6.7,0,16,,0,5.5,0.1,16,,0,4.2,0,16,,0,3.5,0,16,,0,2.9,0,16,,0,3,0,16,,0,2.2,0.8,8,,1,0,1.6,0,16,,0,1.5,0.5,7,,0,1.6,0,16,,0,1.2,0.3,5,,0,1.2,0.8,6,,0,0.8,0.2,16,,0,1.3,0.3,14,0,0,1.8,0.8,7,0,0,4.2,0.5,5,0.5,0,7.7,0.8,5,0.9,0,10,0.5,7,0.9,0,13.2,0.2,16,0.4,0,13.5,0.4,1,0,0,13.4,0.5,14,0,0,14.2,0.3,9,0,0,15.5,1.1,7,0.1,0,15.3,1.2,9,0,2.5,12.2,2.5,11,,1,11.7,1.4,8,,0,11.9,2,8,,3,10.2,0.9,8,,0,9.7,0.6,1,,0,10.9,1.8,12,,1,9.7,0.9,13,,1,0,10.3,0.8,9,,0,9.9,2.3,12,,1.5,8.3,1.1,11,,0,7.6,0.5,12,,3.5,6.9,0.9,9,,3,7,1.6,12,,3,7.3,1,11,0,1.5,6.9,1.4,12,0,3,5.7,2.6,12,0,1.5,5.3,1,12,0,1.5,4.2,1.6,11,0,2.5,3.8,0.8,12,0,2,2.3,1.3,12,0,1.5,2.3,2,12,0,0.5,2.7,1.7,12,0,1,2.1,2.3,12,0,1.5,2.5,2.3,12,0,0.5,2.4,2,12,,0.5,3.1,1.5,12,,0,3.6,2.1,12,,0,3,2.5,12,,0,3.1,1.5,12,,0.5,1.7,1,13,,0.5,3,2.2,12,,1,0,2,1.2,12,,1,2.2,0.7,12,,0.5,2.3,1.1,12,,0,3.5,1.7,12,,0,4.2,2.5,13,,0,3.9,2,12,,0,4.2,2.3,12,0,0.5,3.8,2.3,13,0,0,3.9,2.1,12,0,0,4.9,2,12,0,0,4.6,1.6,12,0,0,5.2,1.8,13,0,0,4,1.5,13,0,0,4.4,0.9,12,0,0,4.6,1.2,12,0,0,5.1,2,11,0,0,4,1.3,12,0,0,4.5,1.3,12,,0,4,1,12,,0,3.6,1.5,12,,0,1.7,0.7,12,,1.5,0.5,0.9,5,,0,0.5,0.6,8,,0,0.9,0.4,15,,1,0,1,0.2,16,,0.5,1.3,0.9,11,,0.5,1,0.5,11,,0,1.1,0.3,5,,0,1,0.1,16,,0.5,1.2,0.9,9,,0,2,1.6,13,0,1,1.5,0.8,12,0,0,1.4,1.9,12,0,0,2.1,1.2,12,0,0,2.2,1.2,12,0,0.5,2.1,1.6,12,0,0.5,1.4,0.6,12,0,0.5,2.1,0.9,12,0,0.5,2.1,1.9,12,0,0,2.3,1.7,12,0,0,2.4,1.4,11,0,0,2.8,1.2,11,,0,3.1,0.7,12,,0,3.1,0.7,11,,0,2.8,0.9,10,,0,2.9,0.4,10,,0,3.5,0.6,11,,0,2.9,0.2,16,,1,0.5,3.2,0.4,9,,0,2.8,0.4,3,,0,2.8,0.1,16,,0,2.5,0,16,,0,2.6,0,16,,0,2.4,0.1,16,,0,2.5,0.1,16,0,0,2.9,0.1,16,0,0,3.3,0.1,16,0,0,5.4,0.3,15,0,0,7.1,1.5,11,0,0,7.1,0.8,11,0,0,7.2,0.7,11,0,0,7.9,0.8,11,0.1,0,7.1,0.4,10,0,0,6.7,0.5,12,0,0,5.8,0.8,10,0,0,6,0.4,10,,1.5,4.6,1.3,11,,0.5,3.3,0.1,16,,0,3,0.2,16,,0,3.2,0,16,,0,2.4,0,16,,0,1.7,0,16,,1,0,1.3,0.5,15,,0,0.4,0,16,,0,-0.8,0,16,,0,-0.8,0,16,,0,-1.6,0,16,,0,-1.6,0,16,,0,-1.3,0,16,0.1,0,-0.4,0,16,0.2,0,0.7,0,16,0,0,2.2,0.3,3,0.2,0,3.7,0.4,9,0,0,5.7,0.3,11,0.2,0,7.3,0.2,16,0.3,0,8.1,0.3,11,0,0,7.5,0.2,16,0,0,7,0.1,16,0,0,6.4,0,16,0,0,6.5,0.2,16,,0,5.3,0.4,9,,0,4.8,0.1,16,,0,4.1,0.1,16,,0,3.4,0,16,,0,3.6,0.3,10,,0,3.4,0,16,,1,0,3.4,0,16,,0,3.6,0.3,7,,0,3.6,0.1,16,,0,3.1,0,16,,0,3.4,0.4,14,,0,3.5,0,16,,0,3.6,0,16,0,0,4,0.3,2,0,0,4.5,0.8,7,0,0,5.8,1,4,0.1,0,8,1.3,12,0.7,0,9.1,1.2,12,0.4,0,9.3,1.5,12,1,0,8.9,0.9,9,1,0,7.5,0.9,11,0.4,0,6.9,0.4,13,0,0,4.6,0.1,16,0,0,3.3,0.2,16,,0,3.2,0.5,13,,0,2.5,0.6,8,,0,2.4,0.3,14,,0,2.1,0.2,16,,0,2.2,0,16,,0,1.6,0,16,,1,0,1.6,0,16,,0,0.5,0,16,,0,0.3,0,16,,0,0.6,0,16,,0,0.8,0,16,,0,1,0,16,,0,0.4,0,16,0,0,1.1,0.2,16,0.1,0,4.1,0.2,16,0.7,0,6.9,0.7,13,0.9,0,7.3,0.8,13,0.2,0,8.4,1.6,12,0.2,0,7.1,1.3,13,0,0,6.4,1.1,12,0,0,5.7,0.2,16,0,0,4.6,0.2,16,0,0,3.5,0.2,16,0,0,1.7,0.1,16,,0,0.1,0,16,,0,-0.1,0.3,14,,0,-1.1,0,16,,0,-1.2,0,16,,0,-1.2,0,16,,0,-1.3,0,16,,1,0,-1.6,0,16,,0,-2.1,0,16,,0,-2.4,0,16,,0,-2.7,0,16,,0,-2.6,0,16,,0,-2.8,0,16,,0,-3.1,0,16,0,0,-1.5,0,16,0.7,0,1.4,0.9,5,1,0,2.9,0.7,3,0.9,0,5.1,0.9,3,0.9,0,7.8,0.8,0,1,0,9.7,0.8,0,1,0,10.3,0.4,11,0.5,0,9.4,0.4,11,0.4,0,7.8,0.3,11,0,0,4.8,0.1,16,0,0,3,0.2,16,,0,1.3,0.2,16,,0,0.4,0,16,,0,-0.5,0,16,,0,-1,0,16,,0,-1.7,0,16,,0,-1.7,0,16,,1,0,-1.9,0,16,,0,-2.1,0,16,,0,-2.3,0,16,,0,-3.1,0.7,6,,0,-2.4,0.4,9,,0,-2.8,0,16,,0,-2.9,0,16,0.1,0,-0.6,0.4,3,1,0,1.6,0.2,16,0.9,0,5,1.2,4,0.7,0,6.9,0.6,3,1,0,10,0.4,3,1,0,11.3,0.8,15,0.8,0,12.4,0.2,16,0.4,0,12.3,0.2,16,0.3,0,9.9,0.5,10,0,0,7,0.7,9,0,0,5.1,0.1,16,,0,3.4,0.2,16,,0,2.2,0.1,16,,0,1.5,0,16,,0,0.7,0,16,,0,0,0,16,,0,-0.3,0,16,,1,0,-0.7,0,16,,0,-0.6,0,16,,0,-0.6,0,16,,0,-1,0,16,,0,-0.1,0,16,,0,0.6,1.1,5,,0,1.2,1.1,8,0,0,2.3,0.7,0,0,1,3.1,0.1,16,0,2,4.4,0.4,3,0,1.5,5.2,0.1,16,0,0,8.2,0.5,6,0.4,0,9.5,0.1,16,0.4,0,10.4,0.8,9,0.4,0,10.3,0.5,8,0.8,0,9,0.3,9,0.1,0,7.6,0.3,15,0,0,9.3,0.6,11,,0.5,8.7,0.3,4,,0.5,8.4,0.5,0,,0,8.1,0.1,16,,0.5,7.9,0.1,16,,0,8.2,0.1,16,,0.5,8.2,0,16,,1,0,7.8,0,16,,0,7.3,0,16,,0,6.9,0.4,9,,0,6.6,0.1,16,,0,6.2,0.2,16,,0,5.5,0.2,16,,0,5.3,0.1,16,0,0,4.9,0.3,14,0,0,5.5,0.4,5,0,0,6.5,0.3,8,0.2,0,9.5,1,8,1,0,10.7,0.6,12,0.9,0,10.4,1.9,12,0.9,0,9.9,1.2,12,1,0,8.6,1.2,11,1,0,7,1.1,4,0.2,0,5.3,0.7,9,0,0,2.5,0.6,10,,0,0.7,0,16,,0,-0.1,0,16,,0,-1.1,0,16,,0,-1.3,0,16,,0,-1.5,0,16,,0,-1.4,0,16,,1,0,-1.1,0,16,,0,-1.3,0,16,,0,-1.3,0,16,,0,-1.4,0,16,,0,-1.5,0,16,,0,-1.3,0,16,,0,-1.3,0,16,0,0,-0.7,0,16,0,0,1.3,1.1,5,0.8,0,3.2,1.1,4,1,0,6.4,0.4,1,1,0,9.2,1,15,1,0,10.7,0.8,13,1,0,10.8,1,13,1,0,10.6,1.2,12,1,0,8.5,0.2,16,0,0,7.4,0.1,16,0,0,6.2,0.1,16,,0,5.4,0.1,16,,0,5.1,0.5,9,,0,5.3,0.5,14,,3.5,5.5,1.4,4,,3,5.8,1,11,,1.5,5.8,0.3,13,,1,0,5.9,0.3,11,,0,6,0.4,8,,0,5.1,0,16,,0,4.8,0.5,4,,0,4.5,0.4,4,,0,4.3,0.5,5,,0,3.7,0.7,4,0,0,3.7,0.9,5,0,0,3.6,1.1,4,0,0,4.6,0,16,0,0,6.7,0.3,1,0.3,0,7.7,1.1,2,0.8,0,8.6,2,4,0.2,0,8.8,1.8,3,0,0,8.1,1,3,0,0,7,1.9,3,0,0,5.5,0.9,3,0,0,4.3,1.1,3,,0,4.4,1.2,3,,0,3.2,0.9,3,,0,0.5,0.9,10,,0,-0.4,0.9,9,,0,-0.9,0.4,9,,0,-1,0.3,10,,1,0,-1,0.2,16,,0,-1.3,0.3,10,,0,-1.4,0.1,16,,0,-1,0.9,9,,0,-0.8,0.8,9,,0,-0.5,0.6,11,,0,0.2,0.5,10,0,0,2,0.2,16,0.3,0,5.3,0.2,16,0.7,0,8,1.9,4,0.4,0,9,3.2,4,0.3,0,9.3,2.8,4,0.1,0,9.5,2.9,4,0,0,9,2.8,4,0,0,8.6,1.9,4,0,0,8.2,1.6,4,0,0,7.7,2,4,0,0,7.7,3.1,4,,0,7,1.4,4,,0,6.5,1.3,4,,0,5.3,0,16,,0,5.1,0.5,9,,0,5.2,0.5,11,,0,5.2,0.1,16,,1,0,5,0.4,10,,0,5,0.3,10,,0,4.7,0,16,,0,4.6,0,16,,0,4.6,0.3,7,,0,3.9,0.1,16,,0,4.1,0.2,16,0,0,5.8,0.1,16,0.4,0,7.8,0.3,2,1,0,10,0.4,9,1,0,12.3,0.8,5,1,0,13.5,1.5,3,1,0,14.2,0.3,0,1,0,14.4,0.5,12,1,0,13.1,1.3,12,0.9,0,11.7,1.4,12,0,0,10,0.3,2,0,0,8.4,0.3,11,,0,6.6,0.1,16,,0,6.8,0.2,16,,0,6.6,0.1,16,,0,6.6,0.1,16,,0,6.4,0.1,16,,0,6.3,0,16,,1,0,6.2,0,16,,0,6.4,0.1,16,,0,6,0.6,8,,0,5.9,0.3,0,,0,4.5,0.1,16,,0,4,0.8,9,,0,3.2,0,16,0,0,4.2,0.6,6,0,0,6.8,0.3,3,0.2,0,8.9,0.2,16,0.5,0,10.9,1,4,0.8,0,12.2,0.6,15,0.2,0,12.9,0.7,2,0,0,13.1,0.5,0,0.2,0,12.6,0.2,16,0.3,0,10.5,0.3,12,0,0,8.8,0.3,12,0,0,8.6,0,16,,0,7.5,0.1,16,,0,7.1,0.1,16,,0,7.3,0.3,14,,0,7.4,0.6,7,,0,7.5,0,16,,0,7.5,0.5,5,,1,0,7.1,0.1,16,,0,7.3,0.2,16,,1,7.3,0,16,,1.5,7.2,0.3,7,,0.5,7.4,0,16,,1,7.4,0,16,,0.5,7.5,0,16,0,2,7.7,0.2,16,0,2,8.1,0.4,4,0,1.5,8.6,2,6,0,1,8.8,0.8,10,0,0,9.8,0.5,11,0,0,11.5,0.8,8,0,0,11.6,0.5,10,0,0,11,0.3,6,0,0,10.8,0,16,0,0,10.5,0,16,0,0,11.3,1.2,3,,0,10.6,2.5,3,,0,10.3,2.1,3,,0,10,0.9,3,,0,9.4,0.8,3,,0,7.4,0.3,10,,0,7.4,0.1,16,,1,0,7.7,0.3,8,,0,7.8,0.8,11,,0,7.4,0.6,10,,0,7.1,0.1,16,,0,6.9,0.5,8,,0,6.9,0.1,16,,0,6.4,0.3,9,0,0,7.3,0.4,9,0,0,8.6,0.1,16,0,0,10.6,0.4,4,0.2,0,12.1,1,3,1,0,13.6,1.4,6,1,0,13.8,1.1,6,1,0,13.7,0.9,6,0.4,0,13,0.5,8,0,0,11.6,0.2,16,0,0,11.4,1.1,3,0,0,10.7,0.6,2,,0,9,0.4,8,,0,8.4,0.2,16,,0,8.4,0.2,16,,0,8.3,0.3,10,,0,8.2,0.4,11,,0,8.1,0.4,10,,1,0,8.1,0.3,14,,0,8.1,0,16,,0,8.1,0.3,11,,0,8.3,0.3,11,,0,8.1,0.2,16,,0,8.3,0.2,16,,0,8.3,0.4,9,0,0,9.1,0.6,10,0,0,10.1,0.5,10,0,0,11.3,0.3,13,0,0.5,11.4,0.7,12,0,0,11.5,0.5,13,0,4,11.5,0.7,14,0,3.5,11.5,0,16,0,2.5,11.7,1.5,3,0,2,12.1,2.8,12,0,2,10.4,1.6,11,0,0,10.1,0.9,11,,0.5,9.8,0.9,11,,1,9.4,2.9,12,,0.5,8.1,1.3,11,,0,7.6,1.4,11,,0,6.8,1.5,11,,1,5.5,1.3,11,,1,2,4.5,1,11,,3,3.3,1.4,12,,2.5,2.2,0.8,12,,2.5,1.1,1.5,12,,1.5,0.9,2.4,12,,0,1.3,1.4,12,,0.5,0.9,0.8,12,0,0.5,0.2,0.8,11,0,1,0.5,1.7,11,0,0,0.5,1.3,12,0,0.5,1,0.4,10,0,0.5,1,1.4,11,0,0.5,0.9,2.8,12,0.1,0.5,0.6,1,11,0,0.5,0.2,2.4,12,0,1.5,0,1.7,12,0,1,0.2,1.8,12,0,1,-0.2,1.9,13,,0.5,-0.1,1.5,11,,1,0.2,1,12,,1,-0.4,2.3,11,,0.5,-0.5,1.5,12,,0.5,-0.5,1.5,11,,1,-0.8,0.7,7,,1,0,-0.7,0.8,8,,0,-0.8,0.6,8,,0,-0.9,0.3,8,,0.5,-0.7,0.4,9,,0.5,-0.7,0.1,16,,1,-0.6,0,16,,0.5,-0.7,0,16,0,0,-0.6,0,16,0,0.5,-0.2,,,0,0.5,0.2,,,0,0,1.1,,,0,0,1.4,0.5,11,0,0,2,0.4,10,0.1,0,1.6,0.7,9,0,0,1.2,0.5,14,0,0.5,1,0.4,14,0,2,0.6,0.4,12,0,2,1,0.3,9,,1,1.4,0.4,12,,0.5,1,0.2,16,,0,1.2,0.5,11,,0,0.6,0,16,,0,0.6,0.2,16,,0,0.6,0.2,16,,1,0,0.5,0.3,2,,0.5,0.5,0.6,6,,0.5,0.5,0,16,,1,0.3,0,16,,1.5,0.3,0,16,,1,0.3,0,16,,0.5,0.4,0,16,0,0.5,0.4,0,16,0,0,0.5,,,0,0.5,0.6,,,0,0,1.1,0.2,16,0,0,1.4,0,16,0,0,1.4,0.2,16,0,0,1.8,0.2,16,0,0,1.6,0.4,7,0,0,1.2,0.4,1,0,0,0.6,0.4,0,0,0,0.4,0.2,16,,0,0.3,0,16,,0,-0.1,0,16,,0,-0.1,0.2,16,,0,0,0.2,16,,1,0.3,0,16,,0,0.3,0,16,,1,1,0.2,0,16,,1.5,0.3,0,16,,0,0.3,0,16,,2,0.3,0,16,,0,-0.2,0,16,,0,-0.6,0,16,,0,-1.8,0,16,0,0,-1.7,0,16,0,0,-0.6,,,0,0,-0.4,,,0.1,0,0.1,,,0.2,0.5,0.3,1.1,13,0,0,0.5,0.6,10,0,0,-0.1,0.8,11,0,0,-0.4,0.6,12,0,0,-0.6,0.4,10,0,0,-0.8,0.1,16,0,0.5,-1.3,0.9,11,,0,-1.6,1.4,11,,0,-1.5,0.8,13,,0,-2.2,0.8,12,,0.5,-2.2,1.6,12,,0,-2,0.7,11,,0.5,-2.7,1.6,13,,1,0,-2.4,1,12,,0,-2.5,0.5,9,,0,-2.5,0.8,12,,0,-2.6,0.6,13,,0.5,-3.3,0.1,16,,2.5,-3.2,0.1,16,,0.5,-3,0,16,0,1.5,-2.8,0,16,0,0.5,-2.1,1.3,11,0,1,-2.2,0.5,12,0,0.5,-1.1,1.2,11,0,0.5,-1.2,1.3,12,0,0.5,-1.2,2.1,12,0,0.5,-2.1,1.3,11,0,1,-2.1,1.1,12,0,1.5,-1.9,1.1,12,0,0,-2.5,0.6,12,0,1.5,-2.7,1.4,12,,0.5,-2.7,0.7,11,,0.5,-2.7,1.2,12,,0,-3.3,1.2,12,,1,-3.3,0.9,12,,0.5,-3.5,1.6,12,,0,-3.5,0.3,11,,1,1,-3.4,0,16,,0.5,-4,0,16,,1,-3.3,0.1,16,,1,-3,0,16,,0,-4.4,0,16,,0,-5.3,0,16,,0,-5.6,0,16,0,0,-5.6,0,16,0,0,-4.3,,,0,0,-2.3,,,0.3,0,-1.4,,,1,0,-0.3,0.6,4,1,0,-0.7,0.4,3,0.4,0,-0.4,0.1,16,0.1,0,0,0,16,0.4,0,-0.3,0.6,15,0,0,-1,0.4,2,0,0,-1.1,0.5,7,,0,-1.2,0,16,,0.5,-1.5,0.7,4,,0,-1.8,0,16,,0,-1.7,0,16,,0.5,-1.7,0,16,,0,-2,0,16,,1,0.5,-2.6,0,16,,0.5,-2,0,16,,0.5,-1.9,0,16,,0,-2.1,0,16,,1.5,-1.9,0,16,,0.5,-1.8,0,16,,0.5,-1.7,0,16,0,0.5,-1.5,0,16,0,0,-1.2,,,0,0,-0.3,,,0,0,0,,,0,0,0.5,,,0,0,0.6,,,0,0,1.2,0.8,15,0,0,0.9,0.4,0,0,0,0.2,0.5,0,0,0,-1.5,0.3,10,0,0,-2.8,0,16,,0,-2.4,0,16,,0,-2,0,16,,0,-1.5,0,16,,0,-1.4,0.8,6,,0,-1.6,0.1,16,,0,-1.9,0,16,,1,0,-1.5,0.6,8,,0,-1.4,0.4,7,,0,-1.5,0,16,,0,-2,0,16,,0,-2.2,0,16,,0,-1.9,0.7,5,,0,-1.9,0,16,0,0,-2,0.1,16,0,0,-1,0.5,7,0,0,-0.4,0.4,3,0,0,-0.1,0.4,5,0.3,0,0.4,0.2,16,0.3,0,0.5,0.4,10,0,1,0.4,0.2,16,0,2,0.4,0,16,0,0,0.6,0.8,12,0,0,0.5,0.3,15,0,0.5,0.2,0,16,,0,-0.2,,,,0,-0.2,,,,0,-0.4,,,,0,-0.4,,,,0,-0.5,,,,0,-0.3,,,,1,0,-0.2,,,,0,0.1,,,,0,0.2,,,,0,-1,,,,0,-1.3,,,,0,0.2,,,,0,-1.4,,,0,0,-0.6,,,0,0,-0.9,,,0,0,0.6,,,0.3,0,1.7,0.4,12,0.1,0,2.3,0.8,11,0,0,2.8,0.8,8,0.2,0,2.2,0.5,8,0,0,1.7,0.8,8,0,0,0.9,0.3,8,0,0,-0.1,0,16,0,0,-0.4,0,16,,0,-1.1,0,16,,0,-3.2,0,16,,0,-3.1,0,16,,0,-3.3,0,16,,0,-3.8,0,16,,0,-3.6,0,16,,1,0,-3,0.4,9,,0,-2.2,0.8,12,,0,-1.7,1,6,,0,-1.7,0.3,8,,0,-1.1,0.2,16,,0.5,-0.9,0,16,,0.5,-0.2,0,16,0,2.5,-0.1,0,16,0,3,0.3,0,16,0,5,0.4,0.9,14,0,4.5,1.1,0.2,16,0,3.5,3.2,0.6,12,0,2,3.9,0.7,14,0,2.5,3.9,0.8,9,0,1,3.7,0.2,16,0,0.5,3.7,0.7,11,0,0.5,3.6,1.5,12,0,0,2.7,0.3,10,,0,2.9,1.5,12,,0,2.3,0.8,11,,0,3.1,1.5,11,,0,2,2,13,,0,2.2,1.3,13,,0,2.9,1.7,12,,1,0,2.5,2.1,12,,0,2,1.5,12,,0,0.7,1,11,,0,0.9,1.6,12,,0,0.4,0.2,16,,0,-0.2,0.3,7,,0,-0.4,0.6,11,0,0,-0.2,1,12,0,0,-0.4,1.5,12,0,0,0.4,1.3,11,0.4,0.5,0,1.4,11,0,0.5,1,0.2,16,0.1,0.5,0.4,0.9,12,0,0,0.3,0.5,11,0,1,0.3,0.7,12,0,0.5,-0.6,0.8,11,0,0,-0.6,0.3,11,0,0,-2.1,0.1,16,,0,-1.6,0.2,16,,0,-1.5,0.5,6,,0,-2.1,0,16,,0,-1.9,0.5,15,,0,-2.3,0,16,,0,-2.1,0.1,16,,1,0.5,-2.1,0,16,,0.5,-2.2,0,16,,1,-1.9,0,16,,0.5,-2,0,16,,0,-2.1,0,16,,0,-1.9,0,16,,0.5,-2,0,16,0,0,-1.9,0,16,0,0,-2,0,16,0,0,-1.7,,,0,0.5,-1.4,,,0,0,-1,,,0,0,-1.3,,,0,0,-1.2,,,0,0,-1.6,,,0,0.5,-2.2,0.7,11,0,0,-2.6,0.8,12,0,0,-3,0.5,10,,0,-2.9,1.2,12,,0,-3.2,0.2,16,,0.5,-3.3,0.7,12,,0.5,-3.2,0.8,12,,1,-3.6,0.7,12,,0.5,-3.5,1,12,,1,0,-3.6,1.2,12,,1,-3.7,1.1,12,,0.5,-4,1.4,12,,0.5,-4.1,1.2,11,,0,-4.5,0.7,12,,0,-4.4,0.5,11,,0,-6.3,0,16,0,0.5,-5.1,1,12,0,1.5,-3.9,1,12,0,1,-4.1,2.3,12,0.1,0.5,-3.3,1.5,11,0,1,-3.9,1.4,12,0.1,1,-4,1.7,12,0,1,-4.3,1.8,12,0,1,-4,0.6,13,0,1.5,-3.9,0.7,12,0,0.5,-3.9,0.2,16,0,0.5,-4,0.8,12,,0.5,-3.9,0.5,11,,0.5,-3.8,0.6,12,,1.5,-4,0.7,12,,0.5,-3.6,1.1,11,,0.5,-3.9,1.7,13,,0,-3.9,1.4,12,,1,0.5,-4.2,1.4,13,,0.5,-4,1.6,12,,0.5,-5,2,12,,0,-5.3,2.3,12,,0.5,-5,0.8,11,,0,-5.1,1.4,11,,0.5,-5.2,0.3,11,0,0,-5.5,0.3,13,0.6,0,-5.4,0,16,1,0,-4.9,0.2,16,1,0,-3.5,0.2,16,0.3,1.5,-2.9,1,6,0,0,-2.2,0.7,2,0,,,,,,,,,,,,-2,0.8,15,0,0,-3.6,0,16,0,0,-5.9,0.1,16,,0,-6.8,0,16,,0,-4.9,0,16,,0,-4.5,0,16,,0,-4.3,,,,0,-4.4,,,,0,-4.5,,,,1,0,-4.7,,,,0,-4.7,,,,0,-5,,,,0,-5,,,,0,-5,,,,0,-5.8,,,,0,-5.6,,,0,0,-5.2,,,0,0,-4,,,0,0,-2.3,0.2,16,0,0,-1,0.4,9,0,0,-0.4,0.4,12,0,0,0.6,0.4,7,0,0,0,0.3,12,0,0,0.5,0.3,13,0,0,0.5,0.3,13,0,0,0.5,0.4,13,0,1,0.8,0,16,,1.5,1.3,0.6,14,,1.5,0.9,0.5,7,,2,0.9,0.4,13,,2,1.6,1.2,11,,0.5,1.7,0.5,9,,0,2.2,1,12,,1,0,2.3,2.1,12,,0,2.4,2.7,12,,0.5,1.5,2.5,12,,0,0.5,2.4,13,,1,-0.2,1.9,11,,0,-1.3,2.8,12,,0,-0.6,2.8,12,0,0,-1.5,2.2,12,0,0.5,-1.8,2.7,12,0,0,-2,3.1,12,0.1,0,-1.6,3,11,0.3,0.5,-3.1,2.2,12,0,0.5,-2.8,2,13,0,0,-2.7,2,13,0,0,-3.7,2.8,12,0.2,0.5,-3.8,2.4,11,0,0.5,-4.2,2.3,12,0,1,-4.2,2.8,12,,0.5,-4.2,2.2,12,,0.5,-4.1,3.9,12,,1,-4.1,1.8,12,,1,-4.4,1.5,12,,1.5,-4.3,2.8,12,,1,-4.1,2.4,12,,1,1,-3.7,1.5,12,,1,-3.4,1.2,11,,1,-2.9,0.7,11,,0.5,-1.7,1.4,10,,3,-1.7,0.5,2,,0.5,-1.9,0.3,1,,0.5,-1.8,0.4,1,0,1,-1.3,0.4,4,0,2,0.4,0.6,11,0,1,0.5,0.2,16,0,0.5,0.7,0.7,4,0,1,1.2,1.6,13,0,0.5,1.2,0.9,11,0,1.5,0.7,0.9,12,0,0.5,1.2,0.6,12,0,1,0.7,0.3,13,0,2.5,0.4,0,16,0,0.5,0.6,0,16,,1.5,0.3,0,16,,0.5,0.5,0,16,,1,0.4,0,16,,0,0.5,0,16,,0.5,0.3,0,16,,0.5,0.3,0,16,,1,0,0.3,0,16,,0.5,-0.5,0,16,,0,-0.6,0,16,,0,-0.7,0,16,,0,-0.7,0,16,,0,-0.9,0,16,,0,-0.7,0,16,0,0,-0.4,0,16,0,0,-0.2,,,0,0,0.5,,,0,0,1.4,,,0,0,1.5,1,11,0.1,0,1.7,0.9,10,0,0,1.6,0.8,11,0,0.5,1.4,0.7,13,0,0,1.2,1.1,10,0,0,1.4,0.5,10,0,0,1.5,0.3,11,,0,1.4,0.3,12,,0,-0.1,0,16,,0,-1.5,0.2,16,,0,-1.4,0,16,,0,-1,0,16,,0,-0.9,0.5,9,,1,0,-0.9,0,16,,0,-1.2,0,16,,0,-1.5,0,16,,0,-1.4,0,16,,0,-1.8,0,16,,0,-1.9,0.4,6,,0,-2.5,0,16,0,0,-2.1,0.6,7,0,0,-1.5,0.1,16,0,0,0.8,0.6,6,0.4,0,1.1,0.9,6,0,0,1.4,0.4,4,0.5,0,2.4,0.5,4,0,0,2.1,0.2,16,0,0,1.6,0.1,16,0,0,1.2,0.5,7,0,0,1.3,0.4,13,0,0,1.1,0.5,13,,1.5,0.8,0.4,8,,0.5,0.8,0,16,,0,0.7,0.4,8,,1,0.7,0,16,,1.5,0.7,0.3,13,,1.5,3.6,1,11,,1,0.5,3.5,2.9,12,,0,3,3.2,12,,0,2.6,2.7,12,,0,1.9,2.1,12,,0,1,2.2,12,,0,0.4,1.8,12,,0,0.2,1.8,11,0,0,-0.1,1.5,12,0,0,-1.5,2.2,13,0,0.5,-2,2.3,12,0,0,-1.1,1.6,11,0,0.5,-1.8,2.5,12,0,0,-0.3,1.6,13,0,0,-0.6,1.4,12,0,0,-0.8,1.1,13,0,0,-2.2,2,12,0,0,-2.5,0.8,13,0,0,-2.7,0.5,11,,0.5,-2.6,0.7,11,,1,-3.1,1,12,,1.5,-3.2,0.7,12,,1.5,-3,1.4,11,,1,-3.1,1.2,11,,1,-3.2,0.1,16,,1,1.5,-3.3,1.3,11,,1,-3.3,0.4,11,,0.5,-3.2,0,16,,0.5,-3,1.3,12,,0,-3.4,1.2,12,,0.5,-3.5,0.6,11,,0.5,-3.8,1.9,11,0,0.5,-3.6,0.9,12,0,0,-3,1.4,11,0,0,-3,2,12,0,0,-2.5,1.8,11,0,0,-1.8,1.5,12,0,0.5,-2,1.5,12,0,0,-2.6,1.5,11,0,0,-2.4,1.7,13,0,0.5,-3.1,0.9,12,0,1,-3.3,1.9,11,0,0.5,-3,1.3,11,,0,-2.1,1.8,11,,0,-1.8,1.9,13,,0.5,-1.7,2.7,12,,0.5,-3.1,3.4,13,,0,-4.3,2.4,13,,0.5,-4.9,1.8,13,,1,0.5,-4.9,1.4,12,,0,-4.6,0.7,10,,0,-4.4,0.2,16,,0.5,-3.8,1.7,12,,0,-3.6,0.6,12,,0.5,-3.5,0,16,,0.5,-3.1,2.2,12,0,0.5,-2.7,0.7,12,0,1,-2.5,0.6,10,0,0,-1.9,1.4,11,0,0.5,-1.7,1.8,11,0,0,-1.7,2.5,12,0,0,-1.2,2.3,11,0,0.5,-1.2,1.2,12,0,0,-1.1,1.8,10,0,0,-0.5,1.7,11,0,0,-0.7,0.9,12,0,0,-0.9,1.2,11,,0,-0.5,1,12,,0,-0.5,0.2,16,,0,-0.2,0.6,12,,0,0,0.8,12,,0,0.7,0.8,12,,0,0.5,0.3,14,,1,0,0,0.1,16,,0,-3,0,16,,0,-3,0,16,,0,-2.8,0,16,,0.5,-2.5,0,16,,1.5,-2.2,0,16,,0,-2.2,0,16,0,0,-2.3,,,0,0,-1.7,,,0,1.5,-1.4,,,0,1.5,-0.5,,,0,0.5,0.1,,,0,0.5,0.7,,,0,0.5,1.8,0.6,7,0,0,1.3,0.3,12,0,0,0.8,0.4,11,0,0,0.7,0.2,16,0,0,0.5,0.3,14,,0,0.6,1.7,14,,0,0.8,0.7,14,,0,0.5,0.3,2,,0,0.1,0.1,16,,0,0,0.7,15,,0,0,0,16,,1,0,0.2,0,16,,0,0.1,0,16,,0.5,-0.2,0,16,,0,-1.7,0,16,,0,-1.1,,,,0,-1.4,,,,0,-2.1,,,0,0,-2,,,0,0,-1.4,,,0,0,-0.7,,,0.6,0,-0.4,0.9,12,0.2,0,-0.3,1.3,12,0.4,0,0.1,1.7,13,0.9,0,-1.4,1.5,12,0.5,0,-0.6,1.4,13,0.3,0,-2.8,0.1,16,0,0,-2.3,0.9,12,0,0.5,-2.9,0.6,12,,0,-3,0.7,11,,0.5,-2.9,0.9,11,,0,-3.1,0.6,12,,0.5,-3.2,1,12,,0.5,-3.1,1.2,11,,0.5,-3.2,0.5,12,,1,0,-3.2,0.8,11,,0,-4.2,0.1,16,,0.5,-3.6,1.7,12,,0.5,-3.3,1.4,11,,0.5,-3.7,0.2,16,,0,-3.5,1.8,11,,0,-4.2,0.5,10,0,0,-3.5,0.4,13,0,0,-3,0.5,12,0.1,0,-2.9,1.1,12,0,0,-1.9,1.2,11,0.4,0,-2.2,1.2,12,0.3,0,-1.9,1.4,12,0.4,0,-2.8,1.3,12,0,1.5,-3.1,0.7,12,0,1.5,-3.5,1,11,0,0.5,-3.5,1.3,12,0,0,-3.7,0.3,13,,0,-4.2,0,16,,0.5,-4.5,0.6,13,,0,-4.4,0,16,,0,-5.1,0.1,16,,0,-6,0.2,16,,0,-7.5,0,16,,1,0,-9.7,0,16,,0,-11.7,0.3,4,,0,-10.4,0,16,,0,-12.9,0,16,,0,-10.4,0,16,,0,-11.6,0,16,,0,-11.3,0,16,0,0,-9.9,0,16,0,0,-8.6,0,16,0,0,-7.3,0,16,0,0,-5.8,0,16,0,0,-4.2,0.3,5,0,0,-2.9,0.4,4,0.2,0,0,0.7,12,0.4,0,0.2,0.9,12,0.2,0,-0.4,1.5,10,0,0,-0.2,0.8,12,0,0,-0.2,0.7,11,,0,-2.3,0.2,16,,0,-3.6,0.2,16,,0,-4.4,0.6,3,,0,-4.6,0,16,,0,-6,0,16,,0,-6.1,0,16,,1,0,-8.2,0,16,,0,-5.7,0,16,,0,-5.5,0,16,,0,-5.8,0.1,16,,0,-5,0,16,,0,-4.1,0,16,,0,-3.4,0,16,,0,-2.7,0.1,16,0,0,-1.7,0.1,16,0.1,0,-0.4,0.1,16,0.3,0,0.9,0.4,4,0.9,0,2.7,0.7,4,1,0,3.5,0.6,4,0.7,0,3.1,1.1,14,0.3,0,2.5,0.2,16,0.3,0,0.5,0,16,0.1,0,-1.4,0,16,0,0,-2.8,0,16,,0,-2.2,0,16,,0,-1.9,0,16,,0,-1.8,0,16,,0,-3,0,16,,0,-2.8,0.1,16,,0,-2.4,0,16,,1,0,-2.1,0.1,16,,0,-2.1,0,16,,0,-1.8,0,16,,0,-1.6,0,16,,0,-1.3,0,16,,0.5,-0.9,0.3,8,,0,-0.7,0,16,,0,-0.5,0.4,4,0,0,-0.3,0,16,0,0,0.2,0,16,0,0,0.4,0.3,5,0,0,1,0.2,16,0,0,1.8,0,16,0,0,1.8,0.7,3,0.1,0,2,0.1,16,0,0,1,0.3,11,0,0,1.2,0.8,10,0,0,0.7,0.4,10,,0,0.3,0.2,16,,0,-0.4,0.6,14,,0,-0.4,0.9,14,,0,-0.4,0.5,12,,0,-0.7,0.1,16,,0,-0.7,0.2,16,,1,0,-0.5,0.2,16,,0,-0.4,0.1,16,,0,-0.5,0,16,,0,-0.5,0,16,,0,-0.8,0,16,,0,-0.8,0,16,,0,-1.3,0,16,,0,-1.3,0,16,0,0,-1.1,0.6,5,0,0,-0.6,0.2,16,0,0.5,0.3,0.2,16,0,0,1.5,0.5,14,0,0,1.3,0.4,10,0,0.5,1.3,1.1,10,0,0,1.6,0.6,12,0.2,0,1.4,0.7,11,0,0.5,1.1,0.5,11,0,0,1.1,0.4,11,,0,1.5,0.4,14,,1,0.5,0,16,,0,0.1,0,16,,0.5,0.6,0,16,,0,-1.2,0,16,,0,-0.4,,,,1,0,-0.3,,,,0,-0.2,,,,0.5,0.4,,,,0.5,0.4,0.5,12,,0.5,0.3,1,11,,0.5,0.9,1.4,11,,0,0,0,16,,0,1.2,0.8,12,0,0,1.7,1,11,0,0,2,0.9,11,0,0,2.1,0.9,11,0,0,1.7,1.1,9,0.1,0,1.8,1.3,11,0.1,0,0.8,1.3,11,0,0.5,1,1.1,11,0,0,0.6,0.6,11,0,0,0.5,0,16,0,0,-0.3,0,16,,0,-0.4,0,16,,0.5,-1.1,,,,0,-1.4,,,,0,-1.4,,,,0,-1.9,,,,0,-2.1,,,,