1305,47401,15,0,10.9,12.3,15,0,10.8,11.2,15,0,10.9,11.8,15,0,11,9.7,15,0,10.9,12.3,15,0,10.5,10.6,15,2,15,0,11.4,4.2,0,0,11.5,4.8,15,0,11.1,6.4,0,0,10.9,6.6,0,0,11.1,4.6,0,0,10.8,5.2,0,3,15,0,10.3,5.7,13,0,10,5.2,14,0,10,5.2,14,0,9.9,5.4,14,0,9.9,5.7,14,0,10,5.2,13,47402,15,0,9.5,6.6,13,0,9.5,7,13,0,9.1,6.7,13,0,9.1,6.5,14,0,9.2,6.2,14,0,9.4,7.4,13,5,15,0,9.7,2.4,12,0,9.4,1.6,11,0,9.3,1.5,12,0,8.9,2.1,13,0,8.6,1.8,13,0,8.7,2.7,14,1051,15,0,9.3,1.7,14,0,8.9,1.8,15,0,8.9,0.7,15,0,8.6,0.5,14,0,8.4,1.4,14,0,7.7,0.9,0,1054,15,0,10.1,6.3,14,0,10.1,6.6,14,0,9.9,5.9,15,0,9.8,5.7,15,0,9.5,5.1,15,0,9.4,5,15,1203,15,0,9.7,4,14,0,9.7,4,15,0,9.8,3.4,15,0,9.5,3.5,15,0,9.7,3.7,15,0,9.5,3.9,15,1284,15,0,10.2,15.9,14,0,10.3,15.6,14,0,10.4,15.4,15,0,10.2,14.9,15,0,10.2,15.9,15,0,10,15.8,15,1285,15,0,10,11.2,14,0,9.8,12.6,14,0,9.8,12.3,14,0,9.7,11.2,14,0,9.7,11.6,15,0,9.7,12.1,14,1512,14,11.3,6.8,14,11.2,6.6,14,11,6.6,15,10.7,6.6,0,10.9,7.2,15,10.5,7.1,15,1528,15,0,10.7,13.2,15,0,10.7,12,15,0,10.6,12.1,15,0,10.5,11.5,15,0,10.7,12.1,15,0,10.6,13,15,1546,15,0,10.1,1.4,1,0,10.3,1,15,0,10,1.4,0,0,8.9,1,15,0,9.8,1.8,0,0,9.5,1.8,0,1573,1,0,0,0,0,0,0,1656,1,0,0,0,0,0,0,6,15,0,9.2,4.2,13,0,9.5,3.6,14,0,9.8,3.6,14,0,9.4,4.5,14,0,9.5,4.2,14,0,9,4.1,14,8,15,0,8.8,3.7,14,0,9,3.8,14,0,9.2,3.1,14,0,8.8,2.3,14,0,8.5,3.3,13,0,8.4,3.3,15,9,1,0,0,0,0,0,0,10,15,0,8.3,4.1,12,0,8.4,3.2,12,0,8.4,2.7,12,0,8.4,2.9,12,0,8,2.6,11,0,7.4,0.6,6,11,15,0,8.9,2.3,0,0,8.9,2.1,0,0,8.8,2,0,0,7.9,0.7,9,0,9.4,3.3,14,0,7.6,2.4,15,15,15,0,6.9,4.2,13,0,6.6,2.7,12,0,6.5,1.5,12,0,5.8,1,14,0,6,2.2,12,0,5.8,2.9,11,47407,15,0,9.7,3.7,13,0,9.8,3.2,14,0,8.5,5.8,12,0,8.4,1.4,10,0,8.9,1.3,10,0,8.3,0.9,15,17,1,0,0,0,0,0.5,0,20,1,0,0,0.5,0.5,0.5,0,21,15,0,9.1,3.6,15,0,9.2,2.6,15,0,9.1,1.2,15,0,8.2,0.4,15,0,7.9,0.2,16,0,8,2.3,15,1047,15,0,8,3.2,10,0,8.2,3.2,9,0,8.6,4.9,10,0,8.6,2.5,9,0,8.6,3.9,10,0,7.8,3.3,10,1048,15,0,9.3,4.1,13,0,9.3,0.7,15,0,8.9,1.1,7,0,6.2,0.7,0,0,5.4,0.9,14,0,5.7,0.7,14,1049,1,0.5,0,0,0,0,0,1052,15,0,7.8,2.4,14,0,7.6,2.3,14,0.5,6.5,2.5,15,0.5,6.4,2,14,0,6.9,0.7,0,0,6.7,0.5,1,1055,15,0,7.8,1.1,4,0,7.2,0.6,3,0,6.4,0.9,5,0,5.9,1.1,5,0,5.7,0.7,13,0,5.9,0.8,5,1184,15,0,9.3,2.9,13,0,8.8,2.7,14,0,8.1,2.9,13,0,7.9,1.7,14,0,7.2,0.6,3,0,6.7,1.2,5,1185,15,0,8,2.1,13,0,7.1,0.7,14,0,6.9,2.4,14,0,6.1,1.4,6,0,5.7,1.1,7,0,5.5,0.5,6,1188,15,0,8.4,5.4,14,0,8.4,3.7,13,0,8.2,4,14,0,8.3,4.6,15,0,6.9,5.3,14,0.5,6.7,3.3,12,1189,15,0,7.5,2.1,13,0,7.8,2.2,12,0,6.9,1.9,13,0,6.5,2.6,12,0,6.6,2.3,12,0,7.2,2.4,11,1190,15,0,9.4,2.8,14,0,9.1,2.2,14,0,8.2,2.5,0,0,7.8,3,15,1,7.9,4.7,14,0,7.6,0.7,3,1191,15,0,10,2.3,12,0,8.5,6.4,13,0.5,8.4,1.9,15,0,7,0.9,5,0,6.6,0.6,4,0,6.7,0.8,4,1197,15,0,9.2,2.8,15,0,9.7,2.8,14,0,9.6,3.3,15,0,9.4,2.4,15,0,8.7,2,0,0,9.1,2.1,15,1201,15,0,9.7,6.1,13,0,9.6,5.4,13,0,9.5,3.8,14,0,9.5,5.3,13,0,8.8,3.6,13,0,9,3.6,14,1280,15,0,7.6,1.6,11,0,7.5,0.5,11,0,7.5,0.7,10,0,6.8,1.8,1,0,6.3,1.4,1,0.5,6.4,1.1,11,1458,15,0,9,4.9,14,0,8.1,4.2,0,0,7.7,5.1,14,0,7.5,5.2,13,0,7.4,3.8,13,0,7.1,0.8,4,1570,1,0,0,0,0,0,0,1572,1,0,0,0,0,0,0,1574,1,0,0,0,0,0,0,1053,15,0,9.7,4.7,15,0,9.2,3,15,0,8.9,0.6,12,0,8.3,0.8,4,0,8.1,0.6,8,0,9,2.4,15,1279,15,0,6.6,1,0,0,7.9,1.4,0,0,7.8,1.6,0,0,7.5,0.7,15,0,7.8,2.5,1,0,6.1,1.7,0,24,15,0,10.9,10.2,15,0,11,10.8,15,0,10.4,8.5,15,0,9.5,4.7,15,0,8.9,3.8,15,0,9.5,6.7,15,25,15,0,11.7,6.7,13,0,11.7,6.8,14,0,11.6,6.6,13,0,10.3,4.4,15,0,10.1,3.1,15,0,10.1,4.7,15,47404,15,0,11.1,9.7,14,0,12.5,8.6,15,0.5,12.4,8.3,15,0,12.5,8.7,15,0,12,8.7,0,0,11.9,8.9,15,47406,15,0,13.1,12.5,14,0,12.9,12.5,13,0,12.8,12.1,13,0,13,12.2,14,0,12.7,11.3,14,0.5,10.5,9.3,14,28,15,0,12.3,8.4,14,0,12.2,8.5,14,0,12.2,7.9,14,0,12.4,7.9,14,0,12.3,8.6,15,0,10.9,9.5,0,1112,1,0,1,0,0,0,0,1213,15,0,12,8.7,14,0,12.1,7.6,14,0,10.8,6.2,15,0,11.6,6.8,14,0.5,10.8,5.4,0,0,11.1,6.7,15,1216,15,0,12,10.9,14,0,11.8,9.8,15,0,11.9,9.8,14,0,11.4,8.3,15,0,11.3,7.9,15,0,11.1,8.8,0,1217,15,0,11.1,1.7,12,0,9.8,0.8,1,0.5,9.9,1.8,12,0,10.6,2.3,13,0,10.9,1.2,13,0,10,1.2,12,1218,15,0,11.6,6.5,15,0,11.5,6.7,14,0,11.3,6.1,15,0,11.5,5.7,15,0,10.4,4.8,15,0,9.6,6.2,15,30,15,0,11.3,1.9,15,0,11,1.6,15,0,11.1,2.7,14,0,11.1,2.2,15,0,10.7,1.6,15,0,10.3,2.7,13,31,15,0,12,7.8,14,0,12,7.8,14,0,12.3,7.8,15,0,12.3,9,15,0,12.3,7.7,14,0,12.2,6.6,14,32,1,0,0,0,0,0,0,47412,15,0,12.1,6.1,14,0,12.1,7.4,14,0,12.2,6.1,14,0,12.2,6.4,15,0,12.2,7.1,14,0,12.2,7.3,14,34,1,0,0,0,0,0,0,35,15,0,10.8,4.5,15,0,11,5,14,0,10.7,4,14,0,10.4,3.4,15,0,10.5,3.5,15,0,10.5,2.7,14,37,15,0,8.7,1.6,12,0,8.7,2.1,12,0,8.8,3,13,0,8.9,1.6,13,0,8.9,1.3,14,0,8.8,1.6,13,1085,15,0,12.1,5.4,14,0,11.7,5.2,14,0,11.8,5.3,15,0,11.7,4.7,14,0,11.8,4,14,0,11.7,4.6,14,1193,15,0,12.7,10.7,14,0,12.6,11,14,0,12.5,10.7,14,0,12.6,10.1,14,0,12.7,9.9,14,0,12.9,11.4,14,1194,15,0,12,4.6,13,0,11.8,5.2,13,0,11.9,5.7,13,0,12,4.3,13,0,12,4.6,13,0,12.1,4.5,13,1459,15,0,10.6,5.9,14,0,10.9,7.8,14,0,10.3,6.4,14,0,8.5,2.7,11,0,8.7,2.4,11,0,9.5,3,11,1507,15,0,11.2,2.9,14,0,11,2.9,14,0,11.1,3.9,15,0,10.5,3.5,15,0,10.4,2.8,14,0,10.6,2.9,13,38,15,0,10.5,2.7,15,0,10.7,3.2,14,0,10.6,2.6,14,0,9.1,2.1,5,0,9.9,1.4,15,0,10.2,2.9,15,39,15,0,10.7,2.8,13,0,10.9,3.7,13,0,10.5,3.4,13,0,8.9,1.2,14,0,8.4,1.5,8,0,9.2,2.9,0,41,15,0,11.5,2.4,14,0,10.7,2.1,13,0,9.8,2.2,14,0,10.5,3.8,12,0,10.4,2.7,12,0,9.8,1.8,13,43,15,0,9.3,1.1,9,0,9,0.3,9,0,10.5,2.2,13,0,9.6,2.1,14,0,8.8,2.7,1,0,8.1,1,6,44,15,0,10.1,2.8,12,0,10,3.9,13,0,7.4,1.3,5,0,9.9,4,13,0,6.3,0.8,15,0,6.9,1,9,47413,15,0,10.6,2.3,14,0,10.2,3,15,0,9.7,2.3,14,0,9.7,4.4,14,0,9.2,3.5,14,0,8.7,2.2,13,47,15,0,10.9,3.5,14,0,10.6,2.3,15,0,9.9,2.9,15,0,10,3,15,0,9.2,1.9,15,0,8.9,2.3,15,49,15,0,7.9,0.8,14,0,7.6,0.8,14,0,7.8,0.9,15,0,8,1.7,0,0,7.8,0.9,15,0,7.4,1.2,15,999,15,0,10.4,2,15,0,10.3,1.5,15,0,10.5,2.2,15,0,10.1,1.1,0,0,7.8,0.6,15,0,9.8,1.7,14,1068,1,0,0,0,0,0,0,1287,15,0,8.8,0.6,14,0,8.6,0.7,12,0,6.5,0.7,4,0,7.4,1.5,12,0,5.7,1.2,11,0,7.8,1.6,13,1400,1,0,0,0,0,0,0,1401,1,0,0,0,0,0,0,1402,1,0,0,0,0,0,0,1419,1,0,0,0,0,0.5,0,1566,1,0,0.5,0,0,0,0,1567,1,0,0,0,0,0,0,51,15,0,6.7,0.5,11,0,5.3,0.4,11,0,5.2,0.2,16,0,5.1,0.8,12,0,5.9,0.9,11,0,7.5,1.1,10,52,15,0,10.8,1.6,15,0,7.3,2.3,10,0,7.4,3.3,10,0,7.9,2.1,10,0,9.9,1.6,13,0,11.4,2.2,14,47411,15,0,11.6,4.3,14,0,11.5,4,13,0,12.1,3.7,14,0,12.1,4.5,14,0,11.9,4.3,13,0,11.6,3.6,13,54,15,0,7.6,1.1,5,0,5.2,0.9,6,0,5.2,1.4,5,0,4.9,2,5,0,3.6,1.1,6,0,4.2,0.5,6,55,15,0,11.3,1.3,13,0,9.9,0.8,0,0,7.5,0.7,9,0,6.9,1,3,0,6.3,1,3,0,6.9,0.5,14,47433,15,0,8.2,0.8,13,0,7.4,1.1,11,0,5.3,2,10,0,4.5,2.4,11,0,4.3,0.7,13,0,4.4,1,12,47421,15,0,12.5,5.8,15,0,12.4,4.8,14,0,12,3.9,13,0,12.4,5.4,14,0,13.2,6,15,0,13.1,6.8,15,60,15,0,4.7,0.3,3,0,4,1.5,3,0,3,2.2,4,0,2.3,1.3,4,0,2,1.9,4,0,1.1,1.9,4,61,15,0,10.9,2.8,14,0,8.2,1.1,0,0,6.6,0.8,7,0,5.4,0.3,6,0,5.2,1,6,0,5,0.8,6,1072,15,0,7.6,0.8,2,0,7.4,0.9,2,0,8.2,1.6,6,0,7.4,1.5,9,0,7.4,1.8,7,0,7.1,1.9,6,1091,1,0,0,0,0,0,0,1208,15,0,8.6,1.5,1,0,9.6,1.9,1,0,10.2,2,0,0,9,2.2,1,0,10.3,2.2,1,0,10.6,2.4,15,1615,1,0,0,0,0,0,0,47405,15,0,10.6,10,13,0,10.1,7.8,13,0,9.7,8.1,13,0,9,5.9,13,0,8.9,6.2,13,0,9.2,6.1,12,63,15,0,10.9,2.8,12,0,10.2,3,11,0,9.6,1.9,12,0,9,2,11,0,8.9,2.3,12,0,9.4,2.9,11,47435,15,0,11.3,6,13,0,10.6,8.4,13,0,10.2,9,13,0,9.7,7.1,13,0,9.4,7.1,13,0,9.8,7.6,13,65,15,0,11.3,10,13,0,10.9,10.3,13,0,10.3,9.1,13,0,9.9,10.2,13,0,9.6,9.1,13,0,9.9,9.3,13,66,15,0,8.8,3.9,12,0,8.5,3.9,12,0,8.6,4.1,13,0,8.4,3.3,13,0,8.1,2.4,13,0,7.9,3,13,67,1,0,0,0,0,0,0,68,15,0,11.6,12.9,13,0,11.4,15,13,0,11.2,14,13,0,11,16.8,13,0,10.7,15.5,14,0,10.3,15.9,14,69,15,0,10.8,5,13,0,10.2,3.8,13,0,9.9,3.6,12,0,9.8,2.9,12,0,9.6,4,13,0,9.7,2.8,13,70,15,0,10.4,5.2,13,0,10.4,7.3,13,0,9.7,5.6,14,0,9.5,5.9,14,0,9.3,7.2,14,0,9.1,7.8,14,47409,15,0,11.7,9,13,0,11.4,10.2,14,0,11.1,10.2,13,0,10.8,12.6,14,0,10.5,10.4,14,0,10.1,10.8,14,72,15,0,9.6,9.4,13,0,9.4,9.3,13,0,9,6.5,13,0,8.8,5.4,13,0,8.8,4.7,13,0,8.9,6.2,13,73,1,0,0,0,0,0,0,74,15,0,11.4,5.8,13,0,10.9,6.4,13,0,10.4,5.3,12,0,10.2,3.8,13,0,10.1,4.3,12,0,9.9,4.3,13,75,15,0,11.3,7.8,13,0,11.1,9.2,14,0,10.8,8.9,14,0,10.3,6.7,13,0,10,6.9,13,0,9.8,7.2,13,76,15,0,11,11.3,13,0,10.6,12.1,13,0,10.5,13.6,14,0,10.4,14.7,14,0,10.1,16.1,14,0,9.8,15.8,14,77,15,0,8.8,8.9,13,0,8.6,11,13,0,8.2,8.9,13,0,8.2,10.5,13,0,8.1,11.2,13,0,8.1,9.7,13,79,15,0,11.1,4.7,14,0,10.9,7.3,14,0,10.4,7.1,14,0,9.7,6.3,14,0,9.6,6.6,14,0,9.7,8.1,14,82,15,0,11.3,6.6,14,0,10.8,6.8,14,0,10.1,7.3,14,0,9.5,5.4,14,0,9.7,6.1,14,0,9.6,4.6,14,981,15,0,9.2,5.6,12,0,9.4,2.8,12,0,9.5,2.8,11,0,9.2,3.5,14,0,8.9,3.7,13,0,8.7,5.4,14,1073,15,0,8.9,2.2,13,0,9.3,4.2,12,0,9,2.2,11,0,9.1,2.7,13,0,9,2.8,13,0,8.3,3.5,13,1092,15,0.5,5.6,3.1,11,0,5.7,4.1,12,0,6,2.7,12,0.5,5.9,2,11,0,5.8,2.4,12,0,5.9,3,12,1209,15,0,9.9,2.7,14,0,9.1,3.6,0,0,9.2,3.1,14,0,9.2,3.5,14,0,9.3,2.8,14,0,9.1,3.2,14,1263,1,0,0,0,0,0,0,1420,1,0,0,0,0,0,0,1460,15,0,11.3,5.1,13,0,11.3,4.4,14,0,10.8,6.3,14,0,10.4,6.9,14,0,10.1,5.9,14,0,10,5.9,14,1487,15,0,11.2,12.3,13,0,10.6,12.9,13,0,9.9,13,13,0,9.5,12,13,0,9.3,11.1,13,0,9.5,10.6,13,1568,1,0,0,0,0,0,0,1569,1,0,0,0,0,0,0,1617,1,0,0,0,0,0,0,84,15,2.5,8.9,14.4,14,3.5,8.6,18.1,14,4,8.3,15.1,14,3,8.1,13.5,14,1.5,8.8,11.8,15,0,9,11.2,15,85,15,0,12.2,7.2,12,0,11.1,5.3,13,0,10.9,7,13,0,11.1,6.6,13,0,10.8,11.5,13,0,10.3,8.9,13,86,15,0,11.8,4.4,13,0,11.4,3.3,14,0,11.1,6,13,0,10.8,4.1,13,0,10.9,5.6,14,0,10.6,4.2,13,88,15,0,11.2,7.3,13,0,11.1,5.7,13,0,11,5.1,14,0,10.8,5.2,14,0,10.3,4.4,14,0,9.8,2.6,13,47420,15,0,13.1,11.5,13,0,12.3,14.7,13,0,12.3,12.3,13,0,12,13.7,13,0,11.8,11,13,0,11.8,14.2,14,1056,15,0,13.5,10,13,0,12.9,8.2,13,0,12.4,12.2,13,0,11.5,11.6,13,0,12.2,11.6,13,0,12.1,12,13,1196,15,0,9.7,1.6,13,0,10.8,3.3,13,0,11,3.3,14,0,10.8,3.3,14,0,10.2,3.8,14,0,9.8,2.8,14,1266,1,0,0,0,0.5,0,0,1489,15,0,11.3,4.2,13,0,11.1,3.7,13,0,10.5,5.2,13,0,10.5,5.3,13,0,10.6,4.7,14,0,10.3,4.9,14,1547,15,0,10,5.2,13,0,9.9,5.5,13,0,9.8,6.8,13,0,9.3,8.9,13,0,8.8,8.9,14,0,8.9,9,13,90,15,0,10.6,4.1,14,0,10.2,4.2,14,0,9.8,4.5,14,0,9.1,4.2,14,0,8.9,4.3,15,0,9.1,4.7,14,91,15,0,8.2,2.9,14,0,8.2,4.1,15,0,7.6,4.7,15,0,7.1,3.2,14,0,7.2,2.5,14,0,7,3,14,93,15,0,11.3,4.9,13,0,10.8,2.3,12,0,11.2,6.2,13,0,10.1,4.6,14,0,9.6,2.6,13,0,9.9,1.9,13,95,15,0,10.2,1.6,14,0,7.8,0.6,15,0,8.4,1.1,13,0,9.1,1.5,13,0,8.5,1.5,12,0,8.5,1.1,12,96,1,0,0,0,0,0,0,98,15,0,10.3,2,12,0,5.4,1.1,0,0,4.1,1.2,15,0,2.7,0.2,16,0,1.2,1.5,0,0,1.4,2.1,1,47418,15,0,13,10.7,12,0,11.6,4.7,13,0,11.5,4.8,13,0,11.1,5.7,14,0,10.9,3.2,13,0,11.2,4.1,13,1107,1,0,0,0,0,0,0,1186,15,0,8.5,1.4,14,0,9.8,2.5,14,0,11.3,4.9,14,0,10.7,3.9,14,0,10.3,3.3,14,0,10.7,3.9,13,1187,15,0,10.2,11.4,14,0,9.9,12.5,14,0,9.6,14.6,14,0,8.8,12.4,14,0,8.6,13.2,14,0,9,13.9,14,1192,15,0,8.9,2.4,14,0,10.5,5.3,14,0,10.3,7.2,14,0,9.7,6.8,14,0,9.1,5.4,13,0,8.9,5.6,13,1195,15,0,12.2,5.8,13,0,11.5,4.5,12,0,11.3,4.2,13,0,11.4,6.7,13,0,9.9,4.7,13,0,9.9,6.5,13,1283,15,0,11.2,1.7,12,0,10.5,2.3,13,0,10,2.6,14,0,10,5.5,14,0,9.4,3.7,14,0,9.2,2.6,14,1403,1,0,0,0,0,0,0,1417,1,0,0,0,0,0,0,1461,15,0,10,4.1,11,0,7.9,0.4,0,0,8.7,3.5,13,0,9.1,2.5,14,0,7.6,2.8,12,0,7.3,2.5,11,101,15,0,7.1,1.1,15,0,5.6,0.9,15,0,9.5,3,15,0,9.2,3.1,15,0,9,2.9,14,0,5.6,0.5,11,103,15,0,8.3,2.1,12,0,7.7,1.9,11,0,7.7,1.5,7,0,7.5,1.2,5,0,7.4,1.7,4,0,7.2,1.3,3,107,15,0,10.1,2.2,12,0,7.7,1.5,4,0,8.7,1.3,2,0,7.5,1.8,4,0,5.5,1.7,4,0,9.2,2,4,109,15,0,11.4,1.8,11,0,12.3,6,13,0,7.6,1.7,5,0,5.2,1,5,0,4.4,1.8,4,0,3.6,2,3,112,15,0,11,2.4,10,0,10.3,1.5,6,0,12,5.9,15,0,11.2,2,15,0,7.5,1.2,8,0,6.9,1.8,9,113,15,0.5,9.3,3.9,13,0,9.3,3.1,14,0,9.3,2.8,14,0,9.3,3.4,14,0,8.4,3.7,14,0,7.7,3,13,114,15,0,9.1,8.2,13,0,9,6.8,13,0,9,7.9,13,0,8.7,7.2,13,0,7.9,6.1,13,0,7.7,5.1,13,115,15,0,11.2,5.2,14,0,11,8.3,14,0,10.8,7.6,14,0,10.6,4.1,14,0,9.2,3,15,0,9.5,7.6,14,47417,15,0,11.5,9.2,13,0,11,8.4,13,0,10.9,7.2,13,0,10.6,6.4,13,0,10.2,6.7,13,0,9.7,7,13,117,15,0,10.7,4.1,12,0,10,3,13,0,9.6,2.6,12,0,9.5,3.8,12,0,9.2,4,12,0,8.9,3.3,12,118,15,0,11.5,4.6,13,0,10.8,3.4,14,0,10.7,5.3,13,0,10.4,3.4,14,0,10.1,3,14,0,9.8,3.1,14,121,15,0,9.2,4.8,13,0,10.5,3.8,13,0,7.8,2.8,14,0,4.8,4.6,13,0,3.7,3.6,13,0,4.3,3.2,15,47440,15,0,10.6,2.2,13,0,9.5,3.2,12,0,8.4,4,12,0,7.7,2.9,12,0,7.9,5,12,0,9,5.4,12,1204,15,0,9.9,5.8,13,0,10.1,5.7,13,0,10.1,4.9,13,0,9.3,4.1,13,0,9,3.7,12,0,8.2,3.4,12,1210,15,0,9.7,5.2,15,0,9.4,5.1,14,0,8.8,4.1,15,0,8.6,2.8,14,0,3.7,2.6,11,0,8.4,3.9,14,1211,15,0,9.9,2.9,15,0,9.9,2.1,15,0,10.1,4.6,15,0,9.4,2.6,14,0,9,2.5,14,0,7.9,3.8,15,1214,15,0,11.7,6.7,14,0,11.1,6.5,13,0,11,6.5,13,0,10.9,8,13,0,11,9.5,13,0,10.6,7.6,13,1286,15,0,10.4,3.7,14,0,10.5,5.8,13,0,10.1,3.9,13,0,10,2.9,13,0,9.5,3.7,14,0,9.3,4.3,13,1404,1,0,0,0,0,0,0,1405,1,0,0,0,0,0,0,1409,1,0,0,0,0,0,0,1410,1,0,0,0,0,0,0,1418,1,0,0,0,0,0,0,1510,15,0,10.9,5.2,14,0,10.3,7.7,15,0,10.2,6.1,14,0,9.4,4.4,14,0,7.7,2.9,14,0,8.3,4.6,14,1571,1,0,0,0,0,0,0,123,1,0,0,0,0,0,0,124,15,0,10.2,2.9,14,0,9.7,3.1,14,0,9.6,2.5,15,0,9.4,2.1,15,0,4.8,1,6,0,3.4,0.4,3,125,15,0,6.8,0.6,5,0,4.5,1,2,0,4.3,1.7,4,0,4.5,0.8,1,0,3.8,1,4,0,2.7,0.4,8,126,15,0,8.1,1.4,14,0,7.7,1.4,15,0,6.8,1.8,15,0,6.7,1.8,0,0,7.2,1.3,13,0,6.4,1.6,15,47424,15,0,10.4,3.7,0,0,10.8,5.2,15,0,10.7,5.1,15,0,9.6,3.3,14,0,8.3,2.2,13,0,8.6,2.5,13,128,15,0,9.1,1,3,0,6.9,1.3,15,0,5.7,1.6,15,0,4.9,1.6,15,0,4.7,1.8,15,0,4.8,1.6,0,130,15,0,10.4,2.5,14,0,10.1,4,14,0,9.2,3.4,14,0,8.5,1.9,14,0,7.5,0.5,1,0,7.1,1.9,15,131,15,0,9.3,5.1,15,0,8.4,4,14,0,6.8,3.2,14,0,6.9,4.2,14,0,5.5,3.1,15,0,4,2.2,0,132,15,0,11.1,3.2,14,0,11,1.7,15,0,8.5,0.8,4,0,7.8,0.7,15,0,6.7,1.1,1,0,6,1.3,1,134,15,0,7.4,0.4,1,0,7,1.1,11,0,6.1,0.8,12,0,6.9,1.4,11,0,6.5,1.3,12,0,6.7,1.5,13,47423,15,0,12.1,7.1,15,0,11.8,2.1,0,0,11.5,4.5,15,0,10.5,3.9,15,0,10.2,3.9,0,0,11.1,4.4,15,1067,15,0,7.4,1.8,14,0,7.4,2,2,0,7.2,1.5,2,0,7.3,1.8,1,0,8.1,2,0,0,7.4,1.8,2,1329,1,0,0,0,0,0,0,1429,1,0,0,0,0,0,0,136,15,0,9.3,3.1,13,0,9.1,3.6,14,0,9.3,5.6,14,0,8.5,4.5,14,0,8.3,3.6,14,0,7.7,3,14,137,15,0,9.7,2.1,15,0,8.2,2,0,0,5.5,1.5,0,0,6.7,2.2,0,0,4.6,1.8,0,0,3.4,0.9,0,139,1,0,0,0,0,0,0,140,15,0,10.7,3,14,0,10.2,3.5,14,0,9.8,3.1,14,0,9.6,3.2,14,0,9.3,2.8,14,0,9,2,13,47426,15,0,10.8,8.7,13,0,10.2,6.6,13,0,9.9,6.2,13,0,10.3,6.7,13,0,10.1,8,13,0,9.5,7.3,13,1097,1,0,0,0,0,0,0,1198,15,0,10.6,2.5,13,0,9.6,2.3,13,0,8.6,1.8,12,0,9.1,3,11,0,8.8,3.4,11,0,4.6,0.7,7,1202,15,0,7.7,1,0,0,5.7,0.8,3,0,5.9,1,3,0,5.6,0.9,2,0,6.4,0.8,12,0,4.5,0.6,10,1264,1,0,0,0,0,0,0,1276,1,0,0,0,0,0,0,1288,15,0,7.9,0.9,12,0,7.7,1.4,12,0,7.2,0.8,2,0,3.8,0.7,7,0,2.5,0.4,9,0,1.4,0.6,5,1340,15,0,11.8,16.1,13,0,11.6,15.8,13,0,11.3,15.6,13,0,11.2,12.9,13,0,11.2,14.5,13,0,10.3,13.8,13,1430,1,0,0,0,0,0,0,143,15,0,7.4,1.4,11,0,5.8,1.2,10,0,5.2,1.3,10,0,5.3,1.7,13,0,4,1.4,13,0,4.2,1.3,14,144,15,0,9.2,2.5,11,0,7.9,2.5,11,0,6.7,1.9,11,0,6.7,2.2,11,0,5.5,2.2,10,0,5.7,2.2,11,145,15,0,10.8,3.4,13,0,10.5,2.9,13,0,10.1,2.8,13,0,10.4,3.3,12,0,10.3,2.9,12,0,10.5,2.9,12,146,1,0,0,0,0,0,0,147,15,0,11.9,2.9,12,0,10.5,3.3,12,0,9.4,2.6,11,0,9.6,3.4,12,0,9.6,3.1,11,0,9,3.2,12,148,15,0,10,3.3,14,0,8.2,1.6,13,0,6.8,0.5,14,0,5.8,1.9,14,0,7,1.1,12,0,5.7,1,14,47430,15,0,11.3,3.3,15,0,10.1,2.5,14,0,9.5,1.8,15,0,8.5,1.4,13,0,8.2,1.7,14,0,7.2,1.5,15,152,15,0,12.7,4.2,14,0,12.6,3.1,14,0,12.5,3.2,15,0,12.5,3,14,0,12.5,3.2,15,0,12.4,3.1,15,917,15,0,9.7,1,15,0,9.7,1.6,15,0,8.6,1.1,15,0,7.4,1.1,15,0,6.5,1.2,0,0,6,1.1,15,1265,1,0,0,0,0,0,0,1462,15,0,10.3,1.8,0,0,10.5,3,15,0,9.6,2.7,14,0,8.5,1.6,11,0,7.3,2.9,0,0,5.8,3.5,1,1543,1,0,0,0,0,0,0,1552,1,0,0,0,0,0,0,155,15,0,8.7,1.5,0,0,8.6,1.5,0,0,8.6,2.1,0,0,8.4,2.4,0,0,8,1.9,0,0,7.9,2.1,0,153,15,0,13.3,5.4,14,0,13.1,6.5,14,0,13.3,6.3,14,0,13.3,6.3,14,0,13.5,6.4,14,0,14.1,6.7,14,154,15,0,6.8,1.6,0,0,5.8,1.6,0,0,5.3,1.3,0,0,4.9,0.5,2,0,4.1,0.9,0,0,4.1,0.7,1,156,1,0,0,0,0,0,0,47428,15,0,13.9,7.1,15,0,13.9,6.4,15,0,12.2,3,1,0,12.5,2.6,0,0,11.8,3.8,1,0,12.7,4.6,1,1199,15,0,14,8.8,14,0,13.8,8,14,0,14,8.6,14,0,14.1,7.6,15,0,14.5,9.6,14,0,14.6,8.9,14,1200,15,0,7,0.6,1,0,7.2,0.4,12,0,5.7,0.3,12,0,3.4,0.4,3,0,3.2,0.2,16,0,2.4,0.8,1,1205,1,0,0,0,0,0,0,1513,15,0,12.6,7.8,14,0,12.7,6.2,14,0,13.1,5.9,14,0,13.1,5,15,0,13.3,5.3,15,0,13.2,6.2,15,47576,15,0,9.4,1.3,5,0,12.9,1.8,11,0,9.3,1.4,6,0,8.7,1.4,0,0,8.3,1.2,14,0,7.7,1.3,14,160,15,0,8.9,0.7,14,0,8.8,0.1,16,0,8.1,1.1,12,0,7.5,1.2,13,0,6.7,1.3,12,0,6.3,1.9,12,47575,15,0,13.8,2.7,11,0,12.3,3.2,7,0,12.8,2.4,11,0,12.3,2.9,9,0,11.7,2.6,10,0,11.5,2.1,10,162,15,0,14.7,5.6,13,0,14.4,4.8,13,0,14,4.2,12,0,14.3,5.2,13,0,14.2,5.4,13,0,13.7,4.7,13,163,15,0,14.7,3.6,13,0,14.5,3.4,13,0,14.3,2.9,14,0,14.1,2.8,14,0,14.1,2.9,13,0,14.2,3,14,164,15,0,14.3,2.2,13,0,13.8,2.1,13,0,13.4,2.2,13,0,13.3,1.2,13,0,13,0.3,14,0,12.3,0.6,14,47574,15,0,14.2,5.7,14,0,13.7,5,15,0,14,5.4,14,0,13.6,5.2,14,0,13.6,5.9,15,0,13.7,5.3,15,166,15,0,12.7,1.5,10,0,13,1.6,11,0,11.3,1.5,11,0,11.2,1.8,10,0,11.2,1.8,10,0,10.6,2,10,167,15,0,12.3,1.3,11,0,9.9,3.6,11,0,10.1,0.6,11,0,9.7,1.4,6,0,9.7,2,7,0,9.2,2.3,6,169,15,0,13.3,2,12,0,12.5,1.5,12,0,12.5,1.7,13,0,12.1,2.2,13,0,11.9,1.6,13,0,10.8,1.4,11,172,15,0,12.7,3.7,13,0,12.9,4.5,14,0,12.1,4,14,0,11,2.3,14,0,9.7,0.9,10,0,8.1,0.7,8,47581,15,0,14.1,8.1,14,0,13.6,7,13,0,13,5.4,13,0,12.1,5.7,12,0,11.8,6.5,12,0,11.5,5.5,12,174,1,0,0,0,0,0,0,175,15,0,10.8,1.2,13,0,10.1,0.8,14,0,8.6,1,14,0,8,1.2,7,0,7.4,1.1,8,0,6.8,1.5,7,177,15,0,11.4,1.7,14,0,11,1.9,14,0,10.7,1.6,14,0,10.5,2.1,13,0,10.3,1,13,0,10.2,2.9,13,179,15,0,12.7,1.1,13,0,10.6,0.9,11,0,10,1.4,11,0,8.7,0.5,12,0,7.8,1,10,0,7.1,0.3,11,1026,15,0,13,1.3,13,0,13.2,1.7,14,0,12.9,1.9,14,0,12.4,1.7,14,0,12.2,1.4,14,0,11.8,1.6,14,1027,15,0,13.4,1.8,13,0,13.2,2.4,14,0,13,2.6,13,0,12.7,1.3,14,0,12.1,1.4,14,0,11.4,0.6,14,1041,15,0,14,3.1,13,0,13.5,2.9,13,0,13.1,4.8,14,0,12.9,3.8,14,0,12.9,3.1,13,0,12.7,2.3,13,1042,1,0,0,0,0,0,0,1079,15,0,6.3,2.9,13,0,6.2,3.1,13,0,5.7,2.7,13,0,5.6,3,13,0,5.4,3,13,0,5.2,2.9,13,1108,1,0,0,0,0,0,0,1119,15,0,14.3,2.6,14,0,13.8,2.9,15,0,13.7,4,15,0,13.5,3.2,15,0,13,1.8,15,0,13.5,2.9,14,1122,15,0,10.8,0.8,11,0,12.1,3.2,12,0,11.7,2.8,13,0,11,2.6,13,0,10.4,0.7,13,0,7.5,2.2,13,1124,15,0,13.9,2.1,13,0,13.8,3,13,0,13.5,3.7,14,0,12.9,1.9,14,0,12.2,1.5,14,0,12.8,2.5,13,1183,1,0,0,0,0,0,0,1272,1,0,0,0,0,0,0,1406,1,0,0,0,0,0,0,1495,15,0,10.4,3.4,12,0,9.7,2.6,11,0,8.7,1.8,8,0,9.4,1.8,9,0,9.1,2.8,9,0,8.9,2.7,9,1559,1,0,0,0,0,0,0,181,1,0,0,0,0,0,0,183,15,0,15.6,4.8,14,0,15.4,5.4,14,0,15.2,4.5,15,0,12.7,1.2,2,0,10.9,1.9,3,0,9.6,1.4,4,184,15,0,11.3,1,4,0,10.5,0.1,16,0,9.2,0.5,1,0,8.4,0.3,0,0,7.9,0.7,8,0,7,0.3,8,185,15,0,11.5,0.6,13,0,9.9,1.5,7,0,8.5,1,8,0,7.4,0.5,8,0,7.6,0.8,8,0,7,0.5,8,186,15,0,12.1,0.9,8,0,10,0.4,9,0,9.1,0.2,16,0,8.1,0.6,5,0,7.7,0.6,7,0,7.1,0.5,7,188,15,0,11.5,0.3,4,0,11.2,1.2,2,0,10.3,1.4,2,0,9.9,1.5,2,0,9.4,1.4,2,0,9.1,1.5,3,47582,15,0,15.9,3.3,14,0,14.8,3,15,0,13.8,3.1,15,0,12.9,3.4,15,0,12.9,2.3,0,0,12.4,1.9,1,192,15,0,11.2,0,16,0,10.1,0,16,0,9.2,1,2,0,8.5,0.8,2,0,7.7,1,3,0,7.5,1.1,2,193,15,0,13,1.9,13,0,10.5,0.7,14,0,9.5,0.8,0,0,8.8,1,0,0,7.9,0.8,0,0,7.2,1.4,0,194,15,0,13.2,0.9,15,0,10.4,0.3,10,0,8.9,0,16,0,8.2,0,16,0,7.7,0,16,0,7.2,0,16,195,15,0,12.2,0.9,13,0,11.2,1.5,13,0,9.9,1.2,15,0,10,0.3,2,0,9.2,0.8,3,0,8.5,0.8,2,196,15,0,15.7,1.6,14,0,15.7,2,14,0,15.2,1.4,14,0,11.1,1.7,5,0,11,1.8,5,0,10.5,1.9,6,198,15,0,14,1.6,12,0,12.6,1.6,10,0,12.1,0.1,16,0,11.8,0.1,16,0,11.1,0.8,4,0,10.3,1.1,5,199,15,0,16.7,2.9,15,0,16.7,3.5,15,0,16.4,3.2,14,0,16.3,3.3,14,0,16.4,4.1,13,0,16.1,3.7,15,200,15,0,11.4,1.9,5,0,10.7,0.4,6,0,10.6,0.6,7,0,9.9,1.1,8,0,9.5,1,8,0,9,1.4,8,202,15,0,11.4,1.6,10,0,10.7,1.3,8,0,11.1,1.4,8,0,10.6,0.2,16,0,9.9,1.3,8,0,9.8,1.4,7,204,15,0,11.9,0.6,13,0,11.9,1,13,0,11.8,1.1,13,0,10.2,0.2,16,0,9.7,0.1,16,0,8.9,0,16,912,15,0,10.9,0.4,3,0,9.3,0.1,16,0,8.6,0.1,16,0,7.3,0.1,16,0,7,0.3,12,0,6.7,0.1,16,1035,15,0,15.7,2.7,15,0,15.3,2.1,15,0,15.1,2.1,15,0,14.9,2.1,15,0,14.7,2.3,15,0,14.6,2,15,1036,15,0,14.8,2.4,0,0,14.2,2.3,0,0,13.3,1.1,1,0,13.7,1.6,15,0,13.5,2.1,0,0,13.2,1.7,0,1043,15,0,14.5,2.6,15,0,13.9,3.7,0,0,13.9,3.5,0,0,13.7,4.1,0,0,13.6,3.6,0,0,13.4,3.5,0,1050,15,0,12.8,0.7,10,0,11.6,2.4,10,0,10.8,0.9,9,0,10,1.2,9,0,9.1,0.7,9,0,8.3,1,10,1109,1,0,0,0,0,0,0,1115,1,0,0,0,0,0,0,1117,15,0,10.5,0.7,8,0,9.4,0.5,7,0,8.1,0.4,7,0,8.3,0,16,0,8.1,0,16,0,7.3,0.3,13,1131,15,0,9.4,1.5,7,0,9.6,1.8,7,0,9.3,2,7,0,8.7,2.2,7,0,8.3,2.1,8,0,8,2.5,7,1167,1,0,0,0,0,0,0,1273,1,0,0,0,0,0,0,1278,1,0,0,0,0,0,0,1289,15,0,9.6,0.5,12,0,9.3,0.4,7,0,8.9,0.4,10,0,8.5,0.6,8,0,7.3,0.7,10,0,6.7,0.4,11,1407,1,0,0,0,0,0,0,1408,1,0,0,0,0,0,0,1422,1,0,0,0,0,0,0,1425,1,0,0,0,0,0,0,1463,15,0,11.1,0.9,4,0,12.1,0.9,7,0,7.5,0.4,9,0,7.2,1.2,5,0,5.5,1,5,0,6.7,0.4,0,1511,15,0,13.9,3.1,14,0,13.3,2.1,14,0,12.6,2.4,13,0,11,2.3,13,0,11.9,0.9,13,0,11.2,1,13,1652,1,0,0,0,0,0,0,205,15,0,12.3,0.9,10,0,12.2,0.9,11,0,11,0.8,9,0,11.4,0.5,13,0,11.8,0.8,11,0,11.4,0.4,10,206,15,0,11.9,1.7,13,0,9.9,1.6,13,0,8.5,1.6,7,0,7,0.3,6,0,6.2,0.1,16,0,5.6,0,16,207,15,0,12.2,1.1,11,0,11,0.6,10,0,9.1,1,10,0,8.3,1.2,10,0,7.7,1.2,10,0,6.7,0.5,15,209,15,0,14.5,1.5,12,0,11.5,0.3,10,0,9.4,0.6,3,0,8.3,0.4,3,0,8,0.1,16,0,8.8,0.7,15,211,15,0,11.9,0.9,7,0,11.4,1.1,10,0,10.3,0.6,11,0,9.7,1,10,0,9.8,0.3,10,0,9.8,1.2,11,214,15,0,13.3,2.5,14,0,12.3,0.5,0,0,12,1.2,0,0,9.5,1.1,14,0,11,3,13,0,10.6,3.8,13,218,15,0,11.5,0.4,2,0,10.9,2.1,11,0,10.8,1.6,12,0,10.6,1.4,11,0,10.4,1.8,12,0,10,1.4,12,221,15,0,13,2.5,11,0,12.1,1.3,11,0,12.3,3.2,10,0,12.1,3,11,0,11.6,5.2,12,0,10.3,0.9,6,47584,15,0,12.6,1.5,4,0,11,2.9,6,0,10.2,1.3,1,0,9.7,2.5,5,0,9.3,0.8,3,0,8.6,2,5,47585,15,0,15.9,1.6,12,0,14.6,1.9,13,0,13.8,1.8,14,0,11.7,1.4,11,0,10.7,1.1,12,0,9.8,1.7,13,226,1,0,0,0,0,0,0,227,15,0,13.4,0.5,6,0,12.6,1.2,12,0,11.7,1,9,0,10.6,0.4,13,0,9.2,0.6,6,0,7.9,0.5,2,228,15,0,10.8,0.4,4,0,10.1,2,5,0,8.9,1.7,5,0,8.4,1.5,5,0,7.6,1.5,5,0,7,1.9,5,229,15,0,11.4,0.5,10,0,11.2,0.3,10,0,11.1,1,9,0,10.4,0.3,14,0,10,0.5,10,0,10,0.4,10,230,15,0,15.1,3.9,13,0,14.5,1.6,14,0,13.8,0.3,2,0,12.7,0.5,2,0,11.3,0,16,0,10.6,0.2,16,231,15,0,12.9,4.2,12,0,10.7,1.2,1,0,9.4,1.1,6,0,8.3,0.9,5,0,6.6,0.6,4,0,5.2,0.8,3,233,15,0,16.3,1,1,0,15.9,1.8,13,0,15,0.3,6,0,14.1,1.5,14,0,12.9,0.2,16,0,11.8,1.4,14,235,15,0,14.3,1.3,12,0,13.2,0.8,14,0,12.4,0.7,14,0,11.7,1,1,0,9.8,0.3,7,0,10.7,1.2,1,236,15,0,14.9,4,14,0,14.1,3.2,13,0,13.7,1.3,15,0,12.5,0.5,1,0,12.6,0.8,1,0,11.4,1.3,2,47512,15,0,15.6,2.7,15,0,15,3.2,13,0,14.7,3.3,14,0,14.7,6.8,14,0,14.3,5.5,15,0,13.8,5.8,0,238,15,0,15.7,2.3,12,0,13.9,0.6,10,0,14,1.2,0,0,12.2,0.9,4,0,11.5,0.7,7,0,11.8,0.6,0,239,15,0,13,2.3,14,0,11.5,1,14,0,9.9,0.5,13,0,9.1,0,16,0,8.3,0.6,3,0,7.8,0,16,1028,1,0,0,0,0,0,0,1032,15,0,13.4,1.8,3,0,13.1,2.8,15,0,9,1,8,0,8.1,0.3,14,0,7.2,0.5,0,0,6,0.4,8,1033,15,0,14.3,1,12,0,12,1.5,11,0,11.8,1.4,11,0,10.7,0.6,12,0,10.2,1,12,0,9.8,0.9,12,1037,1,0,0,0,0,0,0,1045,1,0,0,0,0,0,0,1078,15,0,8.5,1.3,12,0,6.8,0.4,0,0,4.5,0.1,16,0,3.1,0.7,3,0,1.9,0.3,3,0,0.7,0.2,16,1113,1,0,0,0,0,0,0,1118,15,0,12.4,1.4,10,0,11.4,0.3,10,0,9.7,0.1,16,0,8.5,0,16,0,8.1,0.1,16,0,7.7,0,16,1120,15,0,11.7,1.2,2,0,9.8,1.7,9,0,9,0.3,6,0,8,0.3,10,0,7.1,0.8,7,0,6.4,0.6,9,1123,15,0,11,0.1,16,0,10.1,0.1,16,0,9.5,1,10,0,8.8,0.5,7,0,8.7,1,9,0,7.9,1.2,9,1128,15,0,15,4.8,13,0,14.4,5.3,14,0,14.2,7.2,13,0,12,1,8,0,9.2,1.1,6,0,8.1,1.6,4,1168,1,0,0,0,0,0,0,1206,15,0,14.8,3.7,13,0,13.5,3.1,14,0,13.3,2.5,13,0,12.3,4.1,13,0,11,1.8,13,0,10.4,1.5,14,1212,15,0,12.6,0.3,11,0,11.5,1,10,0,11.3,0.5,10,0,10.2,1.5,7,0,9.1,0.8,10,0,8.9,0.1,16,1215,15,0,10.6,1.6,11,0,8.8,0.1,16,0,8.7,0.2,16,0,8,1,5,0,8,0.3,12,0,7.2,0.2,16,1219,15,0,13.6,1.7,12,0,12.7,2.1,10,0,11.6,1.2,11,0,10,0.3,11,0,11,1.4,10,0,9.1,1,9,1224,15,0,12.5,1.4,10,0,10.8,1.3,11,0,10.2,1,12,0,9.6,1.5,11,0,8.4,0.5,8,0,8.3,0.7,10,1332,1,0,0,0,0,0,0,1447,15,0,7.1,0.6,12,0,6.4,0.7,12,0,5.4,0.6,11,0,4.2,0.6,12,0,4,0.9,13,0,3.6,0.1,16,1508,1,0,0,0,0,0,0,1557,1,0,0,0,0,0,0,1558,1,0,0,0,0,0,0,1560,1,0,0,0,0,0,0,1563,1,0,0,0,0,0,0,1627,1,0,0,0,0,0,0,1628,15,0,15.9,1.9,13,0,15.7,3.3,15,0,13,2.2,14,0,11.4,3,15,0,10.7,2.9,15,0,9.8,2.8,15,1629,15,0,15.6,1.6,13,0,14.2,0.7,15,0,12.5,0.1,16,0,12.8,1,14,0,12.5,1.5,14,0,13.1,2.1,13,1653,1,0,0,0,0,0,0,242,15,0,14.1,0.9,12,0,13.2,1.6,12,0,13.1,1.2,13,0,12.5,1.6,13,0,13.3,3.2,14,0,13.7,5.1,14,243,15,0,11.5,1,14,0,10.6,0.6,0,0,9.4,0.7,13,0,8.9,0.6,0,0,7.8,0.1,16,0,9.1,1.2,14,244,15,0,13.6,3.4,12,0,14.2,1.4,14,0,12.7,1.1,3,0,11.7,0.9,8,0,9.7,0.3,7,0,10.4,1,11,246,15,0,16.2,2.2,14,0,15.3,1.8,14,0,13.3,1.7,14,0,13.3,1.8,13,0,13.5,3.5,13,0,13.5,4.6,13,247,15,0,14.4,5.3,12,0,14,5.9,13,0,13.7,3.9,13,0,12.7,1.8,4,0,12.7,1.4,3,0,12.9,1,14,248,15,0,15.1,2.7,13,0,14.6,1.3,13,0,14.5,1.3,12,0,13.7,0.8,3,0,12.8,1.4,1,0,11.1,0.6,0,249,15,0,15,5.5,13,0,13.8,3.1,13,0,14.4,5.4,14,0,14.2,4.9,13,0,13.8,4.4,14,0,13.8,3.2,14,47592,15,0,15.7,5.9,14,0,14.5,5.5,15,0,14.3,6.4,14,0,13.5,4.5,14,0,13.3,5.2,15,0,13,5.4,14,251,15,0,11.4,2,12,0,10.9,3.6,11,0,12.2,3.4,12,0,11.9,4,12,0,12.2,3.4,12,0,11.5,2.5,12,47590,15,0,17.2,2.7,0,0,17,4.9,14,0,15.7,3.5,15,0,14.7,3.3,0,0,14.9,2,14,0,15.1,4.6,14,256,15,0,17.6,4,12,0,15.9,3,15,0,14.4,1.8,15,0,12.1,0.9,10,0,11,1.1,9,0,9.8,0.7,13,257,15,0,18.3,2.8,13,0,16.9,1.5,14,0,13.6,1,10,0,12.5,1.9,12,0,11.7,1.6,11,0,11.7,0.6,11,985,1,0,0,0,0,0,0,1029,15,0,13.3,3.5,12,0,13,0.4,10,0,12.4,1,14,0,12.2,0.9,14,0,11.1,1,14,0,12.1,1.3,15,1030,15,0,15.2,5.8,14,0,14.5,4.5,14,0,14.5,6.7,15,0,14.2,5.6,14,0,14.2,5.4,14,0,13.9,5.7,14,1126,15,0,11.2,1.3,10,0,10.7,1.1,1,0,10.8,1,10,0,10.2,0.9,10,0,10.2,1.1,9,0,10.2,1.1,12,1220,15,0,19.3,1.7,14,0,15.3,0.7,11,0,15.4,2.1,14,0,13.4,2.6,1,0,13.1,1.6,13,0,10,1.6,0,1290,15,0,17.5,5.6,14,0,16.7,9.6,14,0,16.2,6.9,14,0,15.7,3.7,13,0,15.5,7.2,14,0,15,2.9,15,1298,1,0,0,0,0,0,0,1365,1,0,0,0,0,0,0,1464,15,0,18.2,4.5,15,0,16.8,5.7,15,0,14.5,3.5,2,0,14.4,2.9,1,0,14.7,4.3,0,0,14.7,3,0,1526,1,0,0,0,0,0,0,1561,1,0,0,0,0,0,0,1564,15,0,15.9,0.7,15,0,15.3,1.5,0,0,13.2,1.3,1,0,14,1.9,1,0,13.1,1.5,1,0,12.3,1.6,0,1626,15,0,15.8,4,14,0,14.8,1.2,1,0,14.3,1.4,4,0,14.6,1.7,6,0,14.4,2,14,0,13.9,2.2,10,1630,15,0,16.1,3.2,13,0,14.8,1.2,14,0,13.4,1.3,13,0,12,0.8,1,0,11.2,0.8,11,0,10.7,0.5,7,1631,15,0,15.4,4.9,13,0,13.6,3.1,0,0,13.1,2.9,15,0,13.4,3.5,14,0,12.6,2.7,15,0,12.1,2.1,14,1632,1,0,0,0,0,0,0,47587,15,0,16.6,4.1,15,0,16.5,3.7,15,0,16.5,3.8,14,0,16.2,3.4,14,0,14,2.6,15,0,12.2,1.1,4,260,15,0,10.5,0.8,15,0,9.8,0.9,0,0,9.4,0.2,16,0,8.5,0.3,12,0,7.6,0.4,0,0,7.1,0.2,16,262,15,0,10.5,0.6,1,0,10.1,0.9,1,0,9.9,0.6,1,0,9.2,0.5,1,0,8.7,0.7,1,0,8.2,1,1,263,15,0,15.2,1.2,10,0,14.7,1.1,9,0,14.1,0.8,9,0,13.2,0.1,16,0,12.7,0.2,16,0,12.2,0.4,8,264,15,0,12.4,0.6,11,0,11.7,0.3,3,0,11.3,0.3,5,0,10.3,1,5,0,10,0.5,5,0,9.3,1.1,5,47520,15,0,14.3,3.4,14,0,12.5,3.5,0,0,10.6,2.3,1,0,10.4,1.8,1,0,9.3,3,0,0,9.5,1.5,1,266,1,0,0,0,0,0,0,268,1,0,0,0,0,0,0,272,15,0,15,4.9,14,0,14.4,3.9,12,0,11.4,1.4,3,0,9.7,0,16,0,8.6,0.6,13,0,7.9,0.8,12,47588,15,0,15.5,0.7,1,0,14.2,1,3,0,12.8,0.7,6,0,12.3,0.9,6,0,11.5,0.8,4,0,11,1.8,8,275,15,0,17,2.4,13,0,15.6,2.7,12,0,12.8,0.5,3,0,10.2,1.1,1,0,8.9,0.7,13,0,8.6,0,16,277,15,0,15.3,2,12,0,13.2,0.6,2,0,11.3,0.7,13,0,9.9,0.4,14,0,9,0,16,0,8.5,0.3,0,278,15,0,15.5,0.6,12,0,14.2,0.7,11,0,13.1,0.4,11,0,11.8,0.3,10,0,10.3,0,16,0,9.3,0.1,16,279,15,0,15.2,1.2,12,0,13.7,0.9,9,0,14.6,2.5,11,0,11.8,1,5,0,13.6,3.2,9,0,13.5,3.1,11,910,15,0,13.6,4,13,0,13.6,2.8,13,0,13.4,2.2,13,0,10.7,0.5,7,0,11,0.6,0,0,12.8,3.2,13,1038,1,0,0,0,0,0,0,1039,15,0,13.8,0.7,2,0,13.4,0.6,14,0,12.5,1.1,2,0,10.8,0.4,15,0,10.5,0.1,16,0,9.3,0,16,1040,15,0,15,1.9,3,0,15,1.9,4,0,15.3,1.8,4,0,14.2,2,4,0,13.3,1.9,4,0,14,1.9,5,1125,15,0,12.7,1.5,10,0,10.9,1,8,0,10.6,0.8,8,0,9.9,1.2,7,0,10.9,1.3,9,0,9.8,1.1,9,1132,15,0,16.4,2.1,11,0,15.4,1.7,10,0,14.1,0.4,2,0,13.5,0.2,16,0,10.3,0.7,4,0,9.3,0.8,4,1291,15,0,15.5,3.7,14,0,15.3,4.1,14,0,15.1,3.6,14,0,15.3,4.8,13,0,15.1,4.3,14,0,14.9,3.8,14,1292,15,0,9.6,0.6,12,0,9.1,1.1,3,0,8.7,0.8,8,0,8.5,1,9,0,8.9,1.2,0,0,11.4,1.5,0,1357,1,0,0,0,0,0,0,1372,1,0,0,0,0,0,0,1465,15,0,16,2.7,14,0,16,2.8,14,0,15.4,2.5,14,0,15.6,2.5,13,0,15.7,3.1,13,0,15.4,1.8,14,1488,15,0,13.8,4.1,1,0,12.3,0.7,7,0,10.4,1,6,0,9.7,0.7,8,0,9.4,0,16,0,7.7,1,9,1539,15,0,13.3,1.5,1,0,12.9,0.9,15,0,10.5,1.2,12,0,10,0.7,13,0,9.6,0.4,12,0,8.2,1,9,1562,1,0,0,0,0,0,0,295,15,0,16,1.6,8,0,16.1,1.5,12,0,13,1,14,0,12,1.2,11,0,10.8,0.8,11,0,12,1.3,14,304,15,0,16.9,0.6,3,0,16.2,1.9,0,0,15,0.5,6,0,12.8,0.6,15,0,11.7,0,16,0,11,0.9,0,1034,15,0,21,2.1,13,0,18.6,0.9,13,0,18,0.4,0,0,17.7,0.6,1,0,16.4,0.6,4,0,15,0.4,4,1129,15,0,14.5,0.1,16,0,13.2,1,12,0,12.3,0.1,16,0,12,1.5,6,0,11.3,0.7,14,0,10.1,0.1,16,285,15,0,18.8,2.7,13,0,18.7,1.7,13,0,17.3,2.4,2,0,15.2,1,13,0,13.4,1.1,0,0,11.9,1.3,10,299,15,0,17.6,1.8,11,0,18,2.2,13,0,17.1,3.2,13,0,15.8,4,15,0,15,4.5,14,0,14.5,3.5,13,281,15,0,18.9,1,3,0,17.5,1.6,9,0,17.2,2.6,10,0,14,0.1,16,0,14.8,2.2,14,0,12.8,0.6,14,47595,15,0,19.8,1.9,9,0,18.6,0.9,11,0,17.8,2.2,11,0,16.8,2.3,15,0,16.1,1.2,15,0,15.6,2.2,15,286,15,0,16.6,4.4,10,0,13.6,0.8,10,0,11.7,0,16,0,10.8,0,16,0,10.2,0.2,16,0,10,0,16,288,1,0,0,0,0,0,0,290,15,0,14.2,1.4,8,0,13.8,2.4,11,0,13.5,1.3,12,0,13.8,4.8,13,0,13.4,2,13,0,12.9,1.9,12,291,15,0,17.1,0.6,4,0,14.9,1,13,0,13.6,0.8,14,0,12.9,0.8,12,0,12.2,0.6,13,0,11.6,0.6,11,47570,15,0,17.4,3.3,13,0,16.6,3.5,14,0,15.6,1.9,14,0,15,2.5,15,0,14.5,1.8,14,0,13.3,1.1,4,294,15,0,15,1.1,11,0,13.6,1,11,0,12.4,1,5,0,11.4,0.9,7,0,10.6,1.4,5,0,9.9,1.2,6,297,15,0,16.1,0.5,8,0,15.6,0.3,10,0,14.5,0.5,11,0,12.8,0.2,16,0,11.7,0.1,16,0,11.4,0,16,300,1,0,0,0,0,0,0,301,15,0,14,1.5,5,0,13.7,1.9,4,0,12.6,1.7,4,0,12,1.9,3,0,9.9,1.1,7,0,11,1.4,3,303,15,0,13.5,1.9,7,0,13.3,1.3,9,0,12.8,1.7,8,0,12,0.2,16,0,10.9,0.6,13,0,10.5,1.5,12,47597,15,0,17,2.8,3,0,16.1,3.5,2,0,16.2,2.7,1,0,15,1.6,5,0,14.3,2.8,2,0,13.8,3.3,2,307,15,0,17,1.1,4,0,17,0.3,8,0,17,1.9,11,0,15.8,0.7,11,0,14.7,1,4,0,14.6,1,10,310,1,0,0,0,0,0,0,312,15,0,16.9,2.1,0,0,16.1,3.1,0,0,15.3,2.1,1,0,14.6,2.1,1,0,14.3,2,1,0,13.2,2.9,0,47598,15,0,20.5,1.6,15,0,20.3,2.4,0,0,19.2,2.8,15,0,19.2,3.5,0,0,18.8,3.4,0,0,18.1,4.6,0,1031,15,0,16.2,0.5,11,0,15.9,0.5,11,0,15.1,0.1,16,0,14.1,0.5,13,0,13.7,1.3,11,0,13,0.9,10,1044,15,0,14.5,0.2,16,0,14.2,0.4,11,0,12.7,0.1,16,0,12.1,0.5,8,0,11.6,0.4,9,0,11.2,0.3,10,1116,15,0,9.5,1.8,1,0,9.2,5.3,12,0,8.7,5.1,12,0,8.1,5.5,11,0,7.6,5.2,11,0,6.8,2.5,12,1130,15,0,15,1.9,14,0,13.3,1.3,12,0,11.2,0.9,13,0,10.4,1.1,12,0,9.6,0.7,13,0,8.2,0.1,16,1150,1,0,0,0,0,0,0,1268,1,0,0,0,0,0,0,1269,1,0,0,0,0,0,0,1274,1,0,0,0,0,0,0,1282,15,0,10,1.1,4,0,8.6,0.6,3,0,9.7,0.7,4,0,9.6,0,16,0,8.1,0.7,3,0,7.2,0.4,3,1293,15,0,17.1,2.4,2,0,16.2,2.1,0,0,15.7,1.3,2,0,15.3,2,1,0,14,2.3,1,0,13.1,2.3,2,1294,15,0,14.1,1.1,0,0,14,0.8,0,0,13.9,2.5,1,0,12.6,0.6,0,0,11.5,0.3,15,0,11.1,0.4,15,1295,15,0,11.9,0.6,9,0,11.2,0.6,10,0,11.2,1,9,0,10.7,0.8,10,0,9.7,0.5,9,0,9.1,0.2,16,1386,1,0,0,0,0,0,0,1466,15,0,16.3,5.5,0,0,15.9,5.1,15,0,14.9,3.7,15,0,14.2,3.3,0,0,14.3,5,0,0,13.8,6.5,0,1607,15,0,18.4,2.1,15,0,17,0.7,14,0,18.8,4.9,15,0,16.3,3.5,15,0,18.7,2.6,12,0,18,5.1,14,1633,15,0,19.5,3.9,13,0,19,3.6,13,0,17.1,2.8,2,0,14.9,1.3,14,0,14,1.8,14,0,12.9,0.6,0,1634,15,0,15.1,1.1,14,0,14.8,0.6,13,0,14.1,1.3,14,0,13.5,1,13,0,13.1,0.9,12,0,13.4,1.1,10,314,1,0,0,0,0,0,0,315,15,0,18.2,0.3,0,0,19.5,3.5,0,0,18.7,2.6,15,0,18.8,3.4,15,0,18.6,1.2,7,0,14.8,0.8,2,316,15,0,17.5,0.8,1,0,16.9,0.4,15,0,16.3,0.4,1,0,15.7,0.6,5,0,14.9,1.3,0,0,14.3,0.4,4,318,15,0,17.8,0.8,14,0,17.7,0,16,0,16.7,0,16,0,16.2,0.6,15,0,15.9,0.4,15,0,15.8,0,16,47629,15,0,22.1,0.9,10,0,19,1.2,0,0,18.1,1.8,0,0,18,1.4,0,0,17.6,1,15,0,17.9,1.4,15,320,15,0,20.6,1,2,0,19.8,1.1,1,0,19.2,0.9,1,0,18.7,1.1,1,0,18.7,1.9,1,0,18.1,1.4,0,322,15,0,20.2,1.2,3,0,18.8,0.1,16,0,18.3,0.1,16,0,17.8,0,16,0,17.7,1.1,1,0,16.4,0.2,16,323,1,0,0,0,0,0,0,324,15,0,20.1,0.3,2,0,19.1,0.4,2,0,18.7,0.9,2,0,18.4,1.5,1,0,18.2,2.3,1,0,18.2,2.5,1,325,15,0,20.4,1.2,8,0,19.5,0.8,8,0,18.8,0.8,9,0,17.9,0.6,15,0,18.2,1.2,1,0,19.8,2.5,3,911,1,0,0,0,0,0,0,1011,15,0,21.2,1.8,13,0,20,1.4,15,0,20,1.3,1,0,18.7,1,12,0,18.9,1.3,14,0,17.8,0.9,12,1012,1,0,0,0,0,0,0,1013,1,0,0,0,0,0,0,1014,15,0,19,0.8,11,0,18,2,4,0,17.6,1.1,4,0,17.7,1.4,3,0,16.8,1,2,0,17,1.9,2,1170,1,0,0,0,0,0,0,1173,1,0,0,0,0,0,0,1245,15,0,17.8,0.1,16,0,17.6,0.4,10,0,16.8,0,16,0,16,1.2,15,0,16.7,1.2,3,0,18.1,0.8,2,1331,15,0,17.4,0.5,1,0,16.7,1.2,0,0,17,2.2,15,0,17.6,2.2,15,0,17.6,2.1,14,0,16.9,2.6,0,1388,1,0,0,0,0,0,0,1421,1,0,0,0,0,0,0,47646,15,0,17.6,1.1,3,0,17.1,0.9,7,0,17,1,5,0,16.6,1.5,2,0,18.5,2.6,3,0,18.5,2.8,2,1530,15,0,19.8,0.9,7,0,18.3,0.9,1,0,17.4,1.2,2,0,17.3,1.3,1,0,16.5,1.2,1,0,16.8,0.8,2,1635,15,0,20.9,0.1,16,0,19.6,0.9,15,0,18.9,1,0,0,17.7,0.7,0,0,18,0.8,6,0,16.8,0.5,14,326,15,0,12,0.8,13,0,11.3,1.9,12,0,11,1.5,13,0,10,1.7,12,0,10.5,2,13,0,9.4,2,12,329,15,0,16.6,1.2,15,0,18.8,2.4,14,0,18.3,2.7,0,0,17.5,3.6,15,0,16,1.9,0,0,14.3,3.4,1,331,15,0,17.5,1.3,3,0,16.9,1.2,0,0,17.4,2.3,2,0,16.7,3.2,1,0,16.5,2.2,2,0,15.8,3.3,1,47690,15,0,11.8,1.8,12,0,10.7,2.4,12,0,10.5,3.2,12,0,9.9,3.3,12,0,8.9,2.8,12,0,8.6,3.6,12,334,1,0,0,0,0,0,0,335,15,0,18.1,1.1,13,0,17.7,1,14,0,17.1,1.5,13,0,17.3,1.7,15,0,16,0.8,13,0,15.3,0.8,14,47615,15,0,20.8,1.9,6,0,20.3,1.3,0,0,19.6,2.9,1,0,19.1,3,1,0,18.6,4.4,1,0,18.6,4.3,2,337,1,0,0,0,0,0,0,338,15,0,18.5,0.2,16,0,17.9,0.2,16,0,18.3,0.9,1,0,17.1,1.1,2,0,17.2,1.6,2,0,17.1,1.7,2,339,1,0,0,0,0,0,0,340,1,0,0,0,0,0,0,341,15,0,20,0.3,3,0,19.4,0.4,1,0,19.3,1,0,0,18.6,1.2,1,0,18.2,1,0,0,18,1.1,15,1015,15,0,13.9,0.4,1,0,12.8,0.3,1,0,12.4,0,16,0,11.9,0.1,16,0,11.3,0,16,0,10.7,0,16,1016,1,0,0,0,0,0,0,1018,15,0,20.4,0.8,2,0,19.5,0.8,1,0,19,0.7,1,0,18.8,1.5,0,0,18.2,1.1,1,0,16.9,0.4,10,1221,15,0,10.7,0.8,14,0,9.5,0.7,5,0,9.4,1.3,14,0,9.2,1.1,14,0,8.9,1.4,14,0,7,0.5,15,1333,15,0,17,1,12,0,16.6,1.5,13,0,15.8,1.3,12,0,14.6,0.4,9,0,14.5,1.7,12,0,14.3,1.8,12,1334,15,0,16.6,0.8,13,0,16.1,1.2,5,0,15.7,0.8,1,0,14.5,0.4,0,0,14.2,0.6,1,0,13.3,0.8,0,1605,15,0,17.8,0,16,0,16.9,0.6,6,0,16.7,0.6,1,0,15.7,0.9,5,0,15.4,0.5,6,0,14.6,0.5,6,343,15,0,11.4,0.8,15,0,11.2,0.3,11,0,10.4,0.1,16,0,9.7,0.3,12,0,8,0.6,14,0,9,0.4,12,346,15,0,18.5,0.7,12,0,17.1,2.2,2,0,16.1,0.6,9,0,15.4,2.6,3,0,14.8,1.7,1,0,13.9,1.6,1,348,15,0,10.5,2.2,10,0,9.2,1.8,9,0,8.7,1.8,10,0,7.5,1.4,10,0,7.1,1.7,9,0,6.7,2,10,349,1,0,0,0,0,0,0,47624,15,0,22.4,3.6,15,0,21.4,2.7,15,0,20.7,3.3,15,0,20.1,4,14,0,19.7,4.1,14,0,18.1,3.8,13,351,15,0,19.5,1.6,15,0,19.5,1.2,12,0,18.5,1.3,14,0,17.2,1.4,15,0,17.2,1,14,0,16.2,1,15,353,15,0,18.2,0.6,14,0,18,1.6,14,0,17.8,1.7,14,0,17.4,2,14,0,16.1,1.3,14,0,15.7,1.5,14,354,15,0,16.1,0.9,15,0,15.4,0.4,14,0,14.6,0,16,0,14.7,1.1,14,0,14.1,0.6,14,0,13.5,0,16,355,1,0,0,0,0,0,0,356,15,0,22.9,1.7,1,0,21.2,1.2,0,0,20.4,2,0,0,20.2,1.1,14,0,19.5,1.1,14,0,19,1.2,12,1019,15,0,14.6,2.3,3,0,14,2.4,3,0,13.8,2.6,3,0,13.7,1.7,4,0,12.8,2.4,3,0,12,2.5,3,1020,15,0,16.9,0.9,15,0,15.6,0.4,13,0,14.7,1.1,14,0,14.2,1.2,14,0,13.6,1.2,14,0,12.8,1.4,14,1021,15,0,22.6,2.8,13,0,21.3,2.5,0,0,20.2,2.5,14,0,20.7,3.4,14,0,19.9,1.6,14,0,19,3.3,11,1174,1,0,0,0,0,0,0,1222,15,0,12.5,0.2,16,0,11.8,0.3,0,0,11.5,0.3,1,0,11.2,0.6,0,0,10.6,0.4,0,0,9.8,0.1,16,1223,15,0,15.9,0.5,12,0,15,0,16,0,14.5,1,11,0,14.1,0.2,16,0,13.6,0.6,12,0,13.1,0.7,12,1259,1,0,0,0,0,0,0,47626,15,0,22.5,1.5,4,0,20.8,1.9,12,0,20.3,1.9,13,0,20.6,2.5,14,0,20,2.6,13,0,19.8,1.7,13,359,15,0,21.2,1.6,8,0,21,0.9,15,0,20.2,1.7,1,0,19.6,0.9,3,0,18.2,1.2,14,0,17.4,1.8,14,47641,15,0,19.4,1.6,10,0,18.4,2.2,9,0,17.3,1.4,8,0,16.7,0.4,15,0,15.9,1.6,8,0,15,0.3,14,362,1,0,0,0,0,0,0,363,15,0,22.2,1.2,7,0,20.7,1.2,9,0,20,1.1,9,0,19.4,0.8,1,0,18.4,2,14,0,18.9,1.5,15,364,15,0,20.6,0.6,9,0,20.2,1.1,10,0,20.1,0.7,7,0,18.7,0.8,1,0,18,0.9,0,0,17.5,1,15,1000,1,0,0,0,0,0,0,1009,15,0,21.3,2.7,13,0,21.7,2.5,14,0,20.9,1.9,13,0,20.5,3.4,13,0,20.7,3,13,0,18,2.7,14,1069,1,0,0,0,0,0,0,1070,15,0,19.5,2.2,8,0,18.3,0.9,12,0,17.8,1.2,13,0,20.1,3.2,14,0,20.2,3,15,0,19.4,2.7,15,1159,1,0,0,0,0,0,0,1182,1,0,0,0,0,0,0,1232,15,0,19.2,0.4,15,0,18.4,0.7,14,0,19.5,1.7,14,0,20.3,2.2,14,0,20.8,3,14,0,18.8,1,15,1497,1,0,0,0,0,0,0,365,15,0,16.9,0.8,13,0,16.3,0.7,14,0,15.9,0.4,15,0,15.4,0.9,13,0,15,0.7,14,0,14.6,1.4,14,366,15,0,19.9,1.2,14,0,19.1,0.4,11,0,18.7,0.8,12,0,17.8,1.1,11,0,17.6,2,13,0,18.8,5,14,368,1,0,0,0,0,0,0,47662,15,0,23.3,2.8,9,0,22.9,2,9,0,22.1,2.8,10,0,22.1,0.7,9,0,21.9,3,14,0,21.8,2.2,15,370,15,0,21.4,2.9,8,0,21,2.9,7,0,20.9,2.7,9,0,20.5,2.2,10,0,19.4,0.6,7,0,20.8,1.5,15,371,15,0,22.9,2.8,10,0,22.7,3.9,9,0,22.8,2.7,10,0,21.7,2.1,11,0,21,2.3,13,0,21.4,3,14,47675,15,0,17.3,2.3,5,0,16.9,0.6,4,0,16.7,1.7,4,0,16.2,1,3,0,16.1,2.4,4,0,16.5,3.2,3,47677,15,0,20.2,2.8,6,0,20.2,1.8,5,0,20.9,1.3,5,0,21.7,2.6,2,0,21.9,3.6,2,0,21.9,3.1,2,47678,15,0,22.6,5.4,3,0,22.3,5.2,3,0,22.2,4.6,3,0,22.3,4.7,3,0,22.5,5.2,3,0,22.5,5.5,3,1001,15,0,20.5,0.8,11,0,19,0.6,14,0,19.3,1.3,13,0,19.2,0.3,0,0,19.4,1.4,14,0,18.4,1,14,1002,15,0,20.8,0.5,8,0,20.3,1,11,0,19.5,0.3,9,0,18.9,0,16,0,20.5,2,15,0,20.5,2.2,15,1133,15,0,19.8,0.3,12,0,19.5,0.5,7,0,19.3,0.3,12,0,18.7,0.7,14,0,19.3,0.8,13,0,20,0.5,14,1180,1,0,0,0,0,0,0,47971,15,0,23.9,7.4,2,0,24.5,7.3,2,0.5,24,5.7,2,0.5,24.1,3.3,1,0.5,24.3,1.2,4,0,25,4.2,3,1467,15,0,18.1,0.8,5,0,17.7,1.4,6,0,17.7,0.6,6,0,16.9,0.9,5,0,18.1,1.6,5,0,18.2,2.5,3,1468,14,23.2,5.6,3,22.8,5.5,3,22.8,6,3,23,6.6,3,23.1,6.4,3,23.2,6.5,3,1506,15,0,21.3,4.2,15,0,21.8,4.7,15,0,21.7,4.9,15,0,21.6,4.7,0,0,21.6,5.1,0,0,21.6,5.3,0,1522,15,0,19.4,1.1,6,0,18.1,0.6,6,0,17.7,0.8,7,0,17.2,0.6,7,0,17,0.5,8,0,17.3,0.7,7,1523,15,0,20.8,3.2,3,0,21,3.1,2,0,21.3,1.9,2,0,21.1,2.7,3,0,21.4,3.8,3,0,21.3,3,3,47991,15,0,26.8,0.9,5,0,25.8,1.1,9,0,26.6,1.5,10,0,26.4,2.1,10,0,26.5,2.7,11,0,26.5,1.8,14,1595,1,1,0.5,2,1.5,1,0.5,1643,1,0,0,0,0,0,0,1644,1,0,0,0,0,0,0,1646,1,0,0,0,0,0,0,1648,1,0,0,0,0,0,0,375,15,0,18.5,0.4,7,0,17.8,1,10,0,17,0.6,8,0,16.6,1,5,0,15.9,0,16,0,16.7,1.2,1,376,15,0,20,1.1,7,0,18.6,0.3,7,0,18.5,0.8,6,0,17.6,1.3,3,0,17.3,0.8,3,0,17.3,1.2,2,377,1,0,0,0,0,0,0,378,15,0,18.3,1.5,7,0,17.6,1.5,6,0,18.2,0.1,16,0,16.7,1.1,6,0,16.4,0,16,0,16.7,0.7,1,47648,15,0,21.3,3.4,9,0,21.4,2.9,9,0,21.3,2.8,9,0,20.1,1.1,15,0,19.2,1.7,14,0,19.6,3.2,0,47682,15,0,22.2,2.4,10,0,21.6,1.7,8,0,21.6,1.8,10,0,21.1,1.6,11,0,20.5,1.1,1,0,20.2,1.5,3,381,15,0,20.1,0.6,0,0,19.1,0.6,9,0,18.3,0.8,8,0,18.2,0.9,14,0,17.7,0.7,13,0,17.5,0.6,6,382,15,0,19.5,1.5,8,0,18.8,1.5,8,0,18.5,1.6,8,0,18.5,0.8,10,0,18.3,0.8,9,0,17.9,1.2,9,383,1,0,0,0,0,0,0,384,15,0,18.9,1.3,12,0,18.3,1.4,13,0,17.7,1.4,12,0,17.4,1.9,14,0,16.9,2.3,12,0,16.5,3,13,47674,15,0,19.5,0.7,1,0,19.2,1.2,2,0,18.8,0.8,1,0,18.5,1,1,0,18.3,1.3,1,0,18.2,1.9,2,47672,15,0,19.2,1.1,6,0,18.1,2,6,0,17.8,0.8,6,0,17.4,1.6,6,0,17,1.4,6,0,16.7,1.5,6,916,15,0,19.9,1.1,10,0,18.3,0.4,1,0,18.1,0.1,16,0,17,1.1,1,0,16.9,0.2,16,0,16.5,1.2,15,1003,15,0,20,0.2,16,0,19.3,0.4,13,0,18.6,0.1,16,0,18.2,0.7,15,0,17.7,1.4,15,0,17.4,1.7,15,1004,1,0,0,0,0,0,0,1236,15,0,21,1.3,8,0,20.8,0.3,7,0,20.7,0.5,9,0,19.2,0.3,6,0,19.3,0.8,2,0,18.2,0.1,16,1238,15,0,18,0.9,4,0,17.5,0.9,4,0,16.9,0.9,4,0,16.6,0.5,4,0,16.1,0.9,4,0,15.7,1,4,1241,15,0,16.6,0.6,1,0,16,0.8,1,0,15.6,0.8,1,0,15.1,0.6,2,0,14.9,0.5,1,0,14.7,0.7,1,387,1,0,0,0,0,0,0,388,15,0,19.5,0,16,0,18.6,0.4,1,0,17.9,0.4,1,0,17.8,0,16,0,17,0.3,2,0,17,0.5,3,47670,15,0,21.6,2.5,9,0,21,2.1,9,0,20.3,2.1,11,0,20.9,2,11,0,20.8,1.5,12,0,21.1,3.1,0,390,1,0,0,0,0,0,0,392,15,0,20.3,1.9,8,0,20.2,1.7,8,0,20,1.3,8,0,19.3,1,3,0,19.3,0.9,2,0,19.4,1.2,3,1005,1,0,0,0,0,0,0,1006,1,0,0,0,0,0,0,1007,1,0,0,0,0,0,0,1008,15,0,19.4,0.5,11,0,19.1,1.1,12,0,18.4,1.5,13,0,17.7,0.4,10,0,17.5,0.9,12,0,16.9,1.6,14,1096,1,0,0,0,0,0,0,1443,15,0,22.3,3.1,8,0,22.1,2.9,9,0,21.6,1.4,10,0,20.1,1.2,15,0,19.9,1.3,0,0,19.8,1.5,0,393,15,0,14.2,2.7,6,0,14.3,3,6,0,14.1,2.3,6,0,13.4,1.7,6,0,13,2.5,6,0,12.3,2.7,6,394,15,0,14.7,1,15,0,14,1.8,14,0,14.1,1.5,0,0,13.7,1.7,15,0,13.6,1.6,15,0,12.3,1.8,0,395,15,0,15.5,1.2,2,0,16.4,0.4,10,0,15.2,0.5,15,0,15.2,0.5,13,0,14.7,1.2,0,0,13.3,0.8,0,396,15,0,15,1.3,0,0,14.2,0,16,0,13.9,0.2,16,0,14.2,0.9,1,0,13.9,1.6,0,0,13,0.9,1,47610,15,0,17.6,1.8,1,0,17.3,3.3,2,0,16.6,2.6,3,0,16.7,2.7,0,0,14.9,1.2,12,0,14.4,1,10,398,1,0,0,0,0,0,0,399,15,0,15.3,3.7,1,0,14.7,2.4,1,0,14.1,1.2,1,0,13.8,1.4,15,0,14.1,1.4,1,0,13.8,1.3,3,400,15,0,16.2,0.6,2,0,14.9,0.4,2,0,14.7,0,16,0,14,0.3,3,0,13.7,0,16,0,13.1,0.1,16,402,15,0,17.5,0.3,11,0,16.7,0.2,16,0,15.7,0.5,10,0,15.9,0.7,15,0,15.1,1.8,1,0,14.2,1,3,404,7,0,17.5,2.8,0,16.6,1.9,0,16.4,1.9,0,16.3,2.1,0,16.1,1.3,0,15.6,1.7,47622,15,0,11.8,0.5,1,0,10.7,0.9,0,0,9.4,0.7,0,0,8.9,0.6,0,0,9.7,0.5,14,0,9.8,0.7,14,47618,15,0,17.8,1.2,15,0,16.7,1,2,0,16,2.8,15,0,15.8,1.2,6,0,16,0.5,0,0,15.9,2.5,0,407,1,0,0,0,0,0,0,408,15,0,15.6,0.7,6,0,14.9,0.4,7,0,14,0.4,3,0,13.3,0.5,5,0,12.8,0.3,7,0,11.9,0.4,7,47620,15,0,17.6,4.8,14,0,16.7,6.1,13,0,15.7,7,13,0,15.1,6.2,13,0,14.6,3.9,14,0,13.9,3.4,14,413,15,0,13.9,0.2,16,0,13.7,0.1,16,0,14.4,1.2,3,0,14.7,1.3,1,0,14.5,1.8,0,0,14.4,2.2,1,414,15,0,13.5,0.8,2,0,13.3,0.6,1,0,13.1,1.2,15,0,12,0.3,1,0,12,1.3,15,0,11.9,0.6,15,415,15,0,11.2,1,0,0,10.4,1.5,15,0,9.7,1.4,0,0,9.8,1.2,1,0,9.8,1.3,2,0,9.2,1.8,1,416,1,0,0,0,0,0,0,417,15,0,16.6,1.7,15,0,15.4,1.2,0,0,14.7,1.2,0,0,14.1,0.5,2,0,13.2,0,16,0,13.3,1.4,1,420,1,0,0,0,0,0,0,422,1,0,0,0,0,0,0,424,15,0,17.8,2.2,14,0,17.6,2.8,15,0,17.1,4,15,0,16.3,4.2,15,0,15.6,4.3,15,0,15.1,3.7,15,47637,15,0,19.3,1.8,0,0,18.4,2,15,0,17.7,0.4,13,0,17.1,0.5,14,0,16.9,1.2,14,0,16.8,1.1,7,992,15,0,11.5,1.3,15,0,10.9,1.1,15,0,10.8,1.5,15,0,10.5,2,14,0,10.1,2,13,0,9.7,1.5,13,993,15,0,13.1,3.7,1,0,10.9,1.4,2,0,9.8,1.1,2,0,9.7,1.5,3,0,9.4,2.4,1,0,8.7,3.1,1,994,1,0,0,0,0,0,0,1022,15,0,17.2,0.5,5,0,17.1,0.2,16,0,17.6,0.9,3,0,17.1,1.1,4,0,16.1,1.2,3,0,15.5,1,3,1162,1,0,0,0,0,0,0,1300,15,0,13.5,0.8,10,0,14.1,1.5,10,0,13.6,2.1,11,0,13.4,1.5,10,0,13.2,2.3,10,0,11.6,1.4,10,1312,15,0,12.6,1,8,0,12.8,0.6,9,0,12.6,0.7,9,0,12.5,0.6,9,0,12.8,2,2,0,12.6,1.9,2,1314,15,0,13.9,1.3,0,0,11.9,0.2,16,0,10.6,0,16,0,10.8,0.6,3,0,10.4,0.4,2,0,9.6,0.1,16,1317,15,0,15.4,0.7,14,0,14.6,0.3,14,0,13.1,0,16,0,12.7,0,16,0,12.4,0.3,15,0,12.5,0.4,15,1319,15,0,16.4,2.9,14,0,16.2,2.4,15,0,16,2.3,15,0,15.8,3.2,14,0,15.3,2,15,0,14.9,2.9,15,1323,15,0,18.1,0.2,16,0,17.7,0.1,16,0,17.3,0.3,3,0,16.6,0.1,16,0,16.3,0.5,15,0,16.2,0.4,2,1339,1,0,0,0,0,0,0,1360,1,0,0,0,0,0,0,1394,1,0,0,0,0,0,0,1397,1,0,0,0,0,0,0,1411,1,0,0,0,0,0,0,1445,15,0,18.5,1.5,0,0,16.6,0.1,16,0,17.4,1.7,15,0,16.9,1.5,15,0,16.4,1.7,0,0,15.6,1,15,1529,15,0,17.5,4.9,14,0,16.1,2.2,14,0,15.8,2.9,15,0,15.7,4.4,15,0,15.7,3.1,15,0,15.6,2.9,15,1549,1,0,0,0,0,0,0,1550,1,0,0,0,0,0,0,1551,1,0,0,0,0,0,0,1659,1,0,0,0,0,0,0,47638,15,0,20.9,1.8,8,0,20.3,1.5,4,0,19.1,0.8,5,0,18.5,0.7,15,0,18,0.5,0,0,17.6,0.5,3,433,15,0,18.5,0.3,13,0,18.1,0.2,16,0,17,0.9,4,0,16.8,0,16,0,16.1,0.4,2,0,16.1,0.6,6,434,15,0,17.1,0.8,9,0,16.6,0.9,10,0,16.2,0.6,10,0,15.4,0.9,8,0,15.2,1.2,8,0,14.9,1.4,8,436,15,0,16.1,1.9,7,0,15.3,1.5,6,0,15,1.6,6,0,14.6,1.3,7,0,14.3,0.7,7,0,14.8,0.6,8,47640,15,0,14.6,1.3,12,0,14,1.1,10,0,13.1,1.1,9,0,12.7,1,12,0,12.5,1.1,10,0,12,1.3,10,438,15,0,13,0.1,16,0,11.7,0,16,0,11.7,0.1,16,0,11.2,0,16,0,10.6,0,16,0,10.6,0,16,439,15,0,18.4,0.5,14,0,17.9,1.1,15,0,17.3,0.9,15,0,17.3,1.2,13,0,17.6,2.2,15,0,17.5,1.2,14,1023,15,0,16.2,1,2,0,14.9,1.4,0,0,15.5,1.3,2,0,13.7,2.4,0,0,14.1,1.5,0,0,12.9,1.4,1,1024,15,0,17.5,0.3,12,0,16.9,0.3,13,0,16.2,0.7,12,0,15.9,1.1,12,0,15.3,0.6,11,0,16.2,1.1,13,1165,1,0,0,0,0,0,0,1234,15,0,17.9,0.1,16,0,16.9,0.9,14,0,16.6,0.8,14,0,16.2,1.2,2,0,15.9,0.9,1,0,15.6,0.7,13,47639,2,2.4,0.3,1.5,2.2,2.3,1.8,1599,1,0,0,0,0,0,0,1640,1,0,0,0,0,0,0,440,1,0,0,0,0,0,0,441,15,0,16.7,0.8,3,0,15.8,1.3,14,0,15.1,0.9,14,0,14.9,1,0,0,15,1.3,1,0,14.5,1,15,442,15,0,20.4,1.1,14,0,20.1,1.2,15,0,19.2,1.5,14,0,19,1.5,15,0,18.7,1.9,15,0,18.3,1,15,47657,15,0,19.5,1.3,5,0,18.9,0.9,5,0,18.1,0.8,1,0,17.9,0.9,5,0,17.3,1.1,0,0,16.9,0.8,5,444,1,0,0,0,0,0,0,445,15,0,16.9,0.6,11,0,16.4,0.3,7,0,16.1,0.2,16,0,15.5,0,16,0,15.4,0,16,0,15.1,0.3,8,47668,15,0,20.8,1,9,0,20.6,1,8,0,20,0.5,10,0,19.8,0.6,10,0,19.1,0.8,9,0,19.5,0.3,14,448,1,0,0,0,0,0,0,47656,15,0,20.8,0.9,15,0,20.2,1.1,15,0,19.7,0.8,15,0,19.2,1.2,0,0,19,1.2,14,0,18.7,0.6,15,451,15,0,18.7,2.8,15,0,18.7,2.9,15,0,18.4,2.2,15,0,18.2,2.4,0,0,18.2,0.5,4,0,18.1,1.1,2,453,1,0,0,0,0,0,0,454,1,0,0,0,0,0,0,47654,15,0,21.1,1.1,11,0,21.1,1.4,3,0,20.7,1.2,1,0,20,1.3,1,0,19.6,1.3,1,0,19.3,1.6,1,456,15,0,18.5,1.7,5,0,17.6,1.8,5,0,17.3,1.9,5,0,17,1.6,5,0,16.6,1.9,5,0,15.9,1.7,4,457,15,0,19.2,0.5,14,0,19,1.5,14,0,19,1.4,15,0,18.7,0.8,14,0,18.4,0.6,15,0,19.1,0.8,1,47655,15,0,20.6,0.8,1,0,19.8,1.5,1,0,19.5,1.8,1,0,19.6,1.9,1,0,19.4,2.7,0,0,19.6,3.2,0,47666,15,0,20.6,2.3,0,0,20.9,0.4,6,0,20.4,1.1,10,0,20.3,2.4,1,0,20,1.7,2,0,20.6,1.9,2,986,15,0,18.4,0.1,16,0,17.8,0.1,16,0,17.6,0.1,16,0,17.8,0.4,2,0,17.8,0.4,4,0,17.8,0.1,16,987,1,0,0,0,0,0,0,988,1,0,0,0,0,0,0,989,1,0,0,0,0,0,0,1105,1,0,0,0,0,0,0,1114,1,0,0,0,0,0,0,1243,15,0,20.3,2.2,0,0,19.3,1.9,0,0,19.3,2,0,0,19,1.6,15,0,19,1.5,0,0,18.6,1.1,0,1244,15,0,20,1,2,0,19.5,1.3,0,0,18.8,1.5,2,0,18.6,1.2,0,0,18.2,1.5,0,0,18,1.2,1,1335,15,0,19.3,1.5,1,0,19.2,2.1,0,0,18.8,2.2,0,0,18.5,1.9,1,0,18.6,2.8,0,0,18.1,2.2,1,1338,15,0,15.2,0,16,0,14.9,0.4,13,0,14.6,0,16,0,14.3,0.1,16,0,13.9,0.6,6,0,13.9,0.4,8,1393,1,0,0,0,0,0,0,1440,1,0,0,0,0,0,0,1601,15,0,19.3,1.6,14,0,19.1,1.6,14,0,18.6,2.2,14,0,18.3,1.8,14,0,18,2.3,14,0,18.3,1.6,14,460,1,0,0,0,0,0,0,462,1,0,0,0,0,0,0,47636,15,0,21.9,1.4,7,0,21.5,1,6,0,20.7,0.9,5,0,20.3,1.3,6,0,20.3,0.7,4,0,19.7,0.9,1,464,15,0,20.1,1.4,2,0,19.6,1.2,2,0,19.1,1.5,2,0,18.7,1,2,0,18.3,1.3,2,0,18,1.3,1,467,15,0,19.2,1,7,0,18.9,1,7,0,18.3,1.1,6,0,18.2,1.2,4,0,18.2,1.2,4,0,17.8,1.2,4,468,1,0,0,0,0,0,0,469,1,0,0,0,0,0,0,470,15,0,20.4,1.5,1,0,20.2,1.4,2,0,19.7,1.4,2,0,19.3,1.8,2,0,19.1,2.4,1,0,18.7,1.4,3,47653,15,0,19.7,1,5,0,19.1,0.8,6,0,18.7,0.9,7,0,18.6,1,6,0,18.4,0.5,5,0,18.4,0.7,4,472,1,0,0,0,0,0,0,982,15,0,16.6,1,8,0,16.1,1,9,0,15.6,1.1,9,0,15.2,0.8,9,0,15,0.7,9,0,14.6,0.7,10,983,1,0,0,0,0,0,0,984,15,0,19.2,1.2,10,0,18.5,1.9,10,0,18.1,1.4,10,0,17.9,1.1,10,0,17.8,0.8,9,0,18.7,1,10,1166,1,0,0,0,0,0,0,1344,15,0,19.4,1.2,1,0,19.3,0.3,2,0,19,0.4,0,0,18.8,0.3,0,0,19,0.8,2,0,19.8,0.8,0,1346,15,0,21.4,1.6,5,0,21,0.9,7,0,20.1,0.8,15,0,19.8,0.5,14,0,19.6,2.1,15,0,19.3,1.9,15,1541,15,0,18.6,0.8,3,0,18,0.8,4,0,17.7,0.6,4,0,17.4,0.5,3,0,17.1,0.9,4,0,17.1,0.2,16,1555,15,0,21.9,0.7,6,0,21.3,0.8,6,0,21.6,0.6,5,0,21.7,1.1,11,0,21.5,1.5,13,0,20.6,1.5,2,1576,1,0,0,0,0,0,0,1638,15,0,20.6,0.3,11,0,20,0,16,0,19.8,0.3,8,0,19.9,0,16,0,19.1,0,16,0,19.3,0.8,2,473,15,0,17.2,0.9,14,0,16.3,0.3,9,0,15.2,0.5,9,0,14.6,0.4,8,0,13.9,0.7,8,0,13.4,0.5,9,47617,15,0,18.2,2.2,14,0,15.9,1.6,5,0,15.2,1.6,5,0,15.5,1.4,5,0,14.8,0.7,3,0,14.6,0.8,1,480,1,0,0,0,0,0,0,483,15,0,19.2,3.6,0,0,19.4,4.8,0,0,18.6,4.3,0,0,18.4,5.4,1,0,18,3.9,0,0,17.6,4.6,1,485,15,0,18.2,0.1,16,0,16.9,0,16,0,16.4,0.2,16,0,15.7,0.4,1,0,16,0.3,12,0,15.5,0.1,16,486,15,0,18.8,1.3,13,0,18.8,1.1,1,0,17.5,1.2,0,0,17.5,1.7,15,0,16.1,0.4,9,0,15.8,0.6,7,487,15,0,19.6,0.4,10,0,18.1,0.7,15,0,17.5,0.7,1,0,17,0.2,16,0,16.2,0.9,2,0,15.9,0.7,0,490,1,0,0,0,0,0,0,491,15,0,22.3,1.1,12,0,21.7,1.2,7,0,20.8,0.4,8,0,20,0.9,5,0,19.3,1.4,13,0,18.7,0.3,1,493,15,0,19.5,1.4,9,0,18.8,0.9,9,0,17.9,0.8,15,0,17.8,0.9,8,0,17.1,0.7,9,0,16.6,0.6,11,494,15,0,20.4,0,16,0,19.8,0.4,11,0,19.2,0.4,10,0,18.3,0.8,10,0,17.6,0.5,4,0,16.9,0.9,9,495,15,0,20.7,1.3,13,0,20,2.4,13,0,19.7,2.5,13,0,19.4,2.8,13,0,19.2,3.3,13,0,18.6,3.1,13,496,15,0,22.8,1.1,13,0,22.3,0.6,14,0,21.9,2.4,14,0,20.6,0.7,11,0,20.8,1.7,15,0,20.2,0.9,13,47632,15,0,22.5,1.6,8,0,22.1,1.7,6,0,22,1.2,2,0,21.4,0.6,15,0,20.8,0.9,1,0,21.2,1.4,1,1057,15,0,21,1,0,0,20.1,0.8,2,0,19.3,2.1,1,0,19.4,1.6,2,0,18,1,1,0,17.5,1.4,1,1058,15,0,21.3,0.2,16,0,20.2,0.3,2,0,19.6,0.6,2,0,18.9,0.5,8,0,18.5,0.5,1,0,18.1,0.1,16,1059,1,0,0,0,0,0,0,1061,15,0,15.9,0.7,12,0,15.5,0.5,12,0,15.4,1,10,0,15.3,1.6,10,0,15,1.7,11,0,14.2,0.1,16,1066,15,0,17,0.3,6,0,16.3,0.4,7,0,15.4,0.6,5,0,15,0.3,6,0,14.4,0.4,9,0,14.2,0.5,5,1299,15,0,17.2,1.6,15,0,15.7,1.7,15,0,14.9,1.9,15,0,14.6,1.9,15,0,13.8,0.9,0,0,13.4,2,15,1301,15,0,23.7,2.2,15,0,23,2.3,15,0,22.3,1.7,15,0,22.2,1.3,15,0,20.9,1.9,14,0,21.7,2.2,0,1305,15,0,11.2,0.2,16,0,9.9,0.4,8,0,9.6,0.1,16,0,12.2,1.1,1,0,9.7,0.4,13,0,8.8,0.3,14,1306,15,0,15.2,0.2,16,0,14.5,0.3,0,0,13.9,0.1,16,0,13.2,0.3,0,0,12.6,0.3,15,0,12.5,0.3,4,1308,15,0,15.6,0.3,13,0,14.8,0.7,11,0,13.8,0.4,11,0,13.3,1.1,10,0,12.8,0.9,11,0,12.5,1.1,11,1311,15,0,12.8,0.3,10,0,13.2,0,16,0,13.2,0.1,16,0,13.9,1,1,0,13.9,1.5,2,0,13.5,1.5,3,1313,15,0,17.7,0.3,4,0,16.8,0,16,0,16.1,0,16,0,15.5,0,16,0,14.9,0,16,0,14.5,0,16,1384,1,0,0,0,0,0,0,1387,1,0,0,0,0,0,0,1436,1,0,0,0,0,0,0,1437,1,0,0,0,0,0,0,1438,1,0,0,0,0,0,0,1577,1,0,0,0,0,0,0,499,1,0,0,0,0,0,0,500,15,0,21.7,1,8,0,21.5,0.8,8,0,21.2,0.8,10,0,20.4,1.4,12,0,19.9,0.7,11,0,19.5,1,15,47684,15,0,19.1,0.6,9,0,18.3,0.6,11,0,18.7,0.9,11,0,18,0.9,13,0,17.8,1.1,15,0,17.9,1.1,14,503,15,0,18.5,1.5,13,0,18,0.7,13,0,17.9,1.5,13,0,17.6,1.4,13,0,17.3,1.3,13,0,17.3,1.4,12,47649,15,0,20.7,2.9,1,0,20.2,2.2,2,0,19.6,2.8,2,0,19.1,1.5,3,0,18.9,1.7,3,0,18.6,2.5,1,505,1,0,0,0,0,0,0,47651,15,0,22.2,1.2,7,0,22,1.1,10,0,21,1.3,11,0,20.5,1.9,12,0,20,1.7,12,0,19.7,1.7,12,507,1,0,0,0,0,0,0,509,15,0,20.2,1.2,8,0,19.1,1.4,9,0,18.9,1.7,9,0,18.3,1,9,0,18.1,0.5,10,0,18,0.8,12,510,15,0,18.8,0.9,7,0,18.2,0.4,7,0,17.9,0.1,16,0,17.4,0.8,12,0,17.3,0.2,16,0,17,0.6,9,511,1,0,0,0,0,0,0,47663,15,0,19.4,1.6,11,0,19.3,2.1,12,0,18.8,2.3,12,0,18.7,2,12,0,18.3,1.4,11,0,18.3,1.3,12,1230,15,0,17.6,0.5,6,0,17.4,0.4,7,0,17.3,0.8,6,0,17.1,0.5,6,0,17.1,0.5,6,0,17.1,0.1,16,1255,1,0,0,0,0,0,0,1258,15,0,18.4,0,16,0,18,0,16,0,17.6,0.1,16,0,17.4,0,16,0,17.2,0.3,12,0,17.1,0.2,16,1349,15,0,19.5,2,13,0,19.1,2,13,0,18.8,2.3,13,0,18.4,0.8,15,0,18.2,1.1,13,0,17.8,0.4,10,1356,1,0,0,0,0,0,0,1381,1,0,0,0,0,0,0,1423,1,0,0,0,0,0,0,1532,15,0,18.9,1.6,14,0,18.9,1.4,14,0,19.1,1.4,14,0,19,1.5,14,0,19,1.6,14,0,18.8,1.2,13,515,15,0,14.8,1.7,2,0,13.1,1.8,2,0,12.6,2.3,3,0,11.6,2.4,3,0,11,2,3,0,10.7,2.1,3,47602,15,0,15.8,2.9,2,0,16.2,4.5,0,0,14.3,3,2,0,13.9,2.3,2,0,13.5,2.6,2,0,12.4,1,4,518,15,0,17.1,3,0,0,16.6,2,0,0,16.1,1.9,15,0,14.7,1.9,12,0,14.2,1.2,11,0,13.3,2.2,13,47604,15,0,17.9,2.5,1,0,17.4,2,1,0,17.5,1.7,1,0,17.1,1.9,0,0,17.1,0.5,7,0,15.6,0.7,9,521,15,0,16.6,2.6,0,0,15.6,2,1,0,15.9,1.1,3,0,14.2,1.8,6,0,14.1,0.4,9,0,12.9,1.2,6,522,15,0,16.5,3.3,0,0,15.9,2.5,1,0,16,1.7,2,0,15.9,0.4,2,0,14.8,0.2,16,0,13.3,0.2,16,524,15,0,15.2,1.2,4,0,16.2,1.5,3,0,16.2,1.7,3,0,15.2,1.2,5,0,14.4,1.2,3,0,15.2,1.8,4,525,15,0,17,2.5,0,0,17.1,2.2,2,0,16.7,2,1,0,16.5,1.2,4,0,14.9,1.4,0,0,14.1,0.9,3,526,1,0,0,0,0,0,0,527,15,0,16.2,1.9,15,0,15.1,0.6,13,0,14,0.4,15,0,12.4,0.5,9,0,11.6,0.2,16,0,11,0.5,12,529,15,0,18.1,1.9,1,0,17.6,2.4,1,0,17,1.4,2,0,16.7,0.5,0,0,15.6,1.3,14,0,14.8,0.8,14,530,1,0,0,0,0,0,0,532,15,0,18.9,1.6,2,0,18.4,1.6,3,0,17.6,0.8,4,0,16.8,0.8,7,0,15.3,0.8,8,0,14,1.5,8,534,15,0,18.3,1.7,13,0,17.8,2.2,14,0,16.8,1.5,13,0,16,0.4,11,0,15.5,0.8,13,0,15.3,1.4,13,47612,15,0,19.4,1.3,13,0,19.2,2.1,15,0,18.9,2.7,0,0,17.6,1.6,0,0,17.6,2.2,0,0,16.6,1.4,0,536,15,0,17.3,0.4,10,0,16.6,0.5,8,0,16.8,0.7,7,0,15.9,0.8,7,0,15.5,1.3,2,0,15.2,0.6,10,537,15,0,17.5,1.8,1,0,16.7,2.5,1,0,15.8,1.5,0,0,14.3,0.5,13,0,14.9,0.3,11,0,14.3,0.9,13,539,15,0,20.1,2.8,2,0,19.7,3.8,1,0,19.4,3.6,1,0,19.2,2.9,1,0,18.2,0.7,9,0,17.6,0.8,6,540,15,0,18.3,0.8,7,0,18.5,1.2,14,0,18,0.7,12,0,16.6,0.9,4,0,16.6,0.9,6,0,16.2,0.6,6,543,15,0,16.1,0.4,5,0,15.6,1.3,0,0,14.6,2.3,2,0,13.9,0.6,2,0,13.6,0.4,4,0,13.3,0.8,3,544,15,0,16.5,0.1,16,0,16.2,0.9,2,0,16.6,1.6,14,0,16.1,1.9,13,0,15.6,1.8,13,0,15,0.9,15,995,15,0,14.3,1.9,15,0,14.8,1.7,15,0,13.3,2.1,15,0,13.2,2,14,0,13.3,1.9,15,0,13.2,2.1,15,996,15,0,15.5,0.8,2,0,14.5,1.5,1,0,14,2.4,1,0,13.9,2.5,1,0,13.7,2.6,1,0,13.4,2.7,1,997,15,0,16.7,0.5,7,0,16.1,1.1,2,0,14.6,0.6,15,0,13.3,0.5,9,0,13.1,0.9,14,0,12.7,1.3,14,998,15,0,16.4,1.5,2,0,16.4,1.1,2,0,15.8,1.6,2,0,15.7,1.1,1,0,14.6,0.6,11,0,14.9,0,16,1060,15,0,15,1.5,13,0,12.8,0.6,2,0,11.5,0.4,0,0,10.8,0.2,16,0,10.5,0.4,15,0,10.7,0.4,13,1111,1,0,0,0,0,0,0,1154,1,0,0,0,0,0,0,1155,1,0,0,0,0,0,0,1256,1,0,0,0,0,0,0,1297,1,0,0,0,0,0,0,1302,15,0,20,2.7,1,0,19.1,3.1,2,0,18.4,2.2,2,0,17.2,1.4,3,0,16.6,1.4,3,0,16.3,0.7,3,1315,15,0,15.4,5,15,0,15.5,5.1,15,0,15.1,4.5,15,0,14.6,2.9,14,0,15.2,5.6,15,0,14.7,3.1,14,1318,15,0,16.8,1.1,3,0,15.4,0.3,4,0,14.2,0.2,16,0,14.1,0.2,16,0,13.4,0.5,8,0,13.4,0.2,16,1369,1,0,0,0,0,0,0,1370,1,0,0,0,0,0,0,1395,1,0,0,0,0,0,0,1398,1,0,0,0,0,0,0,1424,1,0,0,0,0,0,0,1426,1,0,0,0,0,0,0,1427,1,0,0,0,0,0,0,1444,1,0,0,0,0,0,0,1469,15,0,17.9,5.6,1,0,17.7,5.1,0,0,17.7,4.2,1,0,17.4,4,0,0,17.2,1.6,1,0,16,0.5,6,1514,15,0,14.4,1.4,1,0,14,2,2,0,12.6,0.6,0,0,10.7,0.6,13,0,10.3,0.9,10,0,10.8,2.1,14,1645,1,0,0,0,0,0,0,546,15,0,19.9,6.3,2,0,19.8,6.3,2,0,19.3,6.4,2,0,19.1,6.9,2,0,18.8,6.3,2,0,18.4,4.3,3,547,15,0,18.3,2.9,1,0,18.3,3,1,0,18.2,4.3,1,0,17.8,4.1,1,0,17.6,3.5,2,0,16.7,2.8,2,47606,15,0,20.1,3.6,1,0,19.9,4.8,1,0,19.4,5.6,1,0,19.1,5.8,1,0,18.9,4.3,1,0,18.6,4.6,1,47607,15,0,20.1,4.7,1,0,19.8,5.2,1,0,19.5,5.6,1,0,19.1,5.6,1,0,18.9,5.3,1,0,18,3.6,1,552,15,0,19,3.6,2,0,18.8,3.1,2,0,18.8,4,2,0,18.3,4,2,0,17.7,3,2,0,17.8,3.4,2,553,15,0,17,0,16,0,17,0.2,16,0,16.9,0,16,0,16.7,0.3,12,0,16.7,0.2,16,0,16.5,0.5,11,554,15,0,19.4,3.1,2,0,18.9,4.1,2,0,18.9,3.5,2,0,18.5,4.1,2,0,17.9,3.7,2,0,17.9,2.3,3,555,15,0,19.9,2.7,2,0,19.6,1.5,2,0,19.3,2.6,2,0,18.6,2.9,2,0,18.5,1.9,2,0,18.2,0.5,0,1309,15,0,19.1,4.6,2,0,18.8,4.5,2,0,18.3,4,2,0,17.5,2,1,0,17.1,1.9,2,0,16.9,1.6,0,1412,1,0,0,0,0,0,0,1414,1,0,0,0,0,0,0,1455,1,0,0,0,0,0,0,1533,15,0,20.5,4,1,0,20.2,6.1,1,0,20,4.5,1,0,19.5,5.4,1,0,19.2,3.6,1,0,18.9,3,1,1553,1,0,0,0,0,0,0,1621,1,0,0,0,0,0,0,560,15,0,15.2,1.9,0,0,15.1,1.8,0,0,14.3,1.5,0,0,13.8,1.4,0,0,13.9,1.9,0,0,13.8,1.4,0,47600,15,0,18.6,5.9,1,0,17.9,6.5,1,0,17.7,5.7,2,0,17.6,5.2,2,0,17.1,3.7,3,0,17,5,2,562,1,0,0,0,0,0,0,564,15,0,17.5,1.5,3,0,17.9,2.2,3,0,17.5,2,3,0,16.8,2.1,3,0,16.2,2.3,3,0,15.5,2.2,2,565,15,0,18.4,1.5,1,0,18,1.7,1,0,17.7,1.2,1,0,16.2,0,16,0,15.1,0.1,16,0,15.7,0,16,566,15,0,19.1,3.2,3,0,18.3,3.6,2,0,17.9,4,3,0,17.3,3.1,3,0,16.5,3.2,4,0,16.1,3.3,3,567,15,0,19.4,1.6,3,0,18.8,1.4,2,0,18,1.3,3,0,17.6,0.9,1,0,17.5,1.5,4,0,16.8,2.4,5,47605,15,0,20.1,4.5,3,0,19.6,5.5,3,0,19.2,5,3,0,18.5,3.6,3,0,18.4,5.7,3,0,18.2,5.3,3,570,1,0,0,0,0,0,0,571,15,0,19,1,12,0,17.3,0.9,11,0,17.1,0.5,12,0,17.3,0.1,16,0,17.4,0.7,0,0,15.9,0.5,14,973,15,0,17.6,1.4,7,0,16.6,0.6,7,0,15.9,0.9,7,0,15.2,1,6,0,14.1,1.3,6,0,13.7,0.9,7,1171,1,0,0,0,0,0,0,1324,15,0,19.6,1.8,7,0,18.7,0.4,3,0,19.2,2.1,2,0,18.9,4.2,1,0,18.5,4.3,1,0,18.1,4.2,1,1544,15,0,15.2,2.6,1,0,15.1,3.4,2,0,13.3,1.5,3,0,13.6,2.3,2,0,13.2,2.3,2,0,13.4,4.8,1,1545,1,0,0,0,0,0,0,1650,1,0,0,0,0,0,0,47616,15,0,20.8,5,15,0,20.7,3.1,15,0,20.6,3.6,15,0,19.3,3.9,15,0,18.7,2.7,15,0,18,2.3,15,573,15,0,19.6,0.6,6,0,18.7,0.8,2,0,17.5,0.8,4,0,16.8,0.2,16,0,16.2,0.1,16,0,15.9,0.1,16,577,15,0,17.8,0.6,8,0,17.7,0.6,8,0,17.2,0.7,8,0,17.4,1.3,8,0,17.3,0.9,7,0,16.8,0.6,7,47631,15,0,21.6,1.9,15,0,21.4,4.2,15,0,20.9,3.8,15,0,20.6,3.3,15,0,19,2.4,6,0,19.6,2.2,14,579,15,0,21.2,2,14,0,21,3.6,14,0,20.7,4.1,15,0,20.6,4.5,15,0,19.8,1.9,14,0,20.2,3.3,14,974,1,0,0,0,0,0,0,1010,15,0,21.5,2.4,15,0,20.3,0.4,9,0,19.7,0.6,10,0,19.4,0.6,15,0,18.6,0.9,4,0,18.1,0.2,16,1071,15,0,20.4,3.7,0,0,20.6,5.4,1,0,19.8,6.6,1,0,19.1,5.3,2,0,18.6,4.5,2,0,18.6,6.1,2,1226,15,0,18.7,3.4,4,0,18.4,2,3,0,17.6,1.1,3,0,16.6,2.4,4,0,16.3,2.9,4,0,16.2,1.2,4,1316,15,0,19.9,1.1,5,0,20.4,1.3,4,0,19.9,1.1,4,0,18.6,1,6,0,18.7,1.3,3,0,17.5,0.8,8,1382,1,0,0,0,0,0,0,1454,1,0,0,0,0,0,0,1537,15,0,19.9,3.3,14,0,19.5,2.2,13,0,19,3.2,15,0,18,4.8,0,0,17.3,4.2,0,0,16.9,4.3,0,1565,1,0,0,0,0,0,0,580,15,0,21,1.1,14,0,20.3,1.8,13,0,20.2,2.1,13,0,20,0.8,1,0,19.4,0.4,5,0,19.5,1.2,14,47761,15,0,21.7,5.1,15,0,21.4,4.8,15,0,21.4,4.6,0,0,21.1,4.8,14,0,20.5,2.7,14,0,20.6,5.4,15,584,1,0,0,0,0,0,0,586,15,0,21.4,1.8,4,0,20.9,1.7,4,0,20.4,0.2,16,0,20,0.9,3,0,19.3,0.3,7,0,18.8,0.8,8,587,15,0,18.6,0,16,0,18,0,16,0,17.5,0.3,3,0,16.8,0,16,0,16.6,0.1,16,0,16.4,0.8,4,963,15,0,20.5,0.7,15,0,19.4,0.3,5,0,19.9,2,1,0,19.7,1.8,1,0,19,0.8,2,0,19.4,2.6,1,964,15,0,16.9,1.1,8,0,17.2,1.8,8,0,17.3,2.1,8,0,18.2,1.3,8,0,16.9,1,8,0,17.4,0.5,11,976,15,0,20.8,1.3,15,0,20.2,2,15,0,19.7,0.9,0,0,18.9,1.7,14,0,19.2,2.2,14,0,18.8,2.1,15,1083,15,0,23,6.1,14,0,22,0.9,4,0,21.7,0.8,10,0,20.9,1,5,0,19.1,0.4,4,0,19.1,0.3,8,1087,1,0,0,0,0,0,0,1524,15,0,18.6,0.6,11,0,17.6,0.2,16,0,17,0.3,13,0,16.7,0.3,15,0,16.1,0.5,10,0,15.6,0.5,14,1578,1,0,0,0,0,0,0,588,1,0,0,0,0,0,0,589,15,0,20.2,2,15,0,19.6,2.4,14,0,20.2,2.3,15,0,19.8,1.9,0,0,17,2,13,0,18,2.9,14,47750,15,0,21.9,6.2,1,0,21.4,2,3,0,21.2,5,1,0,20.9,6.7,0,0,20.3,2.3,15,0,20.3,2.5,0,593,15,0,20,1.9,0,0,19.9,1.3,0,0,20,1.8,15,0,20,2,15,0,19.5,2.4,0,0,18.7,1.6,15,596,15,0,20,1.1,9,0,19.2,0.9,13,0,19,2.4,13,0,19.2,2.9,13,0,18.6,2.3,13,0,18.1,2.2,13,47759,15,0,22.5,2.6,0,0,22.1,1.5,14,0,21.6,2,14,0,21.4,2.1,14,0,21,2.6,15,0,21.1,2.3,1,598,15,0,20.9,1.8,15,0,20.6,1.9,15,0,20.3,1.2,15,0,19.9,1.6,15,0,18.1,0.5,5,0,17.5,0,16,928,1,0,0,0,0,0,0,965,15,0,20.4,5,1,0,20,4.8,2,0,19.8,4.5,2,0,19.5,4.1,2,0,19.6,3.5,1,0,19.9,5.2,2,966,1,0,0,0,0,0,0,1025,1,0,0,0,0,0,0,1160,1,0,0,0,0,0,0,1303,15,0,17.3,0.3,12,0,17.4,0.9,11,0,16.7,1.1,10,0,16.5,1.2,11,0,16.3,0.1,16,0,15.8,0.5,11,1378,1,0,0,0,0,0,0,1380,1,0,0,0,0,0,0,1383,1,0,0,0,0,0,0,1641,1,0,0,0,0,0,0,600,15,0,20.1,2.2,2,0,19.7,2.4,2,0,19.3,0.4,3,0,18.9,0.6,2,0,18.8,0.5,10,0,18.5,0.5,0,602,15,0,22.5,4.6,0,0,21.9,3.5,1,0,21.4,5.5,0,0,21.2,5.2,15,0,21.1,4.3,0,0,20.7,3.6,0,47772,15,0,22.9,3,1,0,22.3,2.8,1,0,21.9,2.9,1,0,21.6,2.5,1,0,21.3,2.5,1,0,21.1,3.4,1,604,15,0,17.3,2.9,1,0,16.6,2.3,1,0,16.1,3.6,2,0,15.9,2.8,2,0,15.7,2.5,2,0,15.5,2.1,2,605,1,0,0,0,0,0,0,606,15,0,22.9,3.2,2,0,21,1.7,3,0,20.3,1.9,3,0,20.6,2.1,3,0,20.2,2.1,3,0,19.8,1.7,3,1062,15,0,23.4,3.8,1,0,22.7,1.9,1,0,22.2,2.1,1,0,21.9,2.8,1,0,21.4,2.2,1,0,21.4,1.6,2,1065,15,0,22.6,3.5,1,0,22,2.6,1,0,21.4,2,1,0,20.8,1.9,3,0,20.2,1.5,2,0,20.7,2.9,2,1470,15,0,23.1,3.6,2,0,22.4,3.3,2,0,22,3.2,1,0,20.9,2,3,0,20.7,1.9,3,0,20.8,2.2,3,1471,15,0,23.6,8.9,1,0,23,9.2,2,0,22.9,8.2,1,0,22.3,6.9,2,0,22,7.2,2,0,21.7,6.9,2,1602,1,0,0,0,0,0,0,607,15,0,18.8,0.3,8,0,18.1,0.1,16,0,18.9,1.2,3,0,19.1,1.3,3,0,18.5,1.9,2,0,19,1.1,2,608,1,0,0,0,0,0,0,47747,15,0,20.1,1.8,13,0,19.7,1.7,13,0,19.8,1.3,13,0,19.6,1.6,15,0,18.7,1.2,15,0,18,1.4,13,611,1,0,0,0,0,0,0,612,15,0,19,2.6,15,0,19.3,1.7,0,0,19.3,2.2,15,0,19.1,3,15,0,18.6,3.8,15,0,17.4,2,15,613,15,0,18.8,2.3,3,0,18.6,3,3,0,18.5,2.4,3,0,17.9,1.7,3,0,17.6,3.9,3,0,17.2,3.9,3,614,15,0,20.5,4.2,1,0,20.5,2.9,1,0,20.4,2.7,0,0,19.8,1.9,15,0,19.6,2.1,0,0,18.9,3.3,15,615,15,0,20.1,2.3,1,0,19.6,2.8,0,0,19.2,3.5,0,0,19.2,1.6,1,0,19,2.2,1,0,18.9,2.3,0,617,1,0,0,0,0,0,0,618,1,0,0,0,0,0,0,619,15,0,21.6,1.4,13,0,18.9,1,14,0,18.4,2,7,0,17.2,0.3,4,0,16.3,0.5,2,0,16,0.5,6,47769,15,0,21.8,4.4,1,0,21.7,5.1,1,0,21.4,4.4,2,0,20.9,4.6,1,0,20.8,5,1,0,20.4,3.9,1,624,15,0,22,5.4,2,0,21.2,2.1,0,0,21,1.9,2,0,20.8,2.7,2,0,19.9,1.7,0,0,19.8,1.1,1,625,15,0,22.3,7.6,2,0,21.6,5.9,1,0,21,5.1,1,0,20.9,5.1,2,0,20.6,5.7,2,0,20.4,4.2,2,47770,15,0,23.8,8.1,0,0,23.7,4.6,2,0,23.3,1.8,1,0,22.8,3.5,2,0,23.1,2.7,2,0,22.5,3.2,3,47776,15,0,22.2,3.7,0,0,21.5,3.7,0,0,21.3,3,0,0,21.2,2.7,0,0,20.8,2.7,0,0,20.3,2,1,956,15,0,21,1.6,2,0,20.7,2.3,0,0,20.6,2.6,0,0,20.2,2,0,0,20.1,2.5,0,0,19.6,2.3,15,967,1,0,0,0,0,0,0,968,15,0,21.8,2.4,0,0,21.2,2.5,0,0,21,2,0,0,20.9,2.5,0,0,20.4,1.6,0,0,20,2.4,0,969,15,0,20.4,1.2,1,0,20,1.8,2,0,20.1,4.8,0,0,19.5,3.4,0,0,19.5,3.1,0,0,19.4,1.9,0,970,15,0,22.5,3.9,0,0,22,3.6,0,0,21.5,3.5,0,0,21.1,2.7,0,0,21,3.7,0,0,20.8,2.3,1,977,15,0,15.9,2.1,14,0,15.7,0.8,0,0,16,1.9,15,0,15.8,1.6,15,0,15.3,2.3,14,0,15.1,1.7,15,1227,15,0,20.7,3.6,1,0,20.1,3.1,1,0,20.2,5.9,1,0,19.8,5.8,1,0,19.3,3.5,2,0,19.1,4.2,1,1337,15,0,20.7,0.8,1,0,20.4,1.2,0,0,19.9,0.9,0,0,20.3,1.8,1,0,19.5,1.2,3,0,17.9,0.6,4,1587,15,0,23.5,4.9,1,0,23,4.5,2,0,22.5,5.6,2,0,22,6.5,3,0,21.9,6.1,3,0,21.5,6.7,3,1588,1,0,0,0,0,0,0,47780,15,0,21.1,1.7,0,0,20.1,0.4,1,0,19.3,0.6,15,0,18.7,0.8,0,0,18.3,0.7,0,0,17.8,0.8,1,630,15,0,18.7,1.6,2,0,16.7,0.5,13,0,16.7,1.1,1,0,16.8,0.9,2,0,16.9,1.6,3,0,16.5,1.3,3,631,1,0,0,0,0,0,0,632,1,0,0,0,0,0,0,633,15,0,18.5,0.5,10,0,18.2,0.1,16,0,18.4,0.5,1,0,17.2,0.2,16,0,16.8,0.5,9,0,16.4,0.8,9,635,15,0,20.1,2.3,3,0,20.4,2.1,1,0,19.8,2.7,3,0,18.5,2.2,3,0,18.2,2.7,3,0,17.8,2.3,3,641,1,0,0,0,0,0,0,957,15,0,17.5,0.8,3,0,16.8,0.1,16,0,16.3,0.1,16,0,16,0.3,4,0,15.8,0.3,3,0,15.5,0.3,3,1228,15,0,18.3,0,16,0,17.7,0,16,0,17.1,0.3,1,0,16.8,0,16,0,16.3,0,16,0,16,0.6,1,1376,1,0,0,0,0,0,0,1439,1,0,0,0,0,0,0,1619,1,0,0,0,0,0,0,1649,1,0,0,0,0,0,0,642,1,0,0,0,0,0,0,47777,15,0,24,6.5,1,0,23.4,5.2,2,0,22.8,4.7,2,0,22.3,4.8,1,0,21.8,3.8,1,0,21.5,3.3,1,645,15,0,17.2,3.1,3,0,16.6,2.3,4,0,16.2,3.3,4,0,15.9,2.2,4,0,15.6,1.9,4,0,15.4,2.2,3,646,1,0,0,0,0,0,0,649,15,0,20.5,1.7,15,0,21.2,2.3,15,0,21,1.9,15,0,21.2,2.6,15,0,21.3,2.6,14,0,21.1,2.1,0,651,1,0,0,0,0,0,0,47778,15,0,20.7,3.6,2,0,20.6,3.5,1,0,20.4,3.4,2,0,20.5,3.8,2,0,20.4,4.3,2,0,20.6,3.9,2,971,15,0,18.6,0.7,0,0,17.8,1,0,0,17.5,0.1,16,0,16.9,1.2,1,0,16.8,0.7,3,0,16.5,0.8,2,978,1,0,0,0,0,0,0,1063,15,0,18.1,0.2,16,0,17.6,0.4,5,0,17.1,0,16,0,16.7,0,16,0,16.4,0.1,16,0,16.1,0,16,1074,1,0,0,0,0,0,0,1089,15,0,17.9,1.6,15,0,17,0.7,15,0,16.3,0.1,16,0,15.8,0.3,15,0,15.8,0.6,15,0,15.5,0.4,15,1172,1,0,0,0,0,0,0,1342,15,0,20.2,1.4,2,0,20,2.1,3,0,19.1,1.2,2,0,17.8,1.7,1,0,17.4,2.7,1,0,17.9,3.1,2,1347,15,0,17.2,0,16,0,16.7,0,16,0,16.4,0.1,16,0,16.1,0.1,16,0,15.9,0,16,0,15.5,0,16,1457,15,0,23.4,5.3,0,0,22.9,5.8,2,0,22.6,4.9,2,0,22.3,4.6,2,0,22,5.2,2,0,21.7,4.5,2,1485,15,0,19.6,1.5,5,0,18.9,0.9,5,0,18.2,1.7,5,0,17.7,1,6,0,17.7,1.1,5,0,17.4,0.8,5,1589,15,0,21.2,0,16,0,20.9,0.6,7,0,20.6,0.7,3,0,20.8,4.2,3,0,20.3,2.4,1,0,20.7,2.2,2,655,15,0,19.4,3.2,0,0,18,0.7,6,0,17.1,0.3,8,0,17.7,3.9,0,0,18,3,1,0,17.9,4,1,656,15,0,19.1,0.5,9,0,17.9,0.8,1,0,17.3,0.4,2,0,16,0.1,16,0,15.4,1,15,0,14.7,1.5,8,47756,15,0,20.8,1.5,1,0,20.7,2.1,14,0,19.5,2,15,0,19.4,2.4,14,0,19.2,1.6,15,0,19.3,1.8,15,658,15,0,17.2,0.3,9,0,17.2,0.8,4,0,16.3,0.4,2,0,16.4,2.3,14,0,15.3,1.7,13,0,15.2,2,13,660,1,0,0,0,0,0,0,661,1,0,0,0,0,0,0,663,15,0,20.4,1.9,0,0,17.9,2.1,2,0,16.7,1.2,2,0,15.9,0.8,2,0,15.5,0.9,3,0,15,0.8,3,664,15,0,20.9,2.3,2,0,18.5,0.8,0,0,17.6,1.5,1,0,16.8,1,1,0,16.2,1.5,1,0,16.1,0.9,1,665,1,0,0,0,0,0,0,666,1,0,0,0,0,0,0,47768,15,0,23.8,4,2,0,22.8,3.5,1,0,22.1,1.8,1,0,21.7,3.2,1,0,21.1,3.7,1,0,20.8,2.7,3,668,15,0,23,1.6,0,0,20.4,0.2,16,0,19.2,1.6,0,0,18.3,1,15,0,18.2,1.1,15,0,16.9,0.2,16,669,15,0,23.4,4,1,0,22.1,2.1,3,0,21.2,0.9,4,0,20.6,1.4,2,0,19.9,2,0,0,19.2,1.2,1,670,15,0,24.1,1.9,1,0,23.5,3.1,0,0,22.8,1.7,15,0,22,2,0,0,21.6,2.8,0,0,20.8,1.8,14,919,15,0,23.3,1.2,1,0,22.4,1.5,0,0,22.1,1.1,1,0,21,1.2,15,0,20.7,1.1,3,0,19.4,0.7,2,929,1,0,0,0,0,0,0,930,15,0,20.8,3,1,0,19.5,2.4,1,0,18.4,1.2,0,0,17.4,0.4,1,0,16.9,0,16,0,16.6,1,0,1140,15,0,20.4,3.4,2,0,19.5,1.3,10,0,17.9,1.3,14,0,16.9,1.1,1,0,17.9,1.6,10,0,17.7,2.6,11,1328,15,0,17,1.5,1,0,16.9,2,2,0,16.8,2.2,1,0,16.6,2.1,2,0,16.3,1.7,2,0,16,2,1,1330,15,0,16.8,2.2,15,0,15.2,1.6,15,0,14.3,1.6,15,0,13.5,1.3,1,0,13.7,2.1,0,0,13.6,1.6,0,1371,1,0,0,0,0,0,0,1531,15,0,20.3,4.2,1,0,19.2,3.6,1,0,18.8,2.7,1,0,18,0.9,1,0,17.5,2.5,2,0,17,2,2,1584,1,0,0,0,0,0,0,1585,1,0,0,0,0,0,0,1618,1,0,0,0,0,0,0,671,1,0,0,0,0,0,0,674,15,0,19.2,2,0,0,17.7,1.8,15,0,16.5,3.1,14,0,15.5,3.1,14,0,14.8,3.6,14,0,14,2.7,14,675,15,0,18.8,2.5,3,0,18.1,1.2,2,0,17.5,0.9,3,0,15.1,0.6,15,0,13.9,0.6,13,0,13.1,0.7,10,676,15,0,18.6,1.5,0,0,16,1.4,11,0,15,0.8,11,0,14.3,1.4,12,0,13.1,1,11,0,12.8,1.7,11,677,15,0,20.3,1.7,3,0,19.3,0.3,2,0,17.9,0,16,0,17.1,0.2,16,0,16.2,0,16,0,15.2,0.5,2,679,1,0,0,0,0,0,0,680,1,0,0,0,0,0,0,681,15,0,20.1,2.4,1,0,19.4,1.9,3,0,18.6,1.9,3,0,17.7,1,2,0,15.5,0.8,10,0,14.2,0.7,9,683,15,0,22.1,2.6,2,0,20.5,3.5,1,0,19.7,3.8,1,0,18.8,2.5,2,0,18,2.7,1,0,18,4.5,2,47767,15,0,24.2,2.8,2,0,23,3.4,2,0,22.1,3,3,0,21.2,2.1,2,0,20,2.1,1,0,19.6,2.4,2,47765,15,0,25.6,5.3,2,0,24.2,6.8,1,0,23,7.2,1,0,22.3,6,1,0,21.7,5.7,1,0,20.9,5.3,1,686,15,0,23.6,1.8,1,0,23.8,2.3,2,0,23.3,3.5,1,0,22.2,2.2,2,0,21.4,1.4,2,0,20,1.8,1,687,15,0,24,1.9,2,0,23.7,4.4,1,0,22.8,4.4,2,0,22.2,3.9,1,0,21.6,3.9,1,0,21,3.4,1,688,15,0,25.2,1.9,0,0,25.2,3,1,0,24.3,4.1,1,0,23.5,5.1,1,0,22.9,5.1,1,0,22.4,3.4,2,47766,15,0,25.1,3.5,2,0,24.7,3.2,3,0,23.6,2.7,1,0,23.1,2.1,1,0,22.3,1.5,0,0,21.7,1.9,1,690,1,0,0,0,0,0,0,947,15,0,16.4,2.7,1,0,15.8,0.7,14,0,14.6,1,4,0,14.8,2.8,2,0,15.1,1,4,0,15.2,2.3,2,948,1,0,0,0,0,0,0,949,1,0,0,0,0,0,0,950,15,0,23,1.9,2,0,21.6,1.1,3,0,20.6,0.6,4,0,18.8,0.5,0,0,17.5,0.5,0,0,17.4,0.8,15,951,15,0,22.9,0.5,15,0,22,1.2,3,0,21.5,1.6,1,0,20.9,1.6,4,0,20.3,0.7,4,0,18.4,0.9,3,1163,1,0,0,0,0,0,0,1257,1,0,0,0,0,0,0,1262,1,0,0,0,0,0,0,1325,15,0,16.5,1.5,2,0,15.6,1.5,1,0,14.1,0,16,0,13.7,2.3,2,0,13.5,1.5,1,0,13,1.9,2,1326,15,0,21.4,1.5,5,0,20.8,1.1,6,0,20,1.8,4,0,19,1.9,5,0,17.7,0.1,16,0,16.1,0.2,16,1472,15,0,21.1,3.2,2,0,20.7,3.2,1,0,19.8,3.5,2,0,19.1,2.3,2,0,18.5,3.4,2,0,18.2,4.4,2,1575,1,0,0,0,0,0,0,1579,1,0,0,0,0,0,0,1582,1,0,0,0,0,0,0,1583,1,0,0,0,0,0,0,1603,1,0,0,0,0,0,0,1606,15,0,23.6,2,3,0,23.2,1.5,2,0,23.3,3.7,4,0,22.7,4.5,4,0,21.9,4.1,4,0,21.3,2.8,4,47740,15,0,19.5,3.2,2,0,19.1,3,2,0,19.2,4.1,2,0,19.2,4.5,2,0,19.2,4.4,2,0,19,4.6,2,693,15,0,19.3,0.9,5,0,20,1.9,4,0,20.6,4.1,2,0,20.3,4.1,2,0,20,2.8,2,0,19.8,3.4,2,694,15,0,20.2,4.3,3,0,20.1,6.2,3,0,19.9,6.5,2,0,20.1,7.8,3,0,20,7.7,3,0,19.8,8.4,2,47741,15,0,20.1,3.6,3,0,20.3,5,3,0,19.9,3.8,3,0,20.1,4.2,3,0,19.9,5.3,3,0,19.8,5.2,3,696,1,0,0,0,0,0,0,697,15,0,20.7,1.6,3,0,20.6,1.1,5,0,19.7,1.5,3,0,19.2,0.8,15,0,18.9,1.7,0,0,18.6,1.9,0,698,15,0,17.1,0.2,16,0,15.7,0.4,6,0,16,1,7,0,16.1,0,16,0,16.9,0.2,16,0,17,0.4,15,699,15,0,16.2,0.7,10,0,15.1,0.2,16,0,13.9,0.3,5,0,14.6,0.1,16,0,16.6,1.8,4,0,17.1,2.2,4,701,15,0,19.4,1.6,2,0,17.6,0.5,2,0,16.4,0.3,12,0,15.6,0.4,6,0,14.9,0.3,11,0,14.7,0.4,6,47755,15,0,20.8,4.5,2,0,20.3,4.8,2,0,19.8,3.7,2,0,18.6,2.9,3,0,17.5,2.8,3,0,16.8,2.5,3,703,1,0,0,0,0,0,0,704,15,0,22.2,0.7,3,0,20.6,0.9,5,0,19.8,1.2,5,0,19.2,0.4,8,0,18.3,0.9,5,0,17.5,0.8,6,707,15,0,20.9,1.4,15,0,20.1,1,2,0,19.8,1.3,2,0,19.6,1.4,1,0,19.4,1.3,0,0,19,1.3,1,954,1,0,0,0,0,0,0,1093,1,0,0,0,0,0,0,1094,15,0,17.1,0.5,9,0,15.4,0,16,0,14.6,0.2,16,0,13.1,0,16,0,12.9,0.2,16,0,12.1,1,11,1095,1,0,0,0,0,0,0,1175,1,0,0,0,0,0,0,1176,1,0,0,0,0,0,0,1307,15,0,19.7,2.3,3,0,18.3,1.4,2,0,18,1.5,3,0,18.3,2.4,2,0,18.1,2.2,3,0,18.2,2.7,3,1310,15,0,18.3,2.2,4,0,18.2,2.3,2,0,19.1,3.7,3,0,18.6,2.8,3,0,18.6,2.7,3,0,18.8,4.3,3,1320,15,0,15.8,0.7,0,0,14.7,0,16,0,13.5,0.1,16,0,13,0.6,14,0,15.3,2.2,0,0,15.2,1.7,0,1321,15,0,17.6,0.8,0,0,17.2,2,1,0,16.4,1.8,0,0,15.1,1.3,0,0,14.4,1.1,0,0,14.2,1,0,1336,1,0,0,0,0,0,0,1473,15,0,19,6.9,1,0,18.7,6.7,1,0,18.5,8,2,0,18.5,9.3,2,0,18.6,8,2,0,18.2,6.9,2,1474,15,0,21.1,3.3,2,0,20.7,2.9,2,0,19.3,2.4,2,0,18.9,2.4,2,0,19.3,3.4,2,0,16.6,1.4,5,1592,15,0,20.8,1.2,1,0,19.2,0.4,15,0,18.2,1.7,1,0,18.3,1.6,2,0,18,0.6,2,0,17.1,2.5,1,47742,15,0,20.9,3.5,2,0,20.8,3.4,2,0,20.5,3.3,2,0,20.3,2.9,2,0,20.1,2.5,2,0,19.9,3.7,2,709,15,0,21,3,2,0,20.9,3.1,2,0,20.7,3.4,2,0,20.3,3.4,2,0,19.9,3.2,2,0,19.9,4.4,2,47746,15,0,20.6,2.6,1,0,20.6,1.5,14,0,19.9,1.6,0,0,17.9,1,6,0,17.1,1.9,2,0,16.7,1.4,3,711,15,0,17.2,0.5,4,0,16.8,1.1,5,0,16.5,0.6,4,0,16.4,1.5,5,0,16.2,1.3,5,0,18.4,1.1,3,47744,15,0,20.7,3.1,3,0,20.1,2.9,3,0,20.3,2.3,3,0,20.6,5,2,0,20.4,4.7,2,0,20,3.5,3,713,15,0,20.1,1.5,2,0,19.8,1.8,3,0,19.5,2.3,3,0,20,2.8,3,0,19.2,4.1,2,0,19.3,3.1,3,716,1,0,0,0,0,0,0,718,15,0,19.5,1.4,11,0,19.1,1.5,11,0,18.7,1.1,12,0,18.3,1.2,11,0,18.4,1.2,12,0,18.1,1.2,14,1177,1,0,0,0,0,0,0,1178,1,0,0,0,0,0,0,1231,15,0,21,2.6,3,0,20.7,2.5,3,0,20.6,3.5,3,0,20.4,4,3,0,20.1,3.2,3,0,19.9,3.8,3,1304,15,0,14.6,0.5,12,0,12.9,0.2,16,0,12.3,0.6,11,0,14.1,0.5,5,0,14.9,0.4,13,0,15,1,15,1385,1,0,0,0,0,0,0,1389,1,0,0,0,0,0,0,1391,1,0,0,0,0,0,0,1519,15,0,20.8,7.8,1,0,20.6,7.4,1,0,20.3,7.9,1,0,20,8.2,1,0,19.7,7.7,2,0,19.7,8.9,2,720,15,0,19.8,1.2,5,0,19.4,1.1,4,0,18.7,1.2,3,0,18.5,2.2,3,0,17.9,1.2,5,0,17.8,1.2,5,47895,15,0,23.4,4.1,15,0,23.1,5.9,15,0,22.5,4.9,0,0,22,2.9,0,0,21.7,3.4,0,0,21.3,2.9,15,724,15,0,23.9,1.1,12,0,23.7,2,0,0,22.9,2.5,0,0,22.4,1.1,0,0,22.1,2.2,8,0,21.9,2.6,12,972,15,0,19.7,0.9,13,0,19.2,0.8,11,0,19.1,0.7,11,0,18.7,0.9,11,0,18.2,0.7,11,0,19,0.4,3,1098,1,0,0,0,0,0,0,1242,15,0,23.4,2.5,13,0,23.2,2.1,9,0,22.9,1.8,5,0,22.4,2,5,0,22.5,3.2,3,0,22.2,2.2,0,1252,15,0,19.6,0.9,14,0,17.1,0.2,16,0,18.5,1,15,0,18.7,0.9,14,0,17.9,0.8,15,0,17.3,0.6,0,1327,1,0,0,0,0,0,0,1352,15,0,17.8,0.2,16,0,17.3,0.2,16,0,17.1,0.4,9,0,16.7,0.1,16,0,16.3,0.2,16,0,15.8,0.4,3,1604,15,0,20.7,2,14,0,21,1.3,15,0,22.5,1.6,0,0,20.4,0.6,15,0,21.3,1.5,15,0,21.8,1,14,726,15,0,23.1,2,2,0,21.6,1.2,1,0,22,1.7,4,0,19.4,1.6,0,0,19.7,1.9,0,0,18.9,2.5,0,47891,15,0,23.5,2.5,4,0,23.6,2.7,4,0,23.2,2.8,2,0,21.8,1.3,6,0,21.3,1.5,5,0,21.1,1.2,5,47890,15,0,24.4,2.5,2,0,23.7,2.5,4,0,23.1,1.8,3,0,22.5,2.7,3,0,21.5,1.6,4,0,21.3,1.9,3,729,15,0,22,2,4,0,21.3,1.4,4,0,20.7,1.6,4,0,19.9,1.4,4,0,19.1,1.3,4,0,18.9,1.6,4,730,15,0,22.9,2.1,2,0,22.7,3.2,1,0,22.5,3.4,1,0,22.2,2.8,1,0,21.8,3.9,2,0,21.5,3.2,1,731,1,0,0,0,0,0,0,1239,15,0,22.6,2.5,2,0,22.4,3.7,3,0,21.6,2.5,2,0,21,2.3,2,0,20.5,1.4,1,0,20.1,2.1,2,1475,15,0,19.8,2.3,4,0,20.8,3,5,0,19.9,1.9,5,0,19.3,1.8,6,0,19,1.8,6,0,18.5,1.8,4,732,15,0,20.7,0.1,16,0,22.9,3.3,2,0,22.6,3.5,2,0,21.7,3,2,0,20.9,2.8,2,0,20.5,3.5,2,733,1,0,0,0,0,0,0,734,15,0,24.3,2.7,3,0,23.9,2.6,3,0,23.9,6.5,3,0,23.3,4.1,3,0,22.7,2.9,3,0,22.2,1.6,3,735,15,0,22.5,2.1,4,0,22.4,1.8,5,0,21.5,1.5,4,0,21.4,1.7,4,0,20.3,0.6,5,0,20.4,1.4,4,47887,15,0,24,0.6,1,0,22.8,1.2,6,0,24.4,2.7,0,0,23.7,1,15,0,23,1,14,0,22.9,1.5,11,737,1,0,0,0,0,0,0,738,1,0,0,0,0,0,0,739,15,0,22,0.5,6,0,22.1,0.9,9,0,21.7,0.6,7,0,23.3,3.3,3,0,23.4,4.1,3,0,23.1,4.5,3,740,1,0,0,0,0,0,0,741,15,0,18.7,0.3,12,0,18,0.7,13,0,17,0.1,16,0,16.5,0.7,15,0,15.9,0.4,13,0,16.1,0.2,16,742,1,0,0,0,0,0,0,743,1,0,0,0,0,0,0,47892,15,0,22.3,1.6,5,0,21.9,1.7,6,0,21.4,0.7,7,0,20.8,0.5,1,0,20.5,1.5,6,0,20.1,0.9,6,745,15,0,21,0.8,1,0,20.6,0,16,0,20.1,0,16,0,19.8,0.1,16,0,19.6,0,16,0,19.3,0.5,4,958,15,0,21.2,1.1,9,0,21.2,0.5,13,0,23,2.8,2,0,22.9,5.4,2,0,22.2,2.9,3,0,22.1,4.5,2,959,15,0,21.4,0.1,16,0,20.8,0.6,12,0,20.2,1.2,11,0,19.6,0.6,11,0,19.4,1,11,0,19,0.3,11,961,15,0,19.8,0.9,9,0,18.9,1.1,10,0,18.2,1,10,0,17.7,0.6,10,0,17.6,0.7,8,0,17.6,0.5,7,1077,15,0,24.3,3.9,4,0,24.4,3.8,3,0,23.6,5.8,3,0,22.9,6.3,3,0,22.6,4.9,3,0,22.4,6.1,3,1260,1,0,0,0,0,0,0,1350,15,0,20,0.2,16,0,19.7,0.9,3,0,19,0,16,0,18.3,0,16,0,18.2,0,16,0,17.5,0.2,16,1456,15,0,23.5,0.5,10,0,21.5,2.4,6,0,21.6,1.9,8,0,21.9,1.2,15,0,21.4,2.4,15,0,21.2,2.6,1,1521,15,0,24,2.8,0,0,24,3.1,0,0,24.4,4.8,1,0,24,3.1,1,0,23.3,5.4,1,0,22.7,3.8,1,746,15,0,18.3,0.5,4,0,17.5,0.2,16,0,17,0.6,4,0,16.5,0.3,3,0,16.4,0.1,16,0,15.9,0.5,2,747,1,0,0,0,0,0,0,748,1,0,0,0,0,0,0,47893,15,0,23.1,1.2,13,0,22.1,1.8,12,0,21.6,1.4,13,0,21.2,1.9,12,0,20.6,2.3,12,0,20.3,1.9,13,753,1,0,0,0,0,0,0,754,1,0,0,0,0,0,0,755,15,0,22,0.7,3,0,22.1,1.8,0,0,21.7,1.4,1,0,20.9,1.8,0,0,21.1,2.6,0,0,21.2,1.1,1,756,15,0,20.7,2.6,14,0,20.5,2.5,15,0,20.2,2.2,15,0,19.9,2.8,15,0,19.6,2.9,15,0,19.3,3.1,15,757,1,0,0,0,0,0,0,758,15,0,18.8,0,16,0,18.4,0.4,9,0,18,0.1,16,0,17.7,0,16,0,17.5,0,16,0,17.1,0,16,47899,15,0,22.8,7.4,3,0,22.7,7.9,3,0,22.7,9.9,3,0,22.2,10.5,3,0,21.7,11,3,0,21.5,10.7,3,761,1,0,0,0,0,0,0,47897,15,0,22.8,2.2,3,0,22.3,2.8,3,0,21.8,1.8,3,0,21.2,1.8,3,0,21.5,2.3,3,0,21.4,2.2,4,763,15,0,21.7,2.7,0,0,20.4,1,14,0,19.8,1.4,15,0,19.4,1.7,14,0,19.1,1.2,14,0,19,0.9,15,47898,15,0,24.5,5.8,4,0,24.6,6.8,4,0,24.6,6.5,4,0,24.6,6.9,4,0,24.6,5.6,4,0,24.7,6.5,4,921,15,0,17.7,0.1,16,0,17.1,0,16,0,16.7,0,16,0,16.8,0,16,0,16.6,0,16,0,16.3,0.2,16,955,1,0,0,0,0,0,0,1179,1,0,0,0,0,0,0,1229,15,0,19.8,0.1,16,0,19.3,0.8,1,0,18.6,1,2,0,18.2,0.2,16,0,17.8,0.5,2,0,17.3,1,2,1233,15,0,21.7,1.6,14,0,21.4,1.5,14,0,20.7,1.9,14,0,20.4,1.3,14,0,20.2,1.6,14,0,19.8,1.7,14,1235,15,0,20,0,16,0,19.4,0.5,0,0,19,0,16,0,18.7,0,16,0,18.6,0.2,16,0,18.5,0,16,1249,15,0,22,0.3,3,0,21.1,0.1,16,0,20.5,0.5,0,0,19.8,0.4,15,0,19.6,0.4,0,0,19.7,0.8,3,1281,1,0,0,0,0,0,0,1351,15,0,17,0.8,3,0,16.8,1.1,3,0,16.3,0.5,4,0,16.4,0.4,4,0,16.6,0.7,4,0,15.8,0.9,3,1476,15,0,21.3,0.7,0,0,21.3,1.7,0,0,20.9,1.7,15,0,20.4,2.6,15,0,20.3,2.4,15,0,20,2.6,0,1556,1,0,0,0,0,0,0,765,15,0,20.4,1.9,3,0,18.8,1.2,7,0,18.3,1.8,7,0,19.5,2.4,5,0,19.3,2.6,3,0,18.6,1.7,5,47754,15,0,21.3,1,7,0,20.3,0.8,5,0,19.7,1,8,0,19.2,1.1,7,0,18.5,0.8,8,0,17.9,1.1,7,767,15,0,19.8,0.8,1,0,19.6,0.9,2,0,19.3,0.7,2,0,18.9,0.8,2,0,18.4,0.8,2,0,17.6,0.8,2,769,15,0,19.2,4.5,1,0,19.1,4,1,0,19.4,4.5,1,0,19,5.7,1,0,17.8,4.2,1,0,17.5,4.5,1,771,15,0,21.9,0.6,6,0,21.6,0.5,5,0,20.4,0.7,0,0,19.7,0.3,14,0,19.9,1.5,4,0,18.6,0.7,6,772,15,0,21.2,3.1,15,0,20.3,2.6,15,0,19.9,0.9,1,0,18.8,0.4,7,0,18,0.6,4,0,17.4,0.3,2,47784,15,0,23.3,1.9,2,0,22.9,2.4,4,0,22.5,2,3,0,21.8,2,3,0,20.6,1.6,5,0,19.9,0.8,12,775,15,0,23.9,0.7,0,0,23.3,3,2,0,22.2,2.6,1,0,21.6,1.5,2,0,20.7,1.8,1,0,20,0.7,13,776,15,0,23.5,1.7,3,0,22.7,0.8,3,0,21.9,0.3,3,0,22.6,0.8,5,0,22.6,1.5,3,0,21.8,1.3,3,47762,15,0,23.4,1.6,4,0,23.2,3.5,3,0,22.8,3.2,3,0,22.8,1.9,4,0,22.5,2.2,4,0,22.4,1.9,4,778,15,0,23.4,3.4,1,0,22.7,2.6,0,0,22.5,3.3,1,0,21.9,2.9,0,0,21.4,3.3,0,0,21,3.6,0,779,15,0,23.9,1.7,0,0,24,1.4,3,0,23.9,3.4,1,0,23.6,3.9,1,0,23.1,3.3,1,0,22.5,3.6,1,913,15,0,22.6,1.3,1,0,23.7,1.7,2,0,23.5,2.2,2,0,22.6,2.3,2,0,21.9,2,1,0,21.7,1.4,2,939,15,0,21.9,5.7,3,0,21.6,5.4,3,0,21.5,5.2,3,0,21.4,4.7,3,0,21.1,6.2,3,0,20.8,6.1,3,940,15,0,24.5,1.1,5,0,23,0.7,2,0,23.1,2.8,0,0,22.4,4.2,0,0,21.8,3.1,0,0,21.2,1.9,1,942,15,0,24.6,3.8,4,0,24.7,6.5,3,0,24.5,6.1,3,0,23.7,4.3,2,0,23,3.7,3,0,22.4,2.4,2,1100,1,0,0,0,0,0,0,1261,1,0,0,0,0,0,0,1367,1,0,0,0,0,0,0,1614,1,0,0,0,0,0,0,1620,1,0,0,0,0,0,0,780,15,0,23.2,1.3,1,0,23.4,0.9,3,0,23.2,2,2,0,22.8,2.2,2,0,22.5,1.7,2,0,22.2,2.2,2,782,15,0,23.1,3.5,1,0,22.5,2.8,1,0,22.4,2.6,1,0,22.3,2.5,1,0,21.8,2.1,2,0,21.4,1.9,1,47809,15,0,23.1,3.4,0,0,22.3,1.7,0,0,21.5,0.6,6,0,21,0.6,3,0,20.7,0.5,0,0,19.8,0.6,2,785,15,0,22.6,3.3,2,0,22.2,2.4,2,0,22,2.4,2,0,21.8,1.7,3,0,21.9,1.9,4,0,21.4,1.3,3,47807,15,0,23.4,4.8,1,0,23.1,3.4,1,0,22.6,3.3,1,0,22.5,3.2,1,0,22.2,3.9,1,0,22,3.5,1,788,15,0,22.8,0.7,2,0,21.3,0,16,0,21.5,0.4,2,0,20.1,0.2,16,0,19.9,0.1,16,0,19.8,0,16,789,1,0,0,0,0,0,0,790,15,0,24.6,4,2,0,23.7,4.1,1,0,23.3,3.9,1,0,22.6,2.5,3,0,22.2,3.2,3,0,22,3.9,2,791,1,0,0,0,0,0,0,792,15,0,22.6,1.4,1,0,22.1,1.7,1,0,21.7,1.5,1,0,21.8,3.1,2,0,21.8,2.1,2,0,21.6,1.3,3,793,15,0,23.8,1.6,3,0,22,1.4,4,0,23.7,2.6,2,0,22.7,1.1,0,0,21.3,0.3,15,0,20.7,0.6,11,943,15,0,22.8,3.9,1,0,22.4,2.3,2,0,22,0.8,10,0,21.6,1.6,3,0,21.8,2.4,1,0,21.3,2.3,2,945,1,0,0,0,0,0,0,1046,15,0,22.8,1.6,0,0,22.2,1,0,0,21.8,1.6,0,0,19.8,0.2,16,0,19.9,0.9,10,0,19.8,0.5,12,1141,15,0,24.1,1.7,15,0,22.6,1.1,12,0,22,1.4,8,0,21.4,0.6,8,0,20.9,1.2,9,0,21,1,9,1477,15,0,23.5,4.9,1,0,23.2,3.7,0,0,22.8,2.3,1,0,22.5,2.5,0,0,21.9,1.7,1,0,21.7,1.8,1,1590,15,0,22.6,5.5,0,0,22.3,4.7,0,0,22.3,5,0,0,22.2,4.6,0,0,21.9,5.4,0,0,21.5,5.6,0,1611,1,0,0,0,0,0,0,1637,1,0,0,0,0,0,0,1657,1,0,0,0,0,0,0,794,15,0,22.9,1.8,1,0,22.6,0.2,16,0,21.5,0.8,9,0,21.7,1.1,11,0,21,0.7,11,0,20.3,0.8,10,795,15,0,21.2,0.6,3,0,20.2,0.5,3,0,19.9,1,5,0,20.2,1.1,6,0,19.7,0.2,16,0,18.5,0.5,5,796,15,0,23.4,2,0,0,23,2.8,0,0,23,3.7,0,0,23.3,4.3,1,0,23.6,4.1,2,0,23.7,7,2,47814,15,0,23.2,2.4,4,0,22.3,2.1,6,0,21.4,2.4,6,0,20.6,3.2,6,0,20.7,3.4,7,0,21,1.4,5,799,15,0,17.3,0.8,8,0,17,2.6,10,0,16.6,2.4,10,0,19,1.3,2,0,20.4,4,3,0,20.4,5.5,3,47815,15,0,22.9,1.1,15,0,22.4,1.4,9,0,21.8,1.8,10,0,21.6,1.1,7,0,21.2,1.2,2,0,21.1,0.9,8,801,1,0,0,0,0,0,0,805,15,0,20.4,0.2,16,0,19.6,0.8,11,0,19.2,1,9,0,19.1,0.1,16,0,18.7,0.6,10,0,18.5,0,16,806,15,0,19.1,1.1,2,0,18.6,0.1,16,0,18.5,0.3,0,0,18.1,0.5,11,0,18.2,0.3,3,0,18.3,0.3,5,808,15,0,21.4,1.3,8,0,20.8,1.1,8,0,20.4,1,8,0,20.5,2,11,0,20,1,7,0,19.6,1.3,8,810,15,0,21.6,1.9,0,0,21.2,1.6,0,0,20.9,1.6,0,0,20.7,1.4,0,0,20.9,1.7,0,0,20.7,0.7,1,931,15,0,20.3,0.3,7,0,19.6,2.1,8,0,19,1.3,8,0,18.9,1.3,8,0,18.7,0.8,8,0,18.5,0.4,13,932,15,0,21.3,1.5,4,0,20.2,0.8,4,0,19.4,0.5,5,0,20.2,2,1,0,20,0.9,2,0,20.4,2.5,1,933,1,0,0,0,0,0,0,979,1,0,0,0,0,0,0,1137,15,0,21.5,0.8,9,0,21.1,0.8,10,0,21,0.9,9,0,20.4,0.5,8,0,23.5,3.1,2,0,22.9,2.6,1,1142,15,0,19.1,0,16,0,18.4,0.1,16,0,18,0,16,0,17.9,0,16,0,17.7,0,16,0,17.5,0.2,16,1237,15,0,22.1,1.1,13,0,21.2,0,16,0,20.8,0.1,16,0,20.4,1.1,10,0,20.2,0.5,13,0,20.2,0.7,12,1554,1,0,0,0,0,0,0,47800,15,0,22,4.2,0,0,21.9,4.5,0,0,21.9,4.8,0,0,21.7,5.1,0,0,21.5,4.3,0,0,21.4,5.3,0,47805,15,0,21.8,6.1,2,0,21.8,6.1,2,0,21.8,5.7,2,0,21.8,4.6,2,0,22,4.9,2,0,21.8,5.4,1,814,15,0,22.5,4.7,2,0,22.3,4,1,0,22.2,5.4,1,0,22,3.7,2,0,22,5.2,1,0,21.6,3.3,2,47812,15,0,23.8,6.7,1,0,23.6,6.3,1,0,23.9,3.1,1,0,23,3.9,0,0,22.6,4.3,0,0,23.2,2.4,1,817,15,0,22.6,2.9,0,0,22,1.1,14,0,21.6,1.8,0,0,21.5,1.3,15,0,21.3,2.5,15,0,21.2,2.8,15,818,1,0,0,0,0,0,0,820,1,0,0,0,0,0,0,47817,15,0,25.7,3,1,0,25.1,3.2,1,0,24.5,3.1,1,0,24.2,3.5,2,0,23.9,2.1,2,0,24,2.2,2,47818,15,0,20.2,10.2,4,0,19.5,8.5,4,0,19.5,9.3,4,0,20.1,9.9,4,0,19.7,10.8,4,0,19.3,9.3,4,47843,15,0,22.8,4.7,1,0,22.5,5.1,1,0,22.4,5.3,1,0,22.6,5.1,1,0,22.7,4.8,1,0,22.1,4.2,1,922,15,0,25.3,2.7,2,0,25.1,4.3,2,0,24.6,3.4,2,0,24.7,2.9,1,0,24.7,4.1,2,0,24.7,3.8,2,962,15,0,24.6,4.1,1,0,23.9,3.2,1,0,23.7,3.6,0,0,23.8,3.2,15,0,23.6,3.5,15,0,23.1,2.7,15,1084,15,0,25.8,5.6,2,0,24.7,6.5,2,0,24,5.9,1,0,24.2,5.8,2,0,23.9,5.7,1,0,24,5.3,2,1138,15,0,22.9,6.8,2,0,22.7,5.6,2,0,22.7,5.2,2,0,22.7,5.3,2,0,22.6,4.9,2,0,22.6,6.2,2,1144,15,0,20.9,6.5,2,0,21,6.1,2,0,21.1,6,2,0,21.1,5.6,2,0,20.8,5.7,2,0,20.8,5.3,2,1441,15,0,23.3,7.3,1,0,23,7.6,1,0,22.6,5.5,0,0,22.2,7.4,0,0,21.8,6.3,0,0,21.8,6,0,1453,15,0,21.1,9.6,4,0,21,10.3,4,0,20.7,9.8,3,0,20.5,10.5,4,0,20.6,9.9,4,0,20.3,9.6,4,1478,15,0,22.2,9,2,0,22.1,8.3,2,0,22.2,8.8,2,0,22.5,9.3,2,0,22,9.5,2,0,21.9,10,2,1479,15,0,22.5,7.2,1,0,22.2,7.4,1,0,21.9,7.9,1,0,22.1,7.2,1,0,22,7.8,1,0,21.8,6.9,1,1535,15,0,22.4,11.2,2,0,22.3,10.5,2,0,22.3,10.1,2,0,22.3,10,2,0,22.5,11.1,2,0,22.3,10.9,2,1536,15,0,22.2,6.9,2,0,22,5.4,2,0,21.9,3.8,1,0,22,4.6,2,0,21.6,4.6,1,0,21.7,5.1,1,1538,15,0,20.8,6.1,2,0,20.8,6.1,2,0,20.6,8.2,2,0,20.4,6.8,2,0,20.4,7.9,1,0,20.1,6.5,2,47813,15,0,24,6,3,0,23.6,5.3,2,0,23.3,5.2,2,0,23.3,5.4,2,0,23,4.2,2,0,22,3.2,2,829,15,0,22.7,2.3,2,0,22,3,2,0,21.4,1.3,2,0,20.7,0.5,4,0,20,0.3,2,0,19,1.6,10,830,15,0,21.9,3,15,0,21,2.6,15,0,20.3,1.9,0,0,20.6,1.5,1,0,20.2,1.2,1,0,20.2,1.3,2,1075,15,0,22.1,4.1,1,0,21.7,1.7,0,0,21.3,2.3,14,0,20.6,0.9,14,0,19.6,1,10,0,19.4,1,8,1480,15,0,23.2,3.4,2,0,22.9,5.9,2,0,21.9,3.3,2,0,21.6,3.5,2,0,21.9,5.3,2,0,21.7,5.4,1,1610,15,0,22.3,3.8,1,0,22.1,2.8,2,0,22,2.9,1,0,22,2.1,1,0,21.8,2.3,1,0,21.5,1.7,2,1612,1,0,0,0,0,0,0,1616,1,0,0,0,0,0,0,832,15,0,21.9,1.4,0,0,19.8,0.7,15,0,19.3,0.3,8,0,18.7,0.4,3,0,18.3,0.8,15,0,18.4,1.5,15,833,15,0,17.9,1.4,7,0,17,1.2,8,0,16.6,0.8,8,0,16.2,1.1,15,0,17.8,1.3,15,0,18.5,1.5,15,834,15,0,24.4,1.2,1,0,23.3,0.9,0,0,22.9,1.4,2,0,22,0.6,1,0,21.4,0.7,4,0,20.4,0.8,0,835,15,0,23.1,0.9,2,0,22.5,0.9,15,0,22.1,0.7,3,0,21.8,0.8,5,0,21.4,0.8,2,0,21.8,2.4,2,47819,15,0,23.8,4.7,2,0,23.3,2.3,1,0,23.2,3.1,1,0,22.8,3.7,2,0,22.9,3.5,2,0,23.2,3.9,2,47821,15,0,16.2,7.6,3,0,15.5,7.2,3,0,14.9,7.6,2,0,15,9.2,3,0,14.7,7.8,3,0,15,7.2,3,840,15,0,19.1,2.1,4,0,18.9,2.5,4,0,19,5.1,3,0,19,3.6,2,0,19.2,3.8,3,0,19.1,3.9,3,842,15,0,23.9,1.8,0,0,22.9,1.7,0,0,20,0.4,0,0,20.1,0.5,3,0,19.1,0.1,16,0,18.8,0.5,7,843,15,0,24.8,3.5,2,0,24.3,3,2,0,24.2,3.4,1,0,23.7,2.5,1,0,20.5,1.2,9,0,19.9,1.6,10,845,15,0,24.2,4.4,3,0,23.5,3.6,3,0,23.6,4.6,3,0,23.1,2.6,2,0,22.9,3.2,3,0,22.8,3.8,3,846,15,0,22.3,0.4,4,0,22.4,0.7,3,0,21.7,1.4,1,0,20.7,1,2,0,19.6,0.1,16,0,19,0.2,16,47824,15,0,23.2,3.4,5,0,21.6,1,4,0,20.5,0.6,12,0,19.3,0.3,15,0,19.2,0.5,12,0,18.8,0.8,14,47838,15,0,25,3.8,3,0,24.5,3.5,2,0,24.2,2.9,3,0,23.7,3.2,2,0,23.7,4.4,3,0,22.8,2.5,2,923,15,0,21.3,1.4,1,0,21.3,2.3,2,0,21.5,1.2,2,0,21.2,3,1,0,21.3,0.7,14,0,22,4.5,2,924,15,0,22.3,1.6,4,0,21.4,1.4,4,0,20,0.8,5,0,19.8,0.8,5,0,19.6,1.1,8,0,18.7,0.6,5,925,1,0,0,0,0,0,0,926,15,0,22.6,2.7,5,0,22,1.9,5,0,22.2,2.5,5,0,23,2.4,4,0,23.4,2.5,5,0,22.8,2.3,5,946,1,0,0,0,0,0,0,1081,15,0,24.2,3.6,2,0,23.8,3.8,2,0,23.5,3.7,2,0,23.1,3.8,2,0,23.2,4,2,0,23.1,3.9,2,1086,1,0,0,0,0,0,0,1240,15,0,18.8,3.4,3,0,18.3,3.9,3,0,18.3,3.4,3,0,18.6,4.1,3,0,19,3.4,3,0,18.9,3.3,3,1368,1,0,0,0,0,0,0,1435,1,0,0,0,0,0,0,1580,1,0,0,0,0,0,0,1581,1,0,0,0,0,0,0,1613,1,0,0,0,0,0,0,852,15,0,20,1.3,6,0,19.4,0.5,5,0,19.1,1.2,4,0,19,0.5,6,0,18.3,0.5,6,0,18.9,0.2,16,47822,15,0,22.1,0.7,9,0,20.6,1.3,12,0,20.1,1.1,13,0,20,1.5,11,0,19.6,0.8,13,0,19.5,1.5,12,857,15,0,20.8,0.5,11,0,20.6,0.3,11,0,20.5,0.5,10,0,20.5,0.5,10,0,20.4,0.6,11,0,20.2,0.3,9,859,15,0,24.5,4.5,2,0,24.6,4.4,2,0,24.4,5.1,2,0,24.3,5,2,0,23.4,3.3,1,0,23.5,3.7,1,860,15,0,21.9,2.7,3,0,21.6,2.6,3,0,21.4,2.8,3,0,21.5,2.8,2,0,21.5,2.4,2,0,21.5,2,3,861,15,0,23.1,2.9,1,0,24,4.3,3,0,23.9,5.2,2,0,23.2,4.2,2,0,23,3.5,2,0,23,2.8,2,862,1,0,0,0,0,0,0,863,15,0,22.4,5.6,5,0,22,5,6,0,21.7,5.1,7,0,21.8,5,7,0,21.8,5.2,7,0,21.7,6,7,864,1,0,0,0,0,0,0,865,1,0,0,0,0,0,0,47830,15,0,24.5,5.9,3,0,24.4,6.2,3,0,24.6,6.3,3,0,24.4,6.8,3,0,24.5,7,3,0,24.5,6.5,3,868,15,0,24.8,2.6,4,0,24.8,4.1,5,0,24.8,2.7,4,0,24.9,3,4,0,24.9,3.1,4,0,24.9,2.7,4,47829,15,0,22.8,5.4,2,0,22.5,5.2,2,0,22.9,6,2,0,23,6.6,2,0,23.2,7.4,2,0,23,6.8,2,47835,15,0,24.9,7.3,3,0,25,6.4,3,0,25,8.5,3,0,25.1,8.8,3,0,25.1,8.2,3,0,24.9,7.5,3,872,15,0,24,6.9,2,0,24.1,6.1,2,0,24.4,7.2,3,0,24.5,8.1,3,0,24.4,6.6,3,0,24.4,7.7,3,1135,15,0,20.1,1.9,1,0,20.4,1.9,0,0,20.1,1.8,0,0,20.1,3.7,0,0,20,3.2,0,0,20,3.7,0,1164,1,0,0,0,0,0,0,1343,1,0,0,0,0,0,0,1345,15,0,20.7,0.7,13,0,20,0.5,0,0,20,0.6,1,0,20.2,0.7,1,0,20.2,0.8,0,0,20.6,0.5,1,1348,15,0,19.3,1.4,8,0,19.3,1.9,6,0,19.3,1.4,9,0,19.9,1.7,14,0,19.7,1.6,0,0,19.7,1.9,2,1353,15,0,19.1,0.1,16,0,18.6,0.1,16,0,18.7,0.2,16,0,18.6,0,16,0,18.8,0.3,7,0,18.8,0.2,16,1432,1,0,0,0,0,0,0,1481,15,0,25.1,10.5,2,0,25,10,3,0,24.9,11.4,2,0,25.1,12,2,0,25,11.7,2,0,24.9,11.3,2,1608,1,0,0,0,0,0,0,1609,1,0,0,0,0,0,0,1636,1,0,0,0,0,0,0,47823,15,0,22.9,2.5,3,0,22.5,2.4,3,0,22.2,2.7,2,0,22.6,4,3,0,22.2,3.4,2,0,21.8,3.6,2,875,15,0,21.6,0.4,3,0,21.2,0.6,4,0,21.4,1.4,6,0,19.4,0.3,3,0,19.4,0.1,16,0,19.1,0.4,3,877,1,0,0,0,0,0,0,878,15,0,23.7,2.8,1,0,23.4,4.1,1,0,22.8,4.6,0,0,23,3.8,1,0,22,3.1,0,0,22.3,2.4,1,879,15,0,25.6,1.7,3,0,25.4,2.1,3,0,25.4,2.6,3,0,25.1,2.1,3,0,24.7,2.8,4,0,24.4,2.5,4,880,15,0,23.7,2.5,2,0,23.5,2.8,2,0,23.8,3.1,3,0,23.8,1.7,2,0,23.3,0.8,11,0,23.1,0.8,1,881,15,0,21.9,7.2,3,0,22,7.4,3,0,22.1,7.8,3,0,21.9,6.7,4,0,22.1,6.9,3,0,21.9,7.3,3,882,1,0,0,0,0,0,0,883,15,0,24.4,3.5,4,0,24.3,4.2,3,0,24.2,3.6,4,0,24.1,3.2,4,0,24.3,3.6,3,0,24.3,4.5,3,47827,15,0,24.9,4.7,2,0,24.5,8.7,2,0,24.8,6.7,2,0,24.8,7.6,2,0,24.8,6.8,2,0,24.8,7.2,2,887,15,0,25.1,1.7,2,0,25,1.7,1,0,24.8,1.9,2,0,24.7,3.2,3,0,24.9,4.2,3,0,24.7,3.5,3,888,1,0,0,0,0,0,0,890,15,0,25.1,0.9,2,0,25.2,2.4,1,0,25,1.9,1,0,24.8,1.4,1,0,24.8,2,1,0,24.5,0.9,2,47831,15,0,24.7,7.1,3,0,24.6,5.2,3,0,24.3,5.3,3,0,24.4,5.6,3,0,24.8,5.8,2,0,24.4,5.3,2,893,15,0,24.7,4,2,0,24.5,3.6,2,0,24.4,3.7,2,0,24.6,3.7,2,0,24.7,4.9,2,0,24.7,4.3,2,895,15,0,24.4,7.4,4,0,24.3,6,4,0,24.3,6.8,4,0,24.4,6.1,4,0,24.5,7.7,3,0,24.4,7.4,3,47837,15,0,24.5,12,3,0,24.5,13.1,3,0,24.6,13.1,3,0,24.7,13.3,3,0,24.7,13.5,3,0,24.8,11.9,3,897,15,0,22.5,7.5,4,0,22.6,7.7,4,0,22.7,6.9,4,0,22.9,8,4,0,22.8,7.2,4,0,22.8,6.4,4,898,15,0,22.6,3.1,3,0,22.7,4.6,3,0,22.8,4.3,3,0,22.7,4.1,3,0,22.7,3.7,3,0,22.8,4.2,3,899,15,0,24.2,9.4,3,0,24.2,7.8,3,0,23.9,8.2,3,0,24.3,9.2,3,0,24.3,8.7,3,0,24.4,10.2,3,47909,15,0,25.5,5.3,1,0.5,25.2,3.9,1,0,25.6,4.1,1,0.5,26.2,4.9,3,0,26.3,3.2,12,0,26.5,4.4,3,47836,15,0,24.7,11.4,2,0,24.7,9.5,2,0,24.8,13,3,0,24.9,12.4,3,0,24.9,11.4,3,0,24.7,12.3,3,47942,31,0,26.7,15.8,3,0,0,26.6,16.3,3,,0,27.6,18.4,2,,0,26.6,17.4,3,,0,26.8,18.1,3,,0,26.8,18,3,,934,1,0,0,0,0,0,0,935,15,0,20.1,9,4,0,20.2,9.5,4,0,20.4,9.1,4,0,20.5,9,4,0,20.7,9.4,4,0,20.4,9.2,4,936,15,0,23.2,1,2,0,23.5,1.1,2,0,23.4,1.1,2,0,23.7,1.6,3,0,23.8,1.3,2,0,23.7,1.4,2,937,15,0,23.6,5.9,3,0,23.6,6.2,3,0,23.6,7,2,0,23.6,6.3,3,0,23.8,5.8,3,0,23.7,6.3,2,980,15,0,26.5,8.5,4,0.5,25.2,5.8,3,0,26.1,5.8,4,0,26.7,7,4,0,26.5,5.6,4,0,26.8,6.8,4,1136,15,0,23.2,4.2,4,0,23.1,2.5,4,0,23.2,5,4,0,23.3,5.3,4,0,23.3,3.2,4,0,23.2,3.9,4,1139,15,0,26,12.1,3,0,25.6,10.4,3,0,26.7,11.6,3,0,26,11,3,0,26,11.5,3,0,25.9,11.8,3,1146,15,0,20.7,3.3,4,0,20.8,3,3,0,20.5,2.5,4,0,20.5,2.3,3,0,20.9,3.3,3,0,20.7,3.4,4,1149,1,0,0,0,0,0,0,1161,1,0,0,0,0,0,0,1181,15,0,23.9,2.4,2,0,24,2.3,2,0,24,2.1,2,0,24.1,1.6,2,0,24,1.4,2,0,24,2.4,2,1277,15,0,26.5,13.7,3,0,26.1,14.9,3,0,27.6,15.3,3,0,25.7,14.8,3,0,26.6,15.3,3,0,26.4,15.6,3,1296,15,0,25.2,13.8,3,0,25.3,8.6,3,0,25.8,10.6,3,0,25.8,11.3,3,0,26,12.4,3,0,26.2,12.2,3,1520,15,0,25.7,16.5,3,0.5,25.5,15.4,3,0,25.7,15.7,3,0,26.3,16.3,3,0,26.2,15,3,0,26.4,16,3,1540,15,0,23.1,11.8,2,0,23.4,12.1,2,0,23.4,12,2,0,23.1,11.9,2,0,23.1,11.2,2,0,23.4,12.2,2,1542,15,0,25.8,13.3,3,0,25.9,14.7,3,0,26.6,12,3,0,26.8,13.9,3,0,26.5,12.7,3,0,27,13.9,3,1647,1,0,0.5,0,0,0,0.5,1654,1,0,1.5,0.5,0,0,0,1655,1,0.5,3,0,0.5,1.5,0,1658,1,0,0,0,0,0,0,901,31,0,24.9,13.8,3,0,0,24,14.2,3,,0,25.2,14.2,3,,0,24.2,15,3,,0,24.5,15.8,3,,0.5,24.2,15.1,3,,47940,31,0,27,12.2,3,0,0,26.2,11.5,2,,0,26.7,12.8,2,,0,26.3,12.9,3,,0,26.2,11.8,3,,0,25.9,12.7,2,,906,1,0,0,0,0,0,0,907,1,0,0,0,0,0.5,0,47936,31,0,26.9,22.1,3,0,0,26.2,22.3,3,,0,26.4,20.1,3,,0.5,25,18.5,3,,0,25.6,19.8,3,,0.5,24.9,18.5,3,,909,31,0,24.8,23.8,3,0,0,23.5,24.4,3,,0,23.9,24.2,3,,1,22.6,25,2,,1,22.1,26.3,3,,0.5,22.1,25.3,2,,47918,31,0,26.8,12.1,0,0,0,27.1,11.5,0,,0,26.6,13.2,0,,0,27.1,11.6,0,,0,27,11,0,,0,26.9,10.5,0,,1145,31,0,27,8.5,0,0,0,27,8.6,0,,0,25.5,8.3,0,,0,27,8.4,0,,0,26.4,8.6,0,,0,26.7,8.2,0,,1147,31,0,26.7,17.2,3,0,0,27.1,17.3,3,,0,27.3,17.3,3,,0,27,16.8,3,,0,26.9,13.5,3,,0,26.5,16.6,3,,47927,31,0,26.5,10.4,1,0,0,26.2,12.4,0,,0.5,26.5,11.5,0,,0,26.4,12.4,1,,0,26,11.6,1,,0,27,12.8,1,,47929,31,0,27,9.2,2,0,0,26.9,12.4,2,,0,26.9,12.8,2,,0,27.2,10.3,2,,0,27.1,11.9,2,,0,27,11.3,2,,1152,31,0,25.4,11.4,3,0,0,24.7,11.2,3,,0,24.7,10.7,2,,0,23.9,11,2,,0,24.6,13,2,,0.5,24.4,13.2,2,,1248,1,0,0,0.5,0,0,0,1250,1,0,0,0,0,0,0,1251,31,0,26.4,10.3,0,0,0,26.9,12,0,,0,25.4,13.5,0,,2,25.1,11.3,0,,0,26.1,9.5,0,,0,26,9.8,0,,47917,31,0,26.7,6.7,1,0,0,26.8,8.3,1,,0,26.3,7.9,1,,0.5,26.1,8.9,1,,0,26.6,8.3,1,,0,26.4,8.2,1,,47912,31,0,26.5,12.7,0,0,0,26.6,15.7,0,,0,26.9,15.5,0,,0,26.2,15.5,0,,0,25.8,13.3,0,,0,26.7,13.9,0,,1354,31,0,27.3,10.6,0,0,0,27.3,9.8,0,,0,26.1,10.5,0,,0,25.4,11.3,0,,0,26.8,11.4,0,,0,26.7,10.5,0,,47945,15,1,24,15.2,3,2,23.7,16.1,3,2,23.8,16.7,3,1,24.3,17.7,3,0,24.6,15,3,0,24.8,16.5,3,1373,1,0,0,0,0,0.5,0,1374,1,0,0.5,0.5,0.5,0.5,1,1482,15,0,27.3,14.7,3,0,26.4,14,3,0,26.9,14.8,3,1,24.6,16.5,3,0,25.7,15.4,3,0,24.8,17,3,1483,15,0,26.2,11.7,0,0,25.7,12.8,0,0.5,25.8,11.7,0,0.5,25.6,13.4,1,0,25.6,11.6,1,0,26.5,13.6,1,1490,15,0,26.7,19,0,0,27.1,19.8,0,0,27,19.9,1,0,27.2,20.4,1,0.5,26,19.1,1,0.5,26.7,20.5,1,1491,15,21,23.6,10,1,6.5,26.2,13.1,0,0,26.5,11.3,0,0,27.2,11.9,0,0,25.8,10.2,0,0.5,23.7,12,1,1493,15,0,26.9,12.8,0,0,27.1,12.8,1,0,27.1,13.6,1,0,26.6,13.4,1,0,26.4,11.9,1,0,27.1,12.8,0,1494,15,0,27.5,12.3,0,0,27.6,11.9,0,0,26.5,11.7,0,0,26.3,12.4,0,0,27.4,12.1,0,0,27.1,11.7,0,1515,15,0,26.8,12.7,2,0,26.6,14.5,2,0,27,15.9,3,0,27.4,15,3,0,27.1,16.2,3,0,26.9,15.6,3,1516,15,0,27.5,13.2,3,0,27,14.4,3,0,26.5,16.2,3,0,26.2,18.2,3,0,26.4,16.5,3,0,26,16.6,3,1517,15,2.5,23.9,17.3,3,1,23.7,18,3,1,23.6,17.7,,3,24.1,18.3,3,0,24.6,15.6,3,0,24.5,17,3,1518,15,3,24,14.8,3,1.5,23.7,14.4,3,1,23.7,15,3,1,24.1,14.9,3,0,24.5,12.2,3,0.5,24.6,14.5,3,1534,15,0,27.1,13.2,2,0,27.4,13.4,2,0,27.1,13.9,2,0,27.2,14,2,0,27.6,15.8,2,0,27.2,15.6,2,1586,1,0,0.5,0,0.5,0.5,0,1596,31,0,25.6,21.6,3,0,0,24.6,19.9,3,,0,24.4,23.2,2,,1,23.8,23.6,2,,1,23.9,24.5,2,,1.5,23.5,23.6,2,,1639,15,0,26.4,10.6,0,0,26.2,11.3,0,0,25.6,11.8,0,0,26.7,10.4,0,0,26.4,11.3,0,0,26.3,8.8,0,1651,1,0,0,0,0,0,0,89532,78,-19.1,5,10,120,-19.5,5.7,10,120,-19.7,5,10,120,-20.5,4.3,9,120,-21.5,3.8,9,120,-22.3,3.7,10,120,