31,1,0.5,-3.5,-2.7,5,1,0,1,1,-2.4,-1.6,4.6,1,0,1,0,-2.3,0.5,4.3,1,0.2,1,0,-1.8,1,4.2,1,0.2,1,0,-1,2.1,3.1,3,0,1,0.5,-2.9,2,3.9,2,0,1,0,-6.5,2.9,2,1,1,1,0,-1.7,4.1,2.6,9,1,1,0.5,1.5,4.2,5,1,0.6,1,0,-0.5,3.2,3.5,2,0.1,1,0,-2,2,3.7,2,0.9,1,0,-1.3,2,4.1,2,0.4,1,0,-3.4,0.8,3.4,1,0.1,1,0,-2.8,2.9,3.4,2,0.7,1,0,-4.5,4.4,1,7,1,1,0,-4.1,5.3,3.4,1,1,1,0,-6.4,3.9,2.9,1,1,1,0,-1.5,4.8,4.1,1,1,1,0.5,-0.5,1.8,2.6,1,0,1,0,-2.9,4.1,3.5,1,0.7,1,0,-3.7,5.6,1.3,5,0.6,1,0,-1.6,6,2.1,3,0,1,0,-1.6,2.2,1.2,15,0,1,1,-0.1,1.5,3.3,1,0,1,0.5,-3.8,1,4.4,1,0,1,0,-7.1,-2.4,5,1,0.4,1,0,-6.9,-3,3.5,1,0,1,0,-2.8,-1.8,3.9,1,0,1,0,-6,-2.4,2.6,1,0,1,0,-1.8,-0.8,3.4,1,0,1,0,-5.1,0.8,3.9,1,1,1,0,-7.7,1,5.1,1,1,1,0,-10,2.7,3.5,1,1,1,0,-5,3.8,3.9,2,1,1,0,-8.1,4.9,3.7,1,1,1,0,-0.8,6.3,3.8,1,1,1,0,-4.3,7.9,1.3,3,1,1,0,-2.6,10,1.5,2,1,1,0,-4.8,10.8,2,1,1,1,0.5,1.8,11.5,1.3,7,1,1,5,2.5,5.1,0.9,0,0,1,1.5,0.7,8.2,4,1,0,1,0,-1.2,3.5,5.2,2,1,1,0,-1.1,4.1,4.3,2,1,1,0,-0.7,3.7,4.4,1,1,1,0,-0.4,4,4.2,1,0.8,1,0,-2.9,4.7,3,2,1,1,0,-3.5,6.5,2.8,1,1,1,0,-5.2,5.3,1.9,1,0.6,1,0,1.8,5.3,3.5,1,0,1,0,-3.2,3.9,3.7,1,1,1,0,-4.8,4.7,5.1,1,1,1,0,-7.4,7.5,2,3,1,1,0,-2.1,7.8,3,1,1,1,5,-0.6,8.8,1.6,9,0,1,1,0.6,9.3,3,1,0.4,1,0,-1.2,4.2,3.1,2,0.2,1,2,-1.7,3.1,3.9,1,0.1,1,0,-3.2,4.9,3.1,1,0.8,1,0,-1.5,6.1,4.5,1,0.9,1,0,-1,6.1,0.9,9,0.1,1,0.5,0.3,5.8,0.8,8,0,1,0,-2.1,2.6,1.4,15,0,1,4.5,0.3,3.1,1.5,2,0,1,0,-0.2,2.5,1.8,2,0,1,0,0.7,3.9,3.7,2,0.3,1,0,-1.2,1.3,4.1,0,0.8,1,0,-2.1,1.9,4,1,0.4,1,0,-2.5,0.3,4.5,1,0.7,1,0,-2,1,3.3,1,0.5,1,0,-3.1,-1.6,3.2,1,0,1,0,-2.2,0.2,4.6,1,0.1,1,0,-3.8,-1.7,5,1,0.4,1,0,-3.8,-0.8,5.9,1,0.3,1,0,-3.5,2.7,4.2,1,1,1,0,-4.9,3.8,4.9,1,1,1,0,-6.4,7,1.9,1,0.9,1,0,2.2,7.6,2.2,1,0,1,0,2.3,6.7,1.1,10,0,1,0,3.5,13.9,1.8,0,0.7,1,0,2.6,11.8,0.7,4,0.1,1,4.5,8.5,11.5,2,2,0,1,4,7.5,9.1,2.8,2,0,1,3.5,5.2,7.7,2.7,1,0,1,2.5,1.6,5.3,2.1,3,0,1,0,-1.4,2.5,1.5,1,0,1,0,-2.6,4.1,1.8,6,1,1,0,-2.8,5.2,3.6,1,1,1,0,-4.2,6.4,1.4,2,1,1,0,-0.6,7.4,2.2,2,1,1,2,-0.3,5.9,0.8,0,0,1,2,4.3,5.7,1.1,0,0,1,0,1.6,5.1,2.6,1,0.5,1,0,-1.1,5.7,3.2,1,0,1,0,-3.2,2,1.4,3,0.4,1,0,0.6,4.2,1.3,9,0,1,0,-0.5,5.7,4.1,1,1,1,0,-1.8,6.3,4,1,1,1,0,-4.4,1.8,3.9,2,0.3,1,0,-2.9,3.9,5.1,1,0.6,1,0,-4.3,5,4.1,2,1,1,0,-2.8,5.5,5,1,1,1,0,-5.1,7.6,2.5,10,1,1,0,-2.3,8.8,1.7,4,0.8,1,0,-3.3,10,1.9,7,1,1,0,1.8,11,2.2,4,0.7,1,0,-0.4,14.4,2.5,2,1,1,0,1.2,15.6,4,1,1,1,0,-1.4,16.5,2.2,6,1,1,0,2.3,16.9,1.8,5,1,1,0,0.8,16.7,0.9,10,1,1,0,6.1,16.9,2.5,9,0.4,1,5.5,6.4,11.8,0.4,8,0,1,6.5,10.9,12.7,3,10,0,1,9.5,10.8,15.4,1.9,4,0.9,1,0.5,10.8,17.5,1.9,9,0.6,1,4.5,7.7,10.5,2.6,2,0.4,1,0,3.7,13.3,4.2,1,1,1,0,1.1,13.5,2.5,9,1,1,2.5,9.8,12.7,1.9,10,0,1,1.5,10,17.9,1.9,9,1,1,0,8.5,15.3,2.6,8,0.5,1,0,5.1,11.6,4.2,1,1,1,0,3.4,11.5,3.3,3,1,1,0.5,5.1,8.7,3,10,0,1,4.5,8.1,10.3,3.2,10,0,1,4,8.8,15.5,3.4,1,0.7,1,0,8.8,17.4,3.1,2,1,1,4,8.8,12.7,0.7,7,0,1,1,8.7,15,2,2,0,1,3,7.3,9.1,1.5,1,0,1,3,4.8,7.8,1.4,3,0,1,0.5,3.8,4.8,1.5,2,0,1,0.5,3.4,6.9,1.8,8,0.1,1,3,3.7,5.8,1.4,2,0,1,6.5,5.6,7.6,2.2,10,0,1,1.5,3,5.6,2.8,2,0.3,1,0,0.6,5.9,3.8,1,0.5,1,0,-0.9,4.6,5.3,1,0.3,1,0,-1.7,6.4,4.4,2,1,1,0,-3,10.9,2.1,3,1,1,0,2.6,11,2.3,3,1,1,0.5,3.7,10.4,0.8,2,0,1,0,2,11.2,2.4,1,0,1,0,-1.5,13.8,2.2,2,1,1,0,1.8,14.7,1.6,7,1,1,0,0.2,13.2,2.6,10,0.3,1,5.5,10.7,14,2.2,10,0,1,9.5,10.6,15.2,4,1,0.1,1,0,2,12.7,5.3,1,0.9,1,0,0.8,3.7,5.3,1,1,1,0,-0.6,5.8,4.2,1,1,1,0,-2.2,9.6,2.9,2,1,1,1.5,3.4,9.8,1.5,3,0.6,1,1,2.8,7.6,2.4,1,0.6,1,0,0.2,9.9,1.8,9,1,1,0,-0.6,17.4,2.9,9,1,1,0,13.9,17.5,3.7,9,0.9,1,8,7.3,15.1,6.2,1,0,1,0,0.8,7.2,5.8,1,0.3,1,0,0,8.2,5.6,1,1,1,0,3.5,10.9,3.8,1,1,1,0.5,2.7,6.3,1.1,9,0,1,3,6.6,7.6,0.8,0,0,1,1.5,6.4,9.1,1.9,1,0,1,4.5,6.7,8.7,1,9,0,1,3.5,6.4,7.8,1.4,2,0,1,2,2.2,8.1,3.2,1,0,1,0,-0.2,5.2,2.9,2,0.8,1,0,-1.2,6.7,5.2,1,0.6,1,0,-3.7,6.9,3.8,1,1,1,0,2.3,8.3,5.2,1,1,1,0,0,9.3,1.9,0,0.5,1,0.5,2.3,9.4,2.9,1,0.6,1,0,0.4,5.6,4.4,1,0.7,1,0,-1.8,5.8,5.6,1,0.8,1,0,-4.7,6.1,3.3,0,1,1,0,-2.2,8.3,2,7,1,1,0,-3.4,9.6,2.4,1,0.9,1,0,3.1,10.2,2.1,1,0,1,0.5,4.6,10.8,0.7,9,0,1,2,11.1,12.8,1.2,11,0,1,4,9.3,15,3.9,1,0,1,0,2.2,11.3,5.9,1,0.2,1,0,-2.1,9.5,4.8,1,1,1,0,-1.1,9.3,4.7,0,1,1,0,-2.1,13.5,2.9,9,1,1,0,9.3,14.6,2.9,9,0.6,1,0,8.8,13.7,1.7,8,0,1,0,6.2,15.7,1.9,1,0,1,0,5,17.7,3.7,1,1,1,0,8.3,19.2,3.9,1,1,1,1,8.1,10.2,2.4,2,0,1,0,2.2,10.8,3.5,2,0.7,1,0,1.1,11.4,2.9,1,1,1,0,5.5,12.7,2.6,8,1,1,0,2.3,12.3,3.3,8,0.8,1,0,4.9,12.9,3.5,8,0.2,1,0,4,16.6,2.6,9,1,1,0,9.3,17.5,2,8,0.1,1,0,7.5,18.4,1.2,9,0.3,1,0.5,14.5,20.4,4.3,8,0.8,1,3.5,13.5,14.5,2.9,9,0,1,5,11.2,13.6,2,9,0,1,0.5,9.4,18.6,2.7,1,1,1,0,7.7,17.9,5.6,1,0.7,1,0,4.6,9.1,8.3,1,1,1,0,3.9,9.5,6.9,1,1,1,0,2.8,7.1,2.8,0,0.3,1,0,5.6,8.4,1.6,2,0.1,1,0,5.1,8.9,1.3,2,0,1,3.5,6,10.2,1.9,8,0,1,3,4.1,11.4,4.5,1,0.6,1,0,0.7,12.7,5.4,1,1,1,0,-1.3,13.5,3.7,1,1,1,0,4.2,16.1,4,1,1,1,0,3.9,17.6,2.1,3,1,1,0,8,18.5,2.3,3,1,1,1,8.6,11.6,2.8,9,0,1,1,11.2,12.4,1.8,9,0,1,0.5,10.4,19.8,3.9,1,0.9,1,0,10,21.5,2.5,2,1,1,3.5,10.7,13,3.4,9,0,1,3,11.3,14.2,5.4,8,0,1,0.5,9.6,11.6,2,1,0,1,0,4.4,9.9,3.7,1,0,1,0,1.6,11.8,2.6,1,1,1,0,0.9,13.1,4.5,0,1,1,0,-0.6,13.5,2.7,2,1,1,0,2.5,14.7,2.2,7,1,1,0,0.5,17.4,2.7,9,1,1,0,8.2,17.6,3.1,8,1,1,2,9.2,11.3,2.4,10,0,1,1.5,8.9,10.9,2.5,9,0,1,4.5,10.2,19.1,2.8,7,1,1,0,11.4,19.7,2.3,10,0.9,1,8.5,9.8,13.3,3.5,9,0.7,1,0,4.2,15.8,2.3,9,1,1,0,1.7,13.1,4.7,2,1,1,0,6,13.7,4,1,0.8,1,0,2.3,14.1,5.2,2,1,1,0,4.7,16.2,3.6,2,1,1,0,2.5,18.3,2.6,2,1,1,0,6.3,19.3,2.6,7,1,1,0,4,21.3,2.3,1,1,1,0,9.5,22.8,3.4,8,1,1,0,7.7,23.3,3.1,2,1,1,0,13,24.2,1.7,2,1,1,0,10.2,25.6,1.7,3,1,1,0,13.3,26.7,3.6,8,1,1,0,11.2,23.6,3.4,8,1,1,0,16.7,24.6,4,9,1,1,7.5,15.1,16.7,2.8,8,0,1,8,8.9,17.2,4.1,0,0,1,0,7,21.9,3.2,2,1,1,0,7.9,23.6,3.5,1,1,1,0,6.1,22.5,2.5,1,1,1,0,11,24.3,2.4,7,1,1,0,7.5,18.3,2.1,9,0.1,1,0.5,10.7,16.8,1.5,9,0,1,3,10.6,15.6,1.8,8,0,1,2.5,12.4,15.7,1.9,1,0,1,0.5,10.1,15,4.7,1,0.8,1,0,7,15.9,5.2,2,1,1,0,4.1,13.8,6.1,1,1,1,0,4.1,15.8,4.8,2,0.9,1,0,2.5,15.7,3.3,1,1,1,0,5,16.5,3.6,2,1,1,0,4.2,17.9,2.4,9,1,1,0,8.7,17.4,2.9,8,0.6,1,0,7.8,18.5,2.2,0,0.9,1,0,9.5,20.4,2.5,2,1,1,0,7,22.5,2.6,1,1,1,0,10.3,23.2,2.9,3,1,1,0,7.8,20.1,2.9,9,1,1,0,12.9,21.2,2.9,8,0.7,1,1,12.8,16.7,1.3,2,0,1,3,16.3,16.9,2.1,8,0,1,3.5,16.5,23.3,2.8,8,0.6,1,0,14.5,24.1,3,1,0.4,1,0,14.3,26.6,3.1,1,1,1,0,12.3,26.9,2.2,6,1,1,0,10.7,26,3.3,9,1,1,0,16.3,25.9,3.7,8,1,1,1.5,13.5,18,1.8,10,0,1,4,13.2,14.7,2.5,8,0,1,3,14.4,20,2.3,9,0,1,5,16.2,20.8,3.5,9,0,1,0,13,20.6,1.3,2,1,1,7.5,15.2,21.3,3.6,9,0.6,1,0,13.4,16.5,2.6,1,0.5,1,0,12.7,17.2,3,2,0.3,1,0,10.6,17.7,4.7,1,0.3,1,0,8.7,18.9,5.1,1,1,1,0,6.3,19.9,2.7,1,1,1,0,11.4,21.7,3.1,1,1,1,0,10.6,19,2.2,9,1,1,0,13.2,20.3,2.5,4,0.3,1,0,12.2,19.3,2.2,3,0.8,1,0,12.3,19.8,3.5,8,0.9,1,0,10.4,18.2,1.7,6,0.8,1,0,13.2,17.4,3.4,8,0.4,1,0,11.1,19.2,2.8,1,1,1,0,13,18.9,3.4,8,0.6,1,0,12.2,20.7,2,3,1,1,0,12.6,21,2.7,9,0.6,1,0,12.4,22.3,2.1,2,1,1,7,12.3,22.7,3,8,0.4,1,0,10.4,22.4,2.9,1,1,1,0,12,23.8,2,5,1,1,0,9.8,25,3.2,1,1,1,0,13,25.4,3.1,2,1,1,0,10.8,23.3,1.9,8,1,1,0,16.1,23.1,1.6,7,0.3,1,0,14.2,23.5,2.1,9,0.6,1,0,16.7,22.9,3.1,8,0.5,1,0,15.9,20.1,2.4,8,0,1,2,13.9,20,2.2,0,0,1,0,13.3,22.1,1.8,6,0.8,1,3,14.5,23.2,1.7,8,0.7,1,0,12.9,25.8,2.5,2,1,1,0,16.3,26.6,2.2,8,1,1,0,12.3,24.4,1.9,3,1,1,0,17.5,25.1,3,8,0.9,1,0,15.6,25.4,1.7,2,1,1,0,15.5,27.1,3.2,8,1,1,0,14,21.8,2.7,9,0.1,1,0.5,16,21.7,2.4,9,0,1,2.5,15.1,21.3,1.9,6,0.2,1,0,18,21.6,2.3,8,0,1,0,17.3,25.4,2.5,8,1,1,7,19.2,24,2.5,8,0.2,1,25,19.2,23.5,1.9,3,0.1,1,0,17.3,25.9,2,3,0.7,1,0,16,28.2,1.9,3,1,1,0,17.6,28.6,2.1,3,1,1,0.5,16.5,24.2,2.5,8,0,1,9.5,18.9,21.5,2.2,8,0,1,6.5,20.8,24.6,2.8,1,0.4,1,6,20.9,25.6,1.5,3,0.1,1,8.5,20.2,24,1.7,9,0.1,1,0.5,19,23.4,2.9,9,0,1,0,18.4,23.5,2.2,1,0.2,1,0,18.5,24.8,1.9,5,0.3,1,0,18.8,24.5,1.8,8,0,1,0,18.6,26.9,2.4,1,0.9,1,7,19.2,21.3,3.8,1,0,1,0,15.5,22.7,4.1,1,0.3,1,0,13.6,24.4,1.9,2,1,1,0,15.2,27.4,1.6,1,1,1,0,13.6,26.2,1.6,9,1,1,0,19.3,26,1.9,9,0,1,2.5,19,21.9,1.3,11,0,1,2,20.5,21.9,2.2,9,0,1,5,20.4,25.5,1.3,2,0,1,1.5,22.3,26.9,1.5,0,0.2,1,0.5,21.5,28.5,3.1,1,0.6,1,0,21.5,29.4,2.4,1,0.9,1,6,21.4,26.5,1.3,7,0.3,1,2,21.7,27.6,1.7,4,0.6,1,0,21,28.4,2,8,1,1,0,20.7,29.2,2.7,6,1,1,0,18.4,28.9,1.9,7,1,1,0,21.1,30.2,2.1,8,0.9,1,0,20.8,26.1,2.7,8,0.9,1,4,20.1,25.9,3.1,8,0.2,1,0.5,19.4,22.1,1.1,8,0,1,8.5,21.4,23.3,2.1,8,0,1,7,22,24.8,1.8,0,0,1,0,20.6,26.3,2.4,2,0.3,1,0,20.9,27.2,1.8,1,0.9,1,0,20.2,29,2.7,2,1,1,0,19.7,26,1.9,8,0.3,1,0,22.3,28.1,2.5,8,0.4,1,3,20.7,24.8,1.1,9,0.5,1,1,19.1,25.5,2.2,9,0,1,0,19,26.3,1.3,1,1,1,0,19.5,26.5,2.1,1,0.3,1,0.5,18.7,22.3,2,9,0,1,15,17.9,21.1,1.5,1,0,1,0,17.4,26,2.6,1,1,1,0,18.7,27.5,1.6,5,1,1,0,18.3,23.2,2.8,8,0,1,2.5,21.5,23.1,1.6,10,0,1,0.5,21.4,24.8,2.7,9,0,1,3,21.6,25.9,2,1,0.1,1,13,20.9,23.5,1.7,10,0,1,0.5,21.1,23.4,2,0,0,1,4.5,21,23.8,1.2,9,0,1,18.5,20.5,25.4,1.6,7,0,1,6.5,20.4,25.5,2.9,9,0.4,1,1.5,21.2,26.5,3.4,9,0.2,1,0.5,20.6,28.4,1.4,1,0.8,1,5,21.1,26.5,1.9,8,0.3,1,0,19.8,29.2,2.7,9,1,1,0,18.2,28.4,1.6,6,0.7,1,0,16.2,27.4,2.2,9,0.7,1,0,19.6,28.9,1.8,13,0.7,1,0,18.3,28.7,2.7,1,1,1,0,22.1,30.3,2.6,7,1,1,0,20.7,31.1,2.4,0,1,1,0,22.3,31.3,2.5,2,1,1,0,21.8,30.7,1.7,6,1,1,0,23.7,32.3,1.9,8,1,1,0,21.5,32.6,2.5,2,1,1,0,21,33.7,2.2,9,1,1,0,19.5,31.2,2.7,1,1,1,0,20.9,32.7,2.5,1,1,1,0,19.2,31.8,2.3,2,1,1,0,21.7,32.5,2.6,1,1,1,0,19.4,31.3,3,1,1,1,0,21.6,32.8,2.9,1,1,1,0,19.4,30.9,2.3,1,1,1,0,22.3,32.8,2.9,2,1,1,0,20.7,30.3,2.5,1,1,1,0,22.2,31.8,2.3,1,1,1,0,20.1,28.6,3,9,1,1,0,22,29.1,2.8,9,0.9,1,10.5,21.2,22.4,1.8,9,0,1,18,21.8,23.1,1.6,8,0,1,1,21.6,28.7,2.1,1,1,1,0.5,22.7,29.9,1.7,6,0.9,1,0.5,22.4,29.2,1.4,5,0.6,1,0,22.7,29.4,3.3,1,0.7,1,0,21.7,29.8,3.1,0,0.9,1,0,22.1,30.2,2.8,1,0.7,1,0,21.1,30.8,1.9,3,1,1,0,24.3,29.4,3.8,8,0.9,1,0,23,29.4,2.6,8,0.9,1,0,23.5,30.7,2.8,8,1,1,0,21.4,29,3.1,8,1,1,0,22.6,28,2.9,9,0.7,1,0,21.8,29.3,2.8,9,1,1,0,22,29.2,2.6,8,0.3,1,0,19.4,30.1,1.5,3,1,1,0.5,21.7,29.3,2.3,9,0.2,1,0,18.1,27.1,2.6,8,1,1,0,20.7,29.2,2.1,9,0.9,1,0,20.2,27.9,1.8,9,0.8,1,1,21.9,27.5,2,8,0.1,1,3.5,21.2,25.9,2.7,9,0.1,1,0,22.2,27,2.3,9,0.1,1,0,21.4,27.1,2.6,8,0.5,1,3.5,22.1,25.4,2.9,8,0.2,1,0.5,21.7,24.8,1.9,7,0.1,1,0.5,22.9,26.9,2.8,8,0.6,1,5.5,22,23.6,1.9,3,0,1,11.5,22.8,24,1.7,0,0,1,0,20.9,27.5,2.1,0,1,1,0,22.9,28.4,1.6,9,0.1,1,0.5,22.8,27.2,1.4,4,0,1,8.5,22.1,26.3,0.8,12,0,1,0.5,22,27.9,1.7,15,0.4,1,1.5,23,28.2,3.2,1,1,1,0,22,30.2,2.8,1,1,1,0,22.1,30.6,3.5,2,1,1,0,20.6,31.3,3,1,1,1,0,22.3,32.4,2.5,2,1,1,0,20.4,33.1,2.5,1,1,1,0,24,33.8,3.9,8,1,1,0,23.7,29.6,1.9,8,0.6,1,32.5,22.5,29.9,2,8,0.2,1,1.5,22.8,27.5,1.4,2,0.5,1,0,23.1,29,3.1,8,1,1,2.5,22,29.6,1.8,0,0.9,1,0,23.5,29.6,1.7,7,0.8,1,0,23.5,29.1,2.1,3,0.9,1,0,23.6,30.8,1.8,3,1,1,0,23.3,29.5,1.5,15,0.9,1,0,23.8,31.3,2.5,8,0.9,1,0.5,23.8,29.5,2.2,1,0.7,1,11,23.7,31.1,2.7,8,1,1,0,22.8,29.9,2.7,1,1,1,0,21.2,30.6,3.9,9,0.9,1,0,19.3,28.8,2.6,9,1,1,0,20.5,29.5,1.5,8,0.8,1,0,19.2,29.5,2.7,1,1,1,0,23,30.8,3.1,8,1,1,0,20.2,30.9,2.1,7,1,1,0,19.6,31,2,6,0.9,1,0,17.4,30.1,2,1,1,1,0,20.9,31.5,1.6,4,1,1,0,19.3,30.4,1.6,5,1,1,0,23.1,32,1.4,1,1,1,0,21.3,31.5,1.5,0,1,1,0,22.7,31.2,1.9,3,0.8,1,0,21.5,31.2,1.9,8,1,1,0,22.6,31.9,2.4,8,1,1,0,19.9,30,2.4,8,1,1,0,20.5,30.1,1.5,9,1,1,0,18.4,29.9,2,2,1,1,0,21.3,31.2,2.4,5,1,1,0,19.8,31.9,1.5,0,1,1,0,21.7,31.5,2,2,0.9,1,0,20.8,30.6,1.4,4,1,1,0,23.4,32.1,2.7,8,0.8,1,0,20.2,29.5,2.3,9,1,1,0,20.5,28.8,2.6,9,0.3,1,0,18.7,28.8,1.4,9,0.9,1,0,23.6,31.2,3.2,8,0.9,1,33.5,23,25.2,3.1,9,0,1,4,22.7,24.6,3.8,1,0,1,0,21.7,27.9,1.9,5,0.7,1,0,21.6,28.3,2.6,3,0.9,1,0,21,27.9,1.6,1,1,1,0,19.1,29.1,2,6,1,1,0,17.4,29.5,3.7,1,1,1,0,20.7,30.6,2,4,1,1,0,20,29.7,3.9,1,1,1,0,22.3,30.8,2.4,2,1,1,5,22,25.6,2.7,1,0.3,1,0.5,16.9,26.9,4,1,0.7,1,0,15,26.4,2.1,1,0.9,1,0,19.2,27.5,1.8,9,1,1,0,18.9,26.2,2.8,8,0.5,1,0.5,19.1,25.3,2.2,9,0.3,1,12.5,18.1,20.9,2.3,9,0.1,1,6.5,18.2,19.4,1.3,9,0,1,0,17.4,23.9,3.7,1,1,1,0,16.5,26,2.3,3,1,1,0,15.5,26.3,1.4,1,0.9,1,0,17.9,26.9,1.6,3,0.8,1,0,16.9,26.7,2.1,0,1,1,0,18.3,27.3,1.6,9,1,1,0,15.6,25.9,1.5,9,0.4,1,0,18.5,26.1,1.5,2,0.7,1,0,18.8,25.2,3.2,1,0.1,1,0,18.8,27,3.4,1,0.9,1,0,18.4,28.3,4.5,1,0.9,1,0,22.1,28.6,2.9,2,0.9,1,9.5,20.5,22.3,1.9,3,0,1,10.5,16.2,21.2,1.9,2,0,1,0,14.1,18.9,1.5,10,0,1,0.5,14.2,18.8,1,14,0,1,0,12.6,21.4,2.5,1,1,1,0,10.3,22.2,3.6,1,1,1,0,9.2,22,2.8,8,1,1,3,14.4,22.1,2.4,8,0.5,1,0.5,14.2,22.9,2.7,9,1,1,5,16.7,23.9,2.2,8,1,1,8,16.8,21.8,2.5,8,0.6,1,0,14,21.6,3.7,1,0.3,1,0,11.7,21.5,1.6,14,1,1,0,15.9,22.7,2.8,8,0.6,1,0.5,15.7,17.5,0.9,10,0,1,3,15.4,17.6,0.8,3,0,1,0,15,23.6,1.8,0,1,1,0,17.1,23.9,1.5,9,0.6,1,0,15.8,22.8,1.3,7,1,1,0,14.9,22.9,1.8,5,0.9,1,0,13.5,22.3,3,9,1,1,2.5,16.6,22.5,2.7,8,0.5,1,4,16.7,20.5,2.6,9,0,1,0,13.5,20.3,1.4,0,0,1,0,12.2,20,2.8,1,1,1,0,11.9,20.7,3,1,1,1,0,10,22.2,1.8,1,1,1,0,15.5,22.7,1.5,9,1,1,0,12.2,21,1.2,8,1,1,0,13.7,21.8,1.5,9,0.7,1,0,12.6,22.9,3,9,1,1,0,16,23.9,2.4,8,1,1,2,14.3,18.5,1.5,1,0,1,21,17,18,2.8,9,0,1,1.5,17.3,23.7,3.5,1,0.7,1,0,13.2,24.1,3,1,0.9,1,0,12.1,23.4,1.5,10,1,1,0,15.2,24.1,1.6,9,0.9,1,0,14.3,22,1.3,9,0.5,1,0,16,23.1,1.8,9,0.4,1,0,14.8,23.6,1.4,2,1,1,0,13.1,23.7,2.2,9,1,1,0,11.2,21.7,1.5,9,0.4,1,0,15.4,22.9,1.1,9,1,1,0.5,15.4,19,2.1,0,0.9,1,0,12.3,19.7,3.9,0,0.4,1,0,11.4,20.6,3.2,1,1,1,0,10.8,20.9,1.5,0,1,1,0,9.8,17.2,1.3,9,0,1,0,7.8,17.9,2.2,0,0.2,1,0,6,20.7,1.7,8,1,1,0,10.7,20.9,1.3,9,0.9,1,0,9.7,17.6,1.5,9,0.2,1,0,13.1,19.2,1.3,10,0.7,1,0.5,12.8,18.3,1,14,0,1,0,14.8,18.4,1.4,1,0,1,0.5,14.4,17.4,1.6,2,0,1,0.5,14.3,18.2,1,8,0,1,0,12.8,18.8,1.4,5,0.4,1,0,14.4,18.7,1.9,6,0.2,1,0,13.4,18.5,1.6,7,0.8,1,0,11.3,19.2,2,15,0.9,1,0,10.8,17.3,1.2,9,0,1,3.5,15,16.9,1,3,0,1,0.5,16.9,20.4,2.3,1,0,1,0.5,15.7,19.9,2.6,1,0,1,0,13.9,17,3.9,2,0.3,1,0,4.8,17.6,4.5,2,0.9,1,0,3.2,11.5,1.9,2,0.4,1,0,9,11.9,0.9,2,0,1,1.5,9,10.3,1.6,1,0,1,3.5,10.7,12.5,2.1,0,0,1,0,10.6,15.3,1.6,2,0.1,1,0,11,14.3,1.2,9,0,1,7.5,9.7,12.2,1.1,3,0,1,0,11.3,13,1.4,2,0,1,0.5,10.7,16.1,1.5,9,0,1,12,13.5,16.8,1.9,9,0.3,1,11,12.3,15.1,2.4,0,0.1,1,0,9,14.3,4.1,1,0.2,1,0,4.6,12.8,4,1,1,1,0,8.2,13.4,3.8,1,0.5,1,0,6.5,12,5.4,1,1,1,0,1.4,12.6,4.4,1,1,1,0,-1.1,13.8,2.2,2,1,1,0,1.6,14.6,2.6,1,1,1,0,0.3,14.4,3.9,1,1,1,0,3.3,14.6,4.4,1,0.7,1,0,1,15.4,1,3,1,1,0,2.7,15.8,1.5,8,1,1,0,1.5,15.6,1.3,8,0.8,1,0,6.9,16.8,2.3,1,1,1,0,5.7,16.2,0.8,13,0.8,1,0,7.7,15.8,1.4,2,0,1,0,7,12,4.8,2,1,1,0,3.8,12.1,4.8,1,0.7,1,0,2.1,10.4,4.8,1,0.7,1,0,3.5,9.7,3.8,0,0.1,1,0,0.5,12.3,3.3,1,1,1,0,1.7,12.8,1.8,0,1,1,0,1.1,8.9,1.4,9,0,1,0,3.7,12.4,2.2,9,0.8,1,0,2.6,15.6,1.6,9,0.6,1,0,7.4,15,1.2,9,0.6,1,0,7.4,14.8,1.1,9,0,1,0,5.4,15.4,1.6,9,0,1,0,4.2,12.5,3.3,2,0.6,1,0,1.5,11.4,3.3,1,0.2,1,0,-0.4,10.1,2,10,0.6,1,0,5.3,11.3,1.6,8,0.5,1,0,3.4,10.2,0.8,2,0,1,0,0.3,12,1.6,3,0.9,1,0,-1.3,10.3,4,1,1,1,0,-1.3,10.8,3.9,0,1,1,0,-2.6,12.2,1.8,10,1,1,0,0.9,12.8,1.8,10,1,1,0,0.5,15.8,2.1,0,1,1,0,2,16,2.4,1,1,1,0,-0.6,15.8,2.3,9,1,1,0,2.9,16.4,2.5,9,1,1,3.5,2,10.7,0.5,7,0,1,3.5,10.4,11.6,0.9,1,0,1,1.5,8.7,12.9,2.6,1,0.5,1,0,4.7,12.6,1.2,10,0.4,1,0,3,12.3,0.9,3,0.4,1,0,5.5,13,1.2,9,0.1,1,0,4.8,13.1,1.6,0,0.6,1,0,7.7,14.1,1.2,11,0.5,1,0,5.3,13.5,2.5,2,1,1,0,1.9,14.2,1.5,3,1,1,0,0,10.7,3.3,1,1,1,0,0.1,10.7,1.9,8,1,1,0,-0.2,11.9,5,1,1,1,0,1.2,10.6,4.6,1,0.2,1,0,-1.6,8.5,3.5,1,1,1,0,1,8.4,4.1,1,0.8,1,0,-1.7,11.6,2.2,8,1,1,0,1.7,12.1,2.5,9,1,1,0,0.2,11.8,1,8,1,1,0,1.5,13.6,2.5,9,0.8,1,0,-0.5,15.8,2.2,10,1,1,0,9.2,15.8,2.7,9,0.8,1,9.5,11.8,15.6,4.2,9,0.4,1,1.5,3.5,13.4,6.1,1,0.4,1,0,2.9,7.8,5.3,0,1,1,0,0.3,9.1,5.1,0,1,1,0,-1.7,11.5,1.2,2,1,1,0,0.8,13.8,1.8,1,1,1,0,-0.9,13.8,1.3,7,1,1,0,3.7,13.2,2,9,1,1,0,2.1,10.9,1.7,3,0.9,1,0,4.8,10.7,1.8,2,0.1,1,0,0.5,8.9,1.3,3,1,1,0,0,9.8,1.9,2,1,1,0,-0.9,6,2.5,7,1,1,0,2.2,5.9,5.4,1,0.1,1,0,-2.1,8.7,1,3,1,1,0,-0.3,10.2,2.2,9,1,1,0,-0.1,13.5,1,15,0.8,1,0,4.4,12.7,2,1,0.1,1,0,-0.6,9.1,2.6,1,1,1,0,3.2,9.8,1.5,2,1,1,0,3.3,9.6,1,0,0,1,2,8.1,12.3,2.7,9,0,1,1.5,10.5,13.3,5.1,1,0,1,0,5.7,13.1,4.9,1,1,1,0,2.5,7,5,1,0.8,1,0,0.3,3.8,5.8,1,0.1,1,0,-0.8,1.8,2.7,1,0,1,0,0.2,2.4,3.9,1,0,1,0,-2.3,5.2,2.9,0,1,1,0,-2.1,5.7,2.2,3,1,1,0,-1.3,4.8,4.3,1,0.1,1,0,-2.4,6.2,4.2,1,0.3,1,0,-3.1,8.7,3.3,8,0.9,1,0,-1,9.7,1.8,10,1,1,1,-0.5,7.9,0.6,2,0.2,1,0,1.4,9.9,3.5,1,0.2,1,0,-1.2,12.5,1.5,10,1,1,3.5,8.4,12.5,2.2,2,0.1,1,6,8.3,10.1,3.1,1,0,1,0.5,3.5,9.8,4.2,1,0.3,1,0,1,8.5,4.4,1,1,1,0,3.7,8.6,4.2,1,0.3,1,0.5,2.4,3.9,4.4,1,0,1,0.5,-0.9,2.6,4.4,0,0,1,0,-2.5,-1,3.2,2,0,1,0,-2.4,-0.5,3.2,2,0,1,0,-2.9,1.7,2.8,1,1,1,0,-4.4,2.3,2.3,0,0.4,1,0,-6.4,1,4.4,1,0.8,1,0,-2,2.3,4.6,1,0.4,1,0,-4.1,5.3,0.9,8,1,1,3,2.1,7.4,3.4,8,1,1,0.5,0.5,2.4,3.6,2,0,1,0.5,0.3,1.4,4.5,2,0,1,0,-1.7,1,1.6,1,0,1,1,-2.3,2.3,1.5,2,0.1,1,0.5,-4.6,-2.6,,,0,1,0,-2.3,-1.6,,,0.2,1,0,-2,0.8,4.2,1,0.4,1,0,-4.1,0.1,5.2,1,0.1,1,0,-6,4,1.1,9,1,1,0,-3.3,4.6,1.2,7,1,1,0,-4.8,5.5,1.2,7,1,1,0,-3.1,6.1,1.9,9,0.8,1,0,-4.5,3.9,4.1,1,1,1,0,-2.3,5.3,4.8,1,0.9,1,0,-5,3.4,3.5,1,0.5,1,0,-0.6,3.3,2.6,1,0.2,1,0.5,-1.3,2.4,2.9,2,0.6,1,0,-2.6,3.1,3.6,1,0.8,1,0,-5.7,0.9,4.4,1,1,1,0,-6.3,1.3,5.9,1,1,1,0,-8.9,3.7,2.8,2,1,1,0,-4.1,4.9,4.1,2,1,1,0,-5.3,2.5,4.4,0,0.1,1,0,0.2,3.5,5.1,1,0.2,1,0,-3.5,0.4,4.1,0,1,1,0,-7.7,0.7,5.2,1,1,1,0,-8.7,2.8,1.8,2,1,1,0,-3.3,3.4,2.9,1,1,1,0,-5.9,1.8,3.4,2,0.5,1,0,-2,1.4,4,1,0.2,1,0,-7.3,2.8,2.9,1,1,1,0,-5.5,3.2,3.8,1,1,1,0,-7,2.1,2.3,2,0.7,1,0,-0.8,1.4,3,1,0.2,1,0,-1.9,-0.4,2.4,2,0,1,0.5,-4,0.4,3.6,2,0,1,0.5,-5.9,-3.5,3.4,1,0.4,1,0.5,-4.8,-3.6,4.2,2,0.2,1,0.5,-4.8,-2,3,1,0,1,0,-2.2,-0.8,3.8,1,0,1,0,-2.9,1.3,4.6,1,1,1,0,-1,1.8,4.4,1,0.7,1,0,-2.7,0.2,4.1,1,0,1,0,-1.8,1.5,5,1,0.7,1,0,-2.1,-0.9,3.7,1,0.1,1,0,-4.4,-0.1,4.8,1,0,1,0,-7.3,2.1,3.8,2,1,1,0,-4.7,3.1,3.6,1,1,1,0,-5.9,3.2,3.7,1,0.7,1,0,-0.6,3.6,3.8,1,0.5,1,0,-2.8,3.4,3.5,0,1,1,0,-2.6,4.3,4.5,1,1,1,0,-5.3,2.3,3,0,0.6,1,0,-2.4,3.1,3.2,1,0.6,1,0,-2.8,3,3.6,2,1,1,0,-4.5,3.6,4.2,1,1,1,0,-5.4,-1.1,2.1,2,0,1,1,-3.1,-1,3.3,2,0,1,0,-9,0.6,3.6,1,1,1,0,-4.5,2,2.7,1,0.9,1,0,-7,1.3,5.1,1,1,1,0,-4.5,2,4.7,2,1,1,0,-8.8,0.7,3.1,1,1,1,0,-2.8,1.9,4.6,1,0.2,1,0.5,-4.9,-3.9,3.3,2,0,1,0.5,-5.3,-3.4,3.5,2,0,1,0.5,-5.8,-3.3,3.3,0,0.1,1,0,-4.3,-1.5,4.1,1,0.5,1,0,-3.6,2.5,4.3,1,1,1,0,-3.6,3.5,6.2,1,1,1,0,-6.7,6.5,3.1,9,1,1,0,-4.9,7.3,2.6,9,1,1,0,-7.3,7.1,1.6,1,1,1,0,-3.3,8.8,1.8,8,1,1,0,-3.3,6.6,4.1,1,1,1,0,-3.4,7.8,4.8,0,1,1,0,-5.2,7.4,3.5,0,1,1,0,-2.8,8.8,3.3,1,0.9,1,0,-4.6,10.3,3,10,1,1,0.5,1.2,9.8,2.2,9,0.5,1,0,-1.2,7.4,5.4,0,1,1,0,-1.7,8.4,5.5,1,1,1,0,-3.9,8.1,1.7,6,1,1,0,1.8,9,2.7,1,0.7,1,1,1.3,4,3.3,1,0,1,0,-1.3,4.9,4.6,1,0.2,1,0,-2.3,4,3.6,1,1,1,0,-0.7,4.7,3.5,2,1,1,1,-1.5,0.5,0.7,5,0,1,1.5,0.2,0.8,0.7,1,0,1,0.5,-0.3,2.8,1.2,7,0.9,1,0,-2.3,1.9,3.6,1,0.4,1,0,-6.4,0.9,5,1,0.7,1,0,-5.3,2.2,4.8,0,1,1,0,-5.5,5.2,2.4,8,0.8,1,3,0.1,4.2,1.8,8,0,1,0.5,-0.9,3,3.7,1,0.9,1,0,-4.1,3.9,3.1,1,0.8,1,0,-5.2,8.7,2,9,1,1,0,-2.3,9.2,2.1,9,1,1,0,-2.9,10.5,1.9,10,0.4,1,4.5,4.3,9.1,2.2,10,0.1,1,8.5,5.9,9.2,5.9,1,1,1,0,-1.7,7.9,6.8,1,1,1,0,-3.9,7.9,1,0,0.7,1,0,-0.8,10.3,1.9,9,0.5,1,0,-2.5,12.2,2.2,0,1,1,0,0.4,12.9,1.6,7,0,1,0,-0.7,10.9,1.9,6,1,1,0,-1.2,12,1.9,1,1,1,0,-3.2,11,1.5,0,1,1,0,-1.1,10.9,1.7,6,1,1,0,-2.7,11.6,1.9,10,1,1,0,4.7,12,2.1,9,1,1,1,3.9,9.1,0.7,10,0,1,1.5,5.8,8.7,1.1,9,0,1,0.5,6,11.2,0.9,0,0.1,1,0.5,2.9,12.5,5.1,1,0.5,1,0,-2.5,9.2,4,1,1,1,0,-1,9.6,1.7,9,1,1,0,-1.4,11.6,2.2,1,0.4,1,1,6.2,13.6,2.2,7,0.5,1,9.5,6.3,10.8,1.7,8,0,1,5,7.1,11,1.9,2,0,1,0.5,5.1,7.1,1.9,0,0,1,2.5,4.6,7.1,3.7,1,0,1,0,0.5,5.7,4,1,0.9,1,0,-0.8,5.2,5.1,1,0.8,1,0,-2.4,1.9,5.4,1,1,1,0,-3.2,2.8,5.6,1,1,1,0,-5.6,2.1,6,1,1,1,0,-2.7,3.4,4.8,1,1,1,0,-6.2,5.6,3,2,1,1,0,-2.7,8.3,1.7,7,1,1,0,-4.4,9,4,1,1,1,0,2.5,9.1,4.6,1,0.9,1,3,0.2,2.2,0.7,0,0,1,0,-1,5.9,3.1,1,0.3,1,0,-1.5,5.6,3.8,2,0.6,1,0,0.6,6.8,3.1,1,0.9,1,0,-2.6,4.1,4.1,1,1,1,0,-1,3.9,4,1,0.6,1,0,-3.4,3.5,4.4,1,1,1,0,-0.3,4.6,5.1,0,0.9,1,0,-2.8,0.7,2.8,1,0.8,1,0.5,-1.4,1.6,3.9,1,0.3,1,0,-4,5.9,3.2,1,1,1,0,-1.6,9,2.2,7,1,1,0,-3.5,12.6,2.2,7,1,1,0,-0.6,13.9,2.1,8,1,1,0,-1.8,14.2,1.5,6,0.3,1,0,4.7,15.6,2.3,1,0.5,1,0,0.7,14.6,2.7,2,1,1,1.5,5.9,14.6,2.9,2,1,1,1.5,1.3,4.5,5.4,1,0.5,1,0,-2.7,4.7,5,1,0.6,1,0,-4.1,2.9,4,1,1,1,0,-3.5,2.4,5.5,0,0.6,1,0,-5.4,6.6,3.2,2,1,1,0,-0.7,9.2,1.6,0,1,1,0,-0.8,11.4,7,1,1,1,0,1,12.5,3.9,1,1,1,0,-0.7,15.7,2.6,1,1,1,4,7.8,15.5,2.8,9,0,1,7,8.3,12.6,2.1,0,0,1,1.5,7.5,12,2,2,0,1,2,4.9,9.7,1.8,1,0.5,1,0,3.1,11.2,3.6,1,0.6,1,0,-0.3,7,4.1,2,1,1,0,-2.7,7.5,4.8,1,1,1,0,-4.3,3.9,3.4,1,0.5,1,0,-0.1,5.5,4.6,1,1,1,0,-3.1,9.2,2.5,6,1,1,2,0.8,8.6,4.1,2,0.7,1,0,0,3.6,5.4,0,0.9,1,0,-2.8,4.9,5.8,1,0.9,1,0,-5.2,6.7,3,2,1,1,0,-2.9,7.2,3.5,1,1,1,0,-5.3,9.6,2.3,2,1,1,0,-2.4,10.7,3.3,1,1,1,0,-4,11.3,3.6,1,1,1,0,-1.3,11.4,4.5,2,1,1,0,-3,12,1.9,5,1,1,0,-0.5,12.3,4.9,1,1,1,0,-2.7,10.3,5.6,1,1,1,0,-1.6,9.6,6.5,1,0.9,1,0,-3.7,14,2.2,9,1,1,0,0.5,15,3.5,2,1,1,0,-0.5,15,3.5,2,1,1,0,4.7,15.1,4.9,1,0.9,1,0,0.6,8.5,1.6,1,0.2,1,0,-1.6,9.7,2,7,1,1,0,-3.7,11.2,3.1,1,1,1,0,-0.1,13.5,2.9,0,1,1,0,-2.6,13.7,1.9,2,1,1,0,0.3,14.9,2.9,8,1,1,0,-1.7,16.2,2.1,6,1,1,0,2.2,16.8,2.2,1,1,1,0,2,16.9,2.8,1,1,1,0,8.4,17.5,2.9,8,1,1,0,9.1,15.5,3.1,9,0.3,1,1,10.4,15.1,1.5,9,0,1,3.5,10.4,14.1,1.3,3,0,1,0.5,6.8,15.1,2.2,1,0.8,1,0,5,14.5,1.9,3,1,1,0,4.5,16.8,2.2,7,1,1,0,1.2,16.2,3.1,1,1,1,0,4,15.8,3.1,2,1,1,0,-0.6,10.3,3.7,1,1,1,0,-0.4,13.1,4,1,1,1,0,-1.9,15.9,2.9,1,1,1,0,2.5,17.2,2.8,1,1,1,0,0,18.5,1.8,5,1,1,0,5.1,20.4,2.3,1,1,1,0,3.3,18.7,3.3,9,1,1,1,9.3,20.4,2.4,10,0.8,1,0,8.6,17.4,4.1,1,0.6,1,0,2.6,16.6,5.4,1,1,1,0,-0.8,15.8,3,8,1,1,0,8.9,16.6,2.8,8,1,1,0,4.5,16.5,3.6,9,1,1,5.5,9.4,17.1,3.3,9,0.3,1,4,6.4,11.1,2.2,6,0.9,1,1,3.3,8.9,3.3,1,0.4,1,0,4.3,10.2,4.3,1,0.2,1,0,1.9,14.5,4.4,0,1,1,0,0.7,14.9,2.5,9,1,1,0,4.9,16.7,3.1,1,0.9,1,0.5,4.4,14.2,2.1,9,0.4,1,0,9.3,12.9,1.2,1,0,1,10,10.5,13.1,1.8,11,0,1,7,7.1,13.4,2.2,10,0,1,0,4.1,12.8,4.7,0,1,1,0,2.4,12.3,3.8,1,0.8,1,1,2.7,11.1,3.1,5,0.9,1,1.5,2.7,9.9,2.1,6,0.7,1,0,1.7,14.5,1.5,3,0.5,1,0,11.7,14.3,2.5,9,0.1,1,0,11.4,20.1,3.7,9,1,1,11,13.1,18.4,3,9,0.1,1,5,10.6,13.8,5.6,2,0.6,1,0,5.1,13.8,3.8,1,0.4,1,0,1.9,12.3,3.9,2,0.9,1,0,3,13.5,4.9,1,0.7,1,0,1.9,17.2,3,9,0.8,1,0,12.3,15,2.5,9,0,1,3.5,11.8,12.5,1.1,0,0,1,5.5,11.1,12.8,2.9,2,0,1,0,6.2,18.6,5.1,1,1,1,0,6.6,19.9,5.2,0,1,1,0,4.7,16.8,2.3,8,0.4,1,0,7.9,15.7,3,1,0,1,0,4.2,19.5,3.2,1,1,1,0,8.4,20,3.3,2,1,1,0,5.4,18.2,1.8,7,0.7,1,0,7.3,19.9,2.2,1,1,1,0,6,18,1.7,8,1,1,0,11.5,18.2,3.2,8,0.1,1,0,10.8,18.8,2.8,1,0,1,0,11.8,20.9,2.4,3,0.7,1,0,12.4,22.3,4.4,1,0.9,1,0,9.1,23.6,6,1,1,1,0,5.2,24.1,2.5,1,1,1,0,14.6,24.6,3.6,2,1,1,1.5,13,21.2,2.9,2,0.1,1,8.5,17.3,19.5,2.8,1,0,1,9.5,16.3,17.4,4.9,8,0,1,14.5,14.9,16,4.6,8,0,1,1.5,14.6,18.1,2.2,8,0,1,0.5,16.7,18.4,1.6,9,0,1,1,15.7,18.6,5.9,1,1,1,0,7.2,19.9,5.7,1,1,1,0,5.3,18.1,4,2,1,1,0,7.1,18.7,5.3,1,1,1,0,4.4,20.8,3.3,1,1,1,0,8.3,22.1,2.2,6,1,1,0,7.5,20.4,2.8,9,1,1,0,12,19.5,2.6,9,0.2,1,0,10.9,20,1.9,2,0.9,1,1.5,7.8,20.4,2.8,2,0.6,1,0,5.5,19.2,2.9,0,1,1,0,7.7,21.7,2.6,2,1,1,0,5.2,22.6,2.5,2,1,1,0,10.6,23.5,3,2,1,1,0,8.5,23.5,1.7,5,1,1,0,12.7,24.9,1.7,7,1,1,0,10.5,25.6,2.7,1,1,1,0,17.3,27,2.3,5,1,1,5,16,21.7,5.1,0,0.1,1,6.5,15.1,18.2,2,2,0.4,1,0,14.4,17.3,1.9,1,0,1,3.5,11.5,17.1,1.2,13,0,1,5,10,15.6,2.9,1,0.6,1,0,12.7,18.6,1.9,1,1,1,0,12.5,20.3,1.5,2,1,1,0,13.1,21.5,2.4,2,1,1,0,11.5,21.2,2.4,8,0.5,1,0.5,12.8,20.3,2.2,8,0,1,0.5,12.6,16.1,1.3,10,0,1,0.5,14.4,17.4,2.3,9,0,1,2.5,14.8,18.9,2.1,7,0,1,2,17,19.5,2.5,8,0,1,8,16.8,20.2,3.5,9,0,1,18.5,18.2,21,3,10,0,1,2,16.2,21.8,5.3,1,0.6,1,0,10.7,21.5,5.9,1,1,1,0,9,17.4,3.3,9,0.7,1,0,13.6,18.2,3.3,8,0.1,1,2.5,12.6,13.6,3,9,0,1,2,12.4,13.1,2.6,8,0,1,2,12.6,14.9,1.9,10,0,1,3.5,13.9,15.7,1.5,8,0,1,0,12.2,21.4,2.2,1,0.8,1,0,12.8,22.5,1.4,2,0.9,1,0,11.9,23.1,3.7,1,1,1,0,14,24.5,3.4,1,1,1,0,13.3,23.3,1.7,0,0.9,1,0,13.2,21.7,2,1,0,1,0,11.8,23.7,3.4,1,1,1,0,13.9,25.5,2,4,1,1,0,12.5,19.5,1.5,8,0,1,0,14.2,20.3,2.3,8,0,1,0,13.6,22.5,2.1,1,0.6,1,0,16.4,22.4,1.7,6,0.5,1,0,16,22.3,2.3,0,0.7,1,0,15.9,24.8,2.2,2,0.8,1,0,15.1,22.4,1.7,2,0.3,1,1,18.1,23,1.9,1,0,1,18,17.8,21.3,2.3,9,0,1,0,17.7,22.9,2.5,2,0.2,1,0,16.6,23.2,1.4,2,0.1,1,2,15.1,23,1.6,2,0,1,9.5,15.9,21.8,3.2,1,0.9,1,0,15.8,22.7,2.4,1,0.4,1,0,15.6,24.1,3.3,3,0.7,1,0,13.9,24.5,4.8,1,1,1,0,12.5,21.7,2.5,9,1,1,0,14.9,22.1,2.1,4,0.3,1,0,13.6,20,2.1,9,0,1,2.5,16,19.2,2.5,8,0,1,4,15.8,21.2,1.1,8,0,1,6.5,17.3,19.4,1.7,8,0,1,1,17.2,19.7,2.3,8,0,1,1.5,17.5,19.5,2.3,8,0,1,0,17.3,20.8,0.8,9,0,1,0,18.2,21.2,1.2,0,0,1,0.5,17.4,21.1,1.7,8,0.1,1,1.5,18,21.5,1.8,9,0,1,17,18.3,23,1.2,8,0,1,0,19.3,25.5,2,6,0.8,1,0,18.8,26.6,3,2,1,1,0,20.9,27.2,1.9,6,0.4,1,0,20.6,27.9,2.8,1,0.5,1,2,20.7,28.6,2.7,5,0.8,1,0,20.3,28.1,2.8,6,0.7,1,0,20.9,29.2,2.9,1,0.5,1,23,20.6,27.9,2.8,1,0.3,1,3.5,21.7,29.7,2.1,2,1,1,0,22.6,26.7,2.9,8,0.7,1,0,21,28,2.5,8,1,1,2,20.4,27.9,2.9,8,0.9,1,0,22.1,28,3.2,9,0.7,1,1,21.2,29.6,3.3,1,1,1,0,21.6,30.3,4.2,1,0.8,1,0,20.8,30.9,3.7,1,1,1,0,21,31.8,4.1,2,1,1,0,19.3,30.5,3.2,2,1,1,0,20.8,31.4,3.3,1,0.9,1,0,19.5,28.4,2,1,0.3,1,0,20,27,3.1,1,0.1,1,0,20.2,27.3,1.4,1,1,1,0.5,21.8,28.7,1.8,3,0.9,1,0,21.5,28.9,1.7,6,0.8,1,0,22.1,28.8,2.7,8,0.5,1,0,22,29,2.5,2,0.6,1,27,19.8,29.6,2.2,8,0.4,1,9.5,20.3,26.7,3.6,1,1,1,0,17.7,28.5,4.1,1,1,1,0,15.8,27.4,2.6,10,1,1,1,19.7,28.1,3.5,9,0.7,1,5,19.9,22.6,1.8,8,0,1,6,20.7,21.7,1.1,8,0,1,1,20.1,29.3,3.1,1,1,1,0,22.7,30.6,1.8,7,1,1,0,21.8,30.4,2.4,1,1,1,0,21.4,31.5,3.2,8,0.5,1,0,19.3,30,2.1,1,1,1,0,21.3,31.9,3.1,8,1,1,0,19.3,30.7,2.5,8,1,1,0,20.5,31,2.8,9,1,1,1,19,27.9,1.4,5,1,1,0,20.9,29.3,2.2,9,0.9,1,0,19.7,29.2,1.3,0,1,1,0,21.3,29.4,2.6,9,0.9,1,0,21.6,29.7,2.1,2,1,1,0,19.8,30.3,1.9,6,1,1,0,17.6,30.8,2.3,5,1,1,0,21.5,31.3,1.9,9,1,1,0,21.3,30.4,2,1,1,1,0,21.7,30.8,2.5,2,0.9,1,0,17.3,31.5,2,8,1,1,0,22.8,32.1,2,9,1,1,0,21.8,28.2,2.7,8,0.7,1,5,22.7,28.3,2,9,0,1,10.5,22.3,24,2.2,1,0,1,29.5,22.9,24.3,2.9,8,0,1,21.5,21.9,24.8,2.8,8,0,1,1.5,22.6,25.4,1.7,9,0.5,1,0,22,26.6,1.4,4,1,1,4.5,20.6,25,1.6,2,0,1,0.5,18.7,20.3,1.9,1,0,1,0,19.4,20.3,2,2,0,1,0,19.3,24,1.8,1,0.2,1,0,19.8,26,1.7,9,0.9,1,0,19,25.8,2,8,0.6,1,4,20.2,25,3.2,9,0.1,1,10,18.9,26.3,1.8,9,1,1,0,20,24.5,2,10,0.2,1,0,18.7,25.3,2.4,8,0,1,0.5,21.6,26.3,2.3,9,0.5,1,12.5,21.1,25.3,2.4,8,0.1,1,2,21,24,1,9,0,1,2,20.9,24.3,2.8,1,0,1,0,19.6,25.6,3.5,1,0,1,0,19.3,25.5,3.5,1,0.3,1,0,20.9,27.5,3.4,1,0.5,1,0,19.4,28.3,2.4,1,1,1,42,19.7,27.7,3.3,8,0.9,1,2,19.8,23.1,1.4,9,0,1,3.5,19.6,23.4,3.1,8,0.4,1,0,19.1,25.9,2.3,11,1,1,0,18.9,25.4,2.1,10,0.1,1,0,19.1,23.2,1.5,9,0,1,0,20,26.1,1.7,8,0.4,1,0,18.7,28.5,1.9,9,1,1,0.5,21,29,2.5,9,1,1,0,18.8,28,1.5,2,1,1,0,22.2,29.4,1.8,4,0.6,1,0,20.8,28.1,2.7,8,0.9,1,0,22,28.4,2.5,8,0.7,1,0,21.5,28.6,2.7,1,0.6,1,15,22.1,30.3,2.4,15,0.9,1,1,20,30.5,2.1,8,1,1,18.5,22.2,28.5,2.2,9,0.7,1,0,21.1,30.8,1.9,1,1,1,0,22.3,31.4,2,4,0.8,1,0,20.9,30.2,2.4,1,1,1,0,22.3,29.6,1.6,1,0.8,1,0,21.5,31.4,2.2,0,1,1,0,23,32.6,1.8,3,1,1,0,22.4,29.8,2.7,0,0.9,1,0,21,30.6,3.3,2,1,1,0,19.3,30,2.2,4,1,1,0,21,31.2,3.5,2,1,1,0,19.9,30.9,1.7,3,1,1,0,22.7,31.9,2.5,2,0.9,1,0,21.3,30,1.4,0,1,1,0,20.9,29.4,2,9,0.5,1,0,19.7,29,2.1,1,1,1,0,21.6,29.2,2.4,2,0.6,1,0,20.7,28.7,2.5,1,0.5,1,0,20.9,29.8,1.7,7,1,1,0,20,28.8,1.9,2,0.6,1,0.5,22.3,29.2,1.6,2,0.9,1,0,22.1,29.3,2.1,1,0.5,1,10.5,23.4,29.9,2.6,1,0.6,1,7.5,22.4,26,1,9,0.1,1,0,22.3,26.7,1.6,3,0.1,1,1.5,19.7,21.7,1.8,9,0,1,3.5,20.2,21.7,1.7,8,0,1,12.5,20.1,22.8,2.7,9,0,1,6.5,20.7,22.8,2,8,0,1,4,20.4,24.1,1.4,0,0.5,1,0,20.7,25.2,2.3,9,0.1,1,0,21.3,26.1,3.4,9,0.7,1,0,21.4,27.2,2.6,9,0.6,1,0,19.1,27.6,2.2,9,0.8,1,5,22.7,27.7,2.5,9,1,1,20,21.6,23.8,2.5,9,0.1,1,0,21.1,25.1,1.9,10,0.1,1,6.5,20.8,26.6,1.4,0,0.5,1,10,21.4,29,2.1,2,0.9,1,0,20.9,27.8,1.3,14,0.8,1,10,21.2,24.2,1.3,4,0.1,1,0,20.8,26.8,1.2,3,1,1,0,21.5,25.6,1.4,8,0.1,1,0,21.1,26.7,1.1,3,0.7,1,1.5,21.3,27.6,1.4,6,0.1,1,0,20.8,29.2,1.7,2,1,1,0,22.5,29,1.4,15,0.9,1,0,20.8,28.4,1.7,9,0.9,1,0,21.6,27.1,1.4,9,0,1,0.5,21.3,28.1,1.8,10,1,1,0,21.5,28,1.3,11,0.3,1,1,21.8,28.8,2.9,2,0.8,1,22.5,23.5,24.3,2.8,8,0,1,12.5,23.2,24,3.6,9,0,1,9,22.4,23.6,2.4,8,0,1,10.5,21.8,22.6,4,9,0,1,12,20.9,21.9,3.2,9,0,1,5.5,20.5,22.3,2.1,9,0.1,1,1.5,19.5,24.2,3,1,0,1,0,16.1,24.2,2.5,2,0.8,1,0,12.9,25,3.4,2,1,1,0,11.1,24.5,3.4,0,1,1,0,14,25.6,3.6,2,1,1,0,12.2,26.4,2,9,1,1,0,18.1,25.8,1.7,8,0.9,1,0.5,18.9,26.9,2.5,0,0.7,1,0,20.8,28.5,1.8,2,1,1,0,18.5,29.4,1.5,3,1,1,0,20.2,29.4,1.5,3,0.6,1,0,19.7,27.2,2.4,10,1,1,0,20.9,28.7,2.3,9,1,1,0,18.7,28.1,2.2,9,1,1,0,20.5,28.4,2.3,1,0.9,1,0,19.2,28.6,2.2,7,1,1,0,20.8,28.6,1.9,8,0.7,1,0,19.9,28.9,2.1,1,1,1,0,21,29.6,1.9,8,0.9,1,0,17.1,28.5,2.1,9,1,1,0,20,30.1,2.6,9,1,1,0,18.1,27,2.7,9,0.9,1,0.5,20.8,27.4,2.5,9,0.7,1,4.5,21.7,24.9,2.2,10,0.2,1,2,21.8,23.9,2.1,9,0.3,1,0.5,19.3,27.5,2,9,1,1,0,20.8,28.4,1.5,9,1,1,0,20.4,27.9,1.5,6,1,1,15,21.2,29,2.2,9,0.9,1,15,20.9,22.7,1.1,14,0,1,8,21.9,23.1,2,9,0,1,27,21.4,23.1,2.9,1,0,1,22,19,21.3,4.9,2,0,1,0,16.4,21.2,4.5,1,0.3,1,0,12.5,21.5,3.8,1,0.2,1,0,11.3,19.1,3.4,2,1,1,0,9,21.9,3.4,1,1,1,0,6.9,21.3,1.9,10,1,1,0,12.5,21.4,1.7,3,0.6,1,0,11.1,21.9,2.5,8,0.5,1,0,14.5,21.6,1.9,8,0.5,1,0.5,14.1,16.8,1.2,9,0,1,0.5,14.2,17.2,1.4,2,0,1,0,12.7,23,1,9,1,1,0,14,23.6,1.9,7,0.9,1,0,12,23.1,2.1,1,1,1,0,14.2,23.7,2.9,1,1,1,0,13.5,23.2,3,1,1,1,0,15,23.9,1.9,9,1,1,0,15.5,20.8,1.6,2,0,1,0.5,17.6,20.5,4.2,1,0,1,0,15.1,21,3.5,1,1,1,0,11.2,21.7,3.7,1,0.8,1,0,10.3,19.4,3.3,1,1,1,0,11.6,19.1,4,1,1,1,0,9.2,18.2,2.1,1,1,1,0,6.8,19.2,3.3,1,1,1,0,5.7,16.9,1.2,9,1,1,0,10.8,19.6,1.9,9,0.6,1,0,10.4,18,2.1,8,0,1,6,15.2,16.7,1.6,3,0,1,1.5,16,20.2,4.1,1,0.4,1,0,11.7,21.8,4.8,1,1,1,0,10.2,19.9,4.1,1,1,1,0,7,20.2,5.4,1,1,1,0,6.8,18.2,1.2,12,1,1,0,9.1,19.1,2.5,2,0.6,1,0,6.8,20.7,1.5,2,1,1,0,10.9,20,1.7,9,0.5,1,0,9.3,21.2,2.8,1,1,1,0,10.4,21.5,3.9,2,0.9,1,0,8.5,20.1,1.6,1,0.9,1,0,8.9,19.1,1.5,2,0.2,1,0,8.2,20.8,1.9,1,1,1,0,9.3,21.3,1.7,9,1,1,0,7.9,18.6,0.7,0,0.2,1,0,10.8,18.3,1.2,1,0,1,0,9.5,19,3.1,9,0,1,7,16.6,19.7,1.8,4,0,1,12.5,16.1,20.1,2,8,0,1,3,17.6,19.7,0.9,4,0,1,4.5,17.9,20.8,3.5,2,0.9,1,0,9.7,21.6,2.5,2,1,1,0,8.6,18.6,2.6,2,0.9,1,0,11.5,18.5,3,1,1,1,0,8.7,19.1,1.4,1,1,1,0,10.2,20,2.3,9,1,1,0,7.9,22.3,0.9,9,1,1,0,11.7,22.5,1.8,8,1,1,0,10.1,20.4,1.2,9,1,1,0,12.1,20.6,1.7,9,0.3,1,0,10.8,22.1,1.2,8,0.9,1,0.5,16.4,21,1.3,8,0,1,6,16.7,20.3,1.9,9,0,1,0.5,17.3,20.1,2.5,9,0,1,0.5,16,21,1.7,7,0,1,0,14.5,21.7,1.4,9,0.4,1,0,13,21.8,1.2,9,1,1,0,13.9,21.8,1.4,4,0.5,1,0,13.3,19.7,3.2,1,0.2,1,0,10.7,17.3,5,2,0,1,0,5.3,15.3,3.8,1,1,1,0,4.7,16.3,2.6,2,1,1,0,3.4,17.7,1.3,11,1,1,0,7.2,17.1,1.5,5,1,1,0,4.4,17.9,1.6,9,1,1,0,6.1,17.5,1.9,9,1,1,0,3.6,20.3,1.7,9,1,1,0,9.5,20.2,1.4,9,1,1,0,9.3,16.3,0.7,9,0,1,1,12.4,14.4,1.3,3,0,1,1.5,12.5,20,4.5,1,1,1,0,9,20.6,4,1,1,1,0,6.9,19.8,1.6,9,1,1,0,9.9,19.6,1.6,5,0.9,1,0,6.8,19.2,1.5,9,1,1,0,10.5,19,1.3,9,0.5,1,0,10.1,18.3,1.2,3,0.6,1,0,9.8,19.4,1.6,1,0,1,0,8.1,20.7,1.2,5,1,1,0,11.4,21.6,1.7,9,1,1,0,11,18.5,0.7,8,0.3,1,6,14.6,18.6,0.8,8,0,1,2,14.6,17.6,0.5,0,0,1,1,15.4,18.4,2.4,1,0,1,0,13.3,18.6,4.2,2,1,1,0,10.5,19,2.2,4,1,1,0,7.9,14.2,1.8,1,0.5,1,0,4.8,15.8,2,1,0.9,1,0,3.7,14.3,0.8,9,0.7,1,0,7.8,14.3,1.7,1,0.3,1,0,7.9,13,0.8,1,0,1,1,10.1,12.9,1.5,1,0,1,2.5,10.4,13.6,1.3,9,0,1,3.5,11.1,13.2,0.7,9,0,1,0,10.2,17.1,1.5,3,1,1,0,8.3,17.4,1.4,9,1,1,0,6.7,17.4,2.7,2,1,1,0,7.7,17.6,2.5,1,0.6,1,0,6.1,15.7,2.3,2,1,1,0,4.9,16,3,1,1,1,0,4.8,13.3,2.9,0,1,1,0,2.5,12.4,5.3,1,0.7,1,0,0.2,10.9,2.4,1,1,1,0,0.8,11.9,2.3,9,1,1,0,0.9,13.5,1,3,1,1,0,3.3,13.7,2.3,9,1,1,0,3.8,13.5,1.5,8,0,1,0,10.8,14.9,1.9,8,0,1,6.5,10.9,15.7,2.4,10,0,1,10,15.9,18.1,2.6,1,0,1,0.5,15.4,16.6,4.5,1,0.6,1,0,6.3,16.1,6.1,1,0.9,1,0.5,2.4,7.3,5,1,0.8,1,0,1.5,7.6,4.1,1,0.2,1,0,-1,9.3,3.2,1,1,1,0,0.8,10.6,3.6,1,1,1,0,0.2,8.1,1.6,9,0.1,1,2,6.7,8.5,1.2,9,0,1,1,4.4,8,5.2,1,1,1,0,1.1,7.3,5.6,1,0.3,1,0,0.3,7.5,4.8,1,0.7,1,0,-0.6,7.7,5.1,1,0.5,1,0,-2.5,11,2.1,9,1,1,0,-0.4,11.3,1.9,9,1,1,0,-1.1,13.1,1,2,1,1,0,1.6,13.8,1.1,3,1,1,0,1.8,11.3,0.2,16,0,1,0,6.5,12,1.1,9,0,1,0,4.4,15.1,1,1,0.5,1,0,6,17.7,1.3,3,0.8,1,0,3.6,16.8,0.7,5,1,1,0,8.3,17.8,1.5,9,1,1,0,9.5,13.1,1.9,2,0.4,1,0,7.4,10.9,1.5,7,0,1,1.5,6.2,9.1,0.8,1,0,1,0,8.2,10.7,2,13,0,1,1.5,8.4,15.7,4.3,8,0,1,0.5,9.9,16.4,5.2,0,0,1,0.5,6.7,10.3,5.1,1,1,1,0,2.1,10.4,4.8,1,1,1,0,2.2,11.1,4.6,0,1,1,0,-0.2,11.4,3.1,1,0.9,1,0,-0.2,12.2,2.2,8,0.3,1,0.5,3.7,11.5,2.3,8,0.3,1,0,2.6,10.2,2.4,1,1,1,0,5.6,11.2,3.5,1,0.4,1,0.5,5.6,7.8,2.3,1,0,1,0.5,4.9,7.5,2,1,0,1,0.5,1.9,5.4,3,1,0.6,1,0,-2.8,5.7,3.7,1,0.9,1,0,-4.4,6.5,1.8,1,1,1,0.5,0.8,6.9,1.7,8,1,1,0,-0.2,7.1,5.2,1,1,1,0,-1.4,7.9,4.8,2,1,1,0,-2.3,8.9,3.2,1,1,1,0,1.2,9,4.4,1,0.5,1,0,-1.3,9.9,1,9,1,1,0,-0.9,10.4,2,9,1,1,0,-1.7,9.6,1.8,5,0.3,1,0,-1.1,10.5,1.5,9,0.7,1,0,-1.7,8.5,4.8,1,0.9,1,0,2.3,9.7,6.2,1,0.9,1,0.5,-0.2,4.5,3.7,2,0.3,1,0,-0.8,4.1,5.1,1,0.6,1,0,-1.3,4.2,3.6,1,1,1,0,-2.6,4.7,3.9,1,1,1,0,-2.3,2.1,2.7,1,0,1,0,1.1,3.2,3,1,0,1,0.5,1,3.1,2.6,1,0.2,1,0,0.6,3.1,2.7,1,0.1,1,0,-0.9,4.6,3.5,1,1,1,0,-2.4,5.8,3.9,1,1,1,0,-3.3,5.6,3,1,1,1,0,0.1,5.8,3,0,0.5,1,0,-1.3,5.2,1.1,0,0,1,0,0.7,6.2,5.3,1,0.5,1,0,-2.1,3.5,5.5,0,1,1,0,-2.6,3.8,6.1,1,1,1,0,-6.4,2.7,2.8,2,1,1,0,-0.7,3.2,3.9,2,1,1,0.5,-1.5,-0.6,2.9,1,0.2,1,1,-1.7,-0.8,3.5,1,0,1,0.5,-2.6,-0.5,4.4,1,0.4,1,0,-2.6,0.6,5.3,1,0.9,1,0,-7,1.5,4.4,1,1,1,0,-5.7,2.1,4.7,1,1,1,0,-7.5,1.2,2.1,1,1,1,0,-4.9,2.9,2.3,1,1,1,0,-6.9,4.9,2.6,1,1,1,0,0.7,4.9,2.7,1,0.3,1,0,-2.8,3,5.6,0,1,1,0,-6.3,3.3,5.2,0,1,1,0,-9,3.2,1.9,2,1,1,0,-3.9,4.7,3.1,1,1,1,0,-5.2,5.8,0.5,10,0.6,1,0,-2.6,7.4,1.4,9,0.4,1,0.5,-1.8,3.8,4.2,1,0.3,1,0,-1.3,5.5,5.6,1,1,1,0,-4.4,2.8,4,1,1,1,0,-2.2,4.5,2.4,2,1,1,0,-3.2,0.8,2.3,4,0.1,1,0,-2.1,2.3,4,1,0.4,1,0,-3.6,0.7,3.6,1,0.6,1,0,-4.5,1.7,4.6,1,0.6,1,0,-6.7,3.2,3.5,1,1,1,0,0.9,3.7,3.4,1,0.3,1,0,-3,3,5,2,1,1,0,-4.1,3.3,5.1,1,1,1,0,-7.5,2.9,2.1,3,1,1,0,-3.6,4.6,3.7,1,1,1,0,-4,5.5,3.9,1,0.9,1,0,-2.9,6.1,4.6,1,0.8,1,0,-4.7,6.5,2.1,1,1,1,0,-1.7,7.3,3.3,1,1,1,0,-1.5,4.2,3.6,1,0.3,1,0,-2.1,3.8,4.3,1,0.1,1,0,-5.1,1.3,4,1,1,1,0,-4.9,2.6,4,1,1,1,0,-5.7,2.7,2.6,1,0.8,1,0,0.5,3.8,4.4,1,0.3,1,0,-0.8,4,5,0,1,1,0,0.3,4.3,5.2,1,0.9,1,0,-2.2,3.3,4.4,0,0.7,1,0,-1.4,3.7,4.5,1,0.1,1,0,-2.4,4,0.4,15,0,1,0.5,-0.3,4.8,3,8,0,1,1.5,-1.7,1.7,1.3,9,1,1,0,-3.9,4.4,1.4,8,0.9,1,0,-6.2,3.5,1,8,1,1,0,-2.6,5.8,1.6,9,1,1,0,-3.1,5.4,1.2,9,0.2,1,3,0.9,7.6,1.9,9,0,1,3.5,1,5.6,1.2,9,0,1,0.5,2.8,6.6,1,15,0,1,1.5,1.9,6.2,1.1,9,0,1,1.5,3.2,6.3,1.1,9,0,1,0,0.4,8.3,1.4,9,1,1,0,1.6,10.2,1.4,9,1,1,0,-0.2,6.9,2.1,1,0.9,1,3.5,-0.4,7.2,3.4,2,0.7,1,0,-4.2,0.5,0.9,3,1,1,0,-2.6,1.8,2.6,2,1,1,0,-4.1,-0.5,3.1,1,0.4,1,0,-3.3,-0.3,2.7,1,0.1,1,0,-3.7,0.4,3.1,1,1,1,0,-3.1,1.7,3.2,1,0.8,1,0.5,-3,-1.6,2.1,2,0,1,0,-2,0.3,2.2,1,0.2,1,0,-2.3,1.2,2.7,1,1,1,0,-2.8,2.2,4,1,1,1,0,-5.9,1.7,3.5,1,1,1,0,-4.4,2.7,5.1,0,1,1,0,-7,1.7,3.4,0,1,1,0,-1.9,2.2,3.8,0,1,1,0,-5.6,1.2,3.5,1,0.8,1,0,-6.2,0.8,3.7,1,0.3,1,0,-7.9,2.1,2,5,0,1,0,-3.1,1,3.8,0,0,1,0.5,-4.7,-2.4,3.1,2,0.7,1,0,-10,-3.6,4.4,1,0.3,1,0,-13.2,-1.4,3.3,1,1,1,0,-7.8,-0.5,4.2,1,1,1,0,-9.8,-0.7,3.2,1,0.1,1,0,-1.5,1.3,5.5,1,0.2,1,0,-6.6,3.7,2,1,1,1,0,-0.2,3.7,1.7,2,0,1,1.5,-0.5,3.1,0.4,3,0,1,2.5,3.7,7.3,2.3,8,0,1,7.5,6.7,10,3.2,1,0,1,0,2.6,7.1,5.7,1,0,1,0,-0.9,2,5.8,1,0.7,1,0.5,-3.8,0.6,5.2,1,0.2,1,0,-5.1,-2.5,4.9,1,0,1,0.5,-4.1,-0.4,5,1,0.1,1,0,-6.7,0.8,2.3,0,0.5,1,0,-1.7,2.6,4.2,1,1,1,0,-5.4,2.8,3.7,1,1,1,0,-2.8,4.1,4.7,1,1,1,0,-3.2,3.4,5.8,1,1,1,0,-3.9,4.7,3.8,1,1,1,0,-4.4,5.8,1.1,2,0,1,1,0.4,5.5,2.1,2,0,1,1.5,0.3,3.5,0.9,10,0,1,2,0,4.3,2.5,0,0,1,0,-0.8,5.2,3.5,1,0.2,1,0,-1.7,5.9,3.5,1,0,1,0,-2.5,1.2,1.9,1,0,1,0,-1.6,6.2,2.2,6,1,1,0,-1.7,1.6,3.8,1,0.9,1,0,-2.4,2,3.5,6,0.4,1,0.5,-6.8,-0.5,4.9,0,1,1,0,-7.4,0.8,5,1,0.8,1,0,-9.9,1.9,2.2,2,1,1,0,-5.1,2.9,3.6,2,1,1,0,-7.9,4.6,1.8,3,1,1,0,-3.9,5.9,4.3,1,1,1,0,-6.4,7.4,3.5,1,1,1,0,-0.8,7.2,2.8,2,1,1,0,-2.8,10.2,2.5,8,1,1,1.5,3.1,10.6,2.8,9,0.7,1,7,3.9,10.6,2.5,8,0,1,1,4.2,11.8,6,1,0,1,0,-1.1,10.1,4.3,1,1,1,0,3.9,11.5,1.6,8,0.8,1,3.5,5.6,8.4,2,1,0,1,1,1.7,6.9,3.5,1,0,1,0,-0.9,4.4,1.6,1,0.7,1,0,-2.2,5.1,3.8,2,0.6,1,0,-5.4,3.4,5.1,0,1,1,0,-4.1,3.8,5.3,1,1,1,0,-6.1,5.7,3,9,0.8,1,0,1.1,7.2,2.7,1,0.7,1,3,1.2,8.1,0.8,14,0,1,0,4.1,11.2,2.3,9,0.9,1,0,2.8,13.1,2.8,1,1,1,0,2.7,13.9,1.8,5,0.9,1,2,2.3,7.3,1.6,10,0,1,0.5,6.8,7.6,2.5,1,0,1,0,4.1,9.6,2.4,0,0.8,1,0,0.1,12.2,1.8,7,0.9,1,0,-0.6,9.7,3.1,8,0.3,1,2,5.9,7.8,1.7,9,0,1,4,6.3,10.8,2.2,9,0,1,0.5,9.6,12.2,2.4,9,0,1,3.5,9.7,14.1,3.4,1,0.2,1,0,7.9,13.6,4,1,0.1,1,0,6.5,9.3,4,1,0,1,0,3.7,10.3,2.8,1,0,1,0,2.3,13.3,1.5,2,0.9,1,0,6.7,13.4,2,4,0.2,1,1,6.4,8.2,1.4,2,0,1,3,5.5,8.1,1.4,0,0,1,1.5,4.7,5.7,2.4,0,0,1,0,-0.5,6.9,1.4,2,0,1,0,-0.8,7.8,1.5,2,1,1,0,-1.4,8.4,5,0,1,1,0,-3,1.5,4.8,1,0.1,1,0,-1.9,4.1,5.5,1,0.5,1,0,-2.8,3.3,4.5,1,1,1,0,-3.3,4.4,4.3,1,1,1,0,-6.1,5.6,3,2,1,1,0,-2.6,7.2,3.6,1,1,1,0,-3.8,6.9,5.9,1,1,1,0,-3.1,7.4,5.9,1,1,1,0,-4.5,8.1,3.3,8,0.9,1,0,3.1,9.5,2.3,9,0.4,1,3.5,4.2,9.2,1,9,0,1,1.5,8.7,10.8,1.7,2,0,1,0.5,7,11.2,1.4,1,0,1,0,6.2,11.7,3.4,1,0,1,0,3.6,6.9,5.6,1,1,1,0,-2,8.3,4.7,1,1,1,0,-4.3,8.6,4.6,1,1,1,0,1.2,9.8,3.9,1,1,1,0,-1,5.3,6.1,1,1,1,0,-2.6,7.8,4.4,1,1,1,0,-4.1,13.5,4.6,1,1,1,0,4,13.1,5.6,1,1,1,0.5,3.3,6.4,2.7,8,0,1,4.5,6.6,11.2,3.5,8,0,1,2,6.9,9.9,3.3,1,0,1,0,3.3,9,4.4,0,0.5,1,0,0.8,3.2,4.1,1,0.3,1,0.5,-0.3,3.3,3.4,0,0.4,1,0.5,-1.9,5,5.1,1,0.9,1,0,-1.3,6.4,4.2,1,0.7,1,0,-2.8,8.8,3.4,0,1,1,0,-1.1,10.1,4,1,1,1,0,-2.4,9.5,3.3,0,1,1,0.5,-0.1,9.1,4.6,2,0.3,1,0,-2.7,14.3,2.5,8,1,1,0,0.5,14.2,2.6,2,1,1,0,-1.4,14.2,3.5,9,1,1,0,9.5,15.3,3.4,8,0.8,1,7.5,9.9,13,2.7,8,0,1,6.5,1.2,8,7.1,2,0.2,1,0,-1.5,5.3,3.1,1,0.6,1,0,-0.2,6.6,5.5,1,0.5,1,0,-2.4,13.3,2.6,2,1,1,0,2.8,14.4,2.4,7,1,1,2,2.1,9.7,3.1,9,0,1,17.5,3,14.6,6.6,9,0,1,1,0.6,2.8,5,1,0.1,1,0,-1,5,4.7,1,0.4,1,0,-1.4,10,2.7,5,1,1,1,2.5,8,2.8,1,0.1,1,1.5,1.4,7.1,5.9,1,0.6,1,0,-1.6,8.8,6.8,1,1,1,0,-1,5.7,5.1,2,0.7,1,0,-2.3,6,7,2,0.9,1,0,-3.9,9,3.8,1,1,1,0,0,13.5,2.6,1,1,1,0,-1,15.4,4.8,1,1,1,0,5.5,15.4,3.2,2,0.5,1,0,2.2,18.9,1.9,2,1,1,0,9.1,18.8,3.5,8,1,1,2,8.5,9.9,1.5,8,0,1,9,10,11.5,2.4,9,0,1,0,9.8,17,4.3,2,1,1,0,6.3,19.2,1.9,2,1,1,0,4.6,18.8,3.8,1,1,1,0.5,9.2,17.9,2.4,1,0,1,2.5,9.1,11.3,0.9,1,0,1,0.5,6.2,11,1.6,2,0,1,0,3.9,14.7,2.8,8,1,1,0,7.4,14.6,1.7,8,0.4,1,0,5.8,14.7,2,0,0.5,1,0,6.5,15,1.8,6,0.3,1,0,5.1,18.2,2.5,0,1,1,0,6.8,18.8,2.7,7,1,1,0,5,18.4,2.3,7,1,1,0,8.1,19,3,8,1,1,0,5.5,16.9,2.2,1,1,1,0,11,17.2,3,2,0.5,1,1.5,9.8,12.4,1.2,2,0,1,1.5,10.1,12.3,1.3,9,0,1,0,9,17.1,3.1,9,1,1,0.5,11.4,18.1,4.4,9,0.9,1,0.5,8.5,11.2,4.5,9,0,1,3,9.3,11.7,2.7,9,0,1,1,11,16,3.8,9,0.7,1,0,9.7,18.5,2.9,8,0.9,1,0,7,21.3,3.5,1,1,1,0,9.2,22.8,3.4,3,1,1,0,7,21.9,3.1,9,1,1,0,15.5,22.5,3.6,8,0.9,1,3.5,12.8,15.4,1.8,9,0,1,2,12.7,13.9,3.5,9,0,1,1,13.1,19.2,1.5,3,0.5,1,0,9.2,22.5,2.5,1,1,1,0,7.3,24.8,1.8,3,1,1,0,11.6,27,3.5,8,1,1,0,9.2,24.5,2.6,0,1,1,0,13.8,26,2,6,1,1,0,13.1,18.7,2.1,9,0,1,0,14.1,19.9,3.4,9,0.2,1,0,12.6,22.1,3.2,9,0.7,1,0,16.9,22.1,2.9,9,0.4,1,0,15.2,19.6,1.7,2,0,1,1,14.9,20.8,2.7,2,0,1,0,14.2,21.5,1.6,5,0,1,0,13.8,22.4,4.4,1,0.8,1,0,12.7,15.1,4.7,1,0,1,0,11.3,15.5,5.3,1,0.2,1,0,9.3,21.1,4.5,1,1,1,0,11.6,23.4,3.2,2,1,1,0,10.4,19.3,2.6,2,0.5,1,6.5,6.8,13.1,2.7,1,1,1,0,3.9,19.7,2,1,0.8,1,0,9.5,19.3,2.6,8,0.6,1,0,6.9,20.8,2,1,1,1,0,12.1,22,2,0,0.5,1,2,10.8,14.1,1.2,9,0,1,1.5,12,16.6,1.1,9,1,1,0,10.9,19.6,3.1,3,1,1,0,6.5,19.4,5.3,1,1,1,0,3.9,17,3.3,2,1,1,0,5.8,18.3,4.6,1,1,1,0,3.2,15.8,5.1,1,1,1,0,4,16.7,4.6,1,1,1,0,1.9,19.8,2.1,1,1,1,0,7.6,20.5,2,7,1,1,0,5.5,22.8,2.2,8,1,1,0,13.5,22.5,3.7,8,1,1,1.5,12.2,14.6,1.4,9,0,1,1.5,15,16.1,4.1,8,0,1,0,14,21.1,4.2,1,1,1,0,9.7,22.4,4.8,1,1,1,0,8.7,21.8,2.9,1,1,1,6.5,13,22.9,3,8,0.9,1,1.5,10.5,16.3,6,1,0.6,1,0,6,17.9,5.6,1,0.7,1,0,3.9,20.3,2.4,9,1,1,0,11.2,22,2.7,9,0.9,1,0,10.5,20.5,3,9,0.9,1,0,11.9,20.5,2.6,9,0,1,0,10.6,22.5,2.1,10,1,1,0.5,14.9,20.9,2,4,0.4,1,0,13.1,19.3,1.3,2,0.3,1,2.5,12,19.6,2,6,0,1,0,9.4,21.2,2.6,1,1,1,0,11.2,22.3,2.4,3,1,1,0,8.9,23.1,2.7,3,1,1,0,14.7,23.2,2.3,1,0.7,1,0,12,18.5,1.3,5,0,1,0,11.5,17.9,2.9,1,0,1,0,10.5,22.4,2.1,8,1,1,0,12,22.6,2.5,5,0.9,1,0,8.5,23.6,1.6,5,1,1,0,12,23.4,2.9,8,0.8,1,0,10,21.9,2.2,4,1,1,14,11.6,23.3,3.1,3,1,1,0,11.5,22.3,2.8,1,1,1,7.5,13.6,22,1.5,2,0.5,1,1,12.4,19,1.6,15,1,1,0,14.6,20.5,1.4,3,0.7,1,0,12.8,21.2,2,8,1,1,0,14.3,22,2.8,9,0.9,1,0,13.8,23.1,2.1,7,1,1,0,15.1,24.1,2.2,4,1,1,0,14.1,21.7,1.6,1,0.4,1,0.5,15.4,22.1,2.9,8,0,1,0,13.3,20.7,1.8,9,0.6,1,5,13.8,19.2,1.9,0,0,1,0,12.2,23,2.4,9,1,1,0,13.3,22.2,2.5,8,0.3,1,0,12.4,17.8,2.4,8,0,1,0,14.9,18.3,1.9,8,0,1,0,13.3,24.1,2.5,2,0.9,1,0,13.2,25.3,4,8,0.9,1,0,11.9,22.9,1.8,5,1,1,0,14.1,23.2,2.6,8,0.7,1,0,12.3,24.6,3,9,1,1,2.5,15,23.5,3.2,9,0.3,1,3.5,14.1,21.5,1.8,9,0.8,1,0.5,16.8,20.4,1.6,1,0,1,0,16.5,21.4,3.9,1,0.4,1,0,15.6,23.9,3.1,1,0.8,1,0,15.4,20.2,2.4,9,0.9,1,0,16.8,18.5,1.9,8,0,1,0,16.2,18.3,1.8,8,0,1,1,15.3,17.3,1.6,1,0,1,0,14.7,21,1.6,6,1,1,0.5,16,19.7,1.4,1,0,1,0.5,15.9,22.2,1.9,1,0.6,1,0,16.6,22.3,2,5,0.1,1,0,16.4,22.3,2.1,8,0.8,1,0,17.3,23.3,1.9,7,0.3,1,3,15.8,18.8,3.3,9,0,1,5,18.7,19.9,3.7,8,0,1,9.5,18.9,21.9,4.2,1,0.6,1,0,16.6,24.4,3.3,1,1,1,0,15.7,24.1,1.3,1,0.1,1,0,16.7,26.2,2.3,2,0.7,1,2.5,16.1,20.8,1.9,11,0,1,23.5,19.9,22.3,3.9,1,0,1,1.5,18.8,23,1.7,5,0,1,0,15.6,23.4,4.4,1,0.1,1,5,14.8,18.3,0.8,10,0,1,4,17.1,18.5,1.3,2,0,1,16.5,17.6,23.9,3.3,9,0.1,1,0,15.1,25.6,1.7,4,1,1,0,13.6,22.4,2.2,2,0.8,1,0,14.1,25.7,1.9,3,1,1,0,13.2,23.7,2.6,8,0.8,1,0,18.4,25.2,2,8,1,1,0.5,17.1,19.5,2.5,8,0,1,0,17.1,20.2,1.8,8,0,1,1.5,16.5,18.6,1.6,1,0,1,0,15.5,20.1,1.9,8,0,1,0.5,15.4,19.2,1.4,6,0,1,0,15.1,20.8,1.8,1,0.3,1,0,13.8,19.9,1.8,10,0,1,0,15.8,22.4,2.7,9,0.2,1,0,15.1,25.8,2.1,2,1,1,5,17.3,26.5,3.2,9,0.9,1,0,16.6,24.2,2.1,1,0.9,1,0,19.3,26.6,1.9,0,0.9,1,6,18.4,20.5,3.4,8,0,1,3,18.8,20.1,3.2,9,0,1,0.5,18.2,25.6,1.4,3,0.6,1,0,17.7,27.9,2.1,5,1,1,3.5,17.2,22.1,1.9,8,0.1,1,22.5,20.3,21.9,1.7,9,0,1,3.5,19.6,25.8,2.5,2,0.7,1,0,19.8,27.3,3.1,1,0.8,1,0.5,19.6,24,1.8,2,0,1,3.5,19.6,24.2,3.9,1,0,1,5,18.6,24.4,1.6,1,0.1,1,6,21.2,23.6,2,10,0.1,1,4.5,20,21.9,2.6,2,0,1,0.5,16.7,22.9,3.1,2,0.3,1,0,15.3,25,2.8,0,1,1,6,18.9,24.4,2.2,8,0.1,1,1.5,18.7,24.7,1.3,6,0.8,1,0,17.8,26.6,2.5,8,0.7,1,0,17.1,27,2.7,9,1,1,0,17.9,28.2,2.9,9,1,1,0,17.1,24.9,2.5,9,1,1,5,21.4,24.5,2.7,9,0.1,1,17.5,21.4,22.6,1.8,9,0,1,4.5,21.3,23.4,1.6,9,0,1,0,20.4,27.6,2,9,0.7,1,1,22.1,25.8,2.3,8,0.1,1,0.5,21,28.1,1.5,1,0.7,1,0.5,23.5,28.4,3.5,8,0.3,1,0,21,27.8,3.6,9,0.5,1,0,22.1,28.3,3.8,9,0.9,1,0,21.3,27.5,3.3,9,1,1,0,22.3,28.1,3.1,8,0.8,1,0,20.8,30.4,2.4,1,1,1,0,23.1,31.7,1.7,6,1,1,0,21.8,31.1,1.8,7,1,1,0,21.9,32.3,2.3,2,1,1,0,21,30.5,3,1,1,1,0,22.8,31.5,2.8,1,1,1,19.5,22.2,25.4,1.3,4,0.1,1,0.5,20.9,25.2,2.4,8,0.2,1,3,19.9,21.4,1.8,8,0,1,1,19,21.4,1.3,6,0,1,0,18.8,21.8,1.8,7,0,1,0.5,19.6,22.9,1.3,1,0,1,0.5,19.2,26.4,1.7,1,0.7,1,0,20.8,28,1.9,4,1,1,0,19.7,27.9,2.6,0,0.8,1,0,22.3,29.3,1.9,2,0.7,1,0,21.6,30,2.2,2,1,1,0,21.1,29.8,3,1,0.5,1,0,19.6,30.1,3.5,1,1,1,0,21.5,32.3,3.4,1,1,1,0,19.8,31.7,2.3,2,1,1,0,23.3,32.2,2.3,8,1,1,0,21.5,32.8,2.3,1,1,1,0,23.2,33,2.7,8,1,1,0,21.7,29.6,2.4,9,1,1,0,22.5,30.3,2.8,8,0.5,1,0,22.1,29.4,1.5,0,1,1,0,22.3,30,2.1,3,0.8,1,0,20.4,33,3.2,8,1,1,0,19.7,32.8,2,8,1,1,0,17.8,29.3,3.3,9,1,1,0,23.1,30.7,2.8,9,1,1,0,22.1,29.8,2.3,9,0.9,1,3,22.7,29.1,2,4,0.3,1,0,22.2,29.9,1.6,7,1,1,0,23.1,29.4,2,7,0.4,1,0,20.9,32,2.6,10,1,1,0,21.9,33.1,2.3,8,1,1,0,19.6,30.6,2.8,8,1,1,0,23,30.8,2.9,8,0.7,1,5.5,21.9,26.8,1.6,8,0.1,1,0.5,20.1,26.6,1.7,1,0.2,1,0,19.7,30.3,2.8,2,1,1,0,19.8,31.4,2.8,1,1,1,0,17.1,28.3,1.4,9,1,1,0,21.7,28.5,2.2,8,0.7,1,0,20.5,27,2.2,2,0.9,1,0,22,28.9,2,8,1,1,0,18.3,27,1.6,9,1,1,0,20.6,27.4,1.8,9,0.5,1,0,20.1,30.1,1.8,7,1,1,8,20.5,30.5,3.4,8,1,1,0.5,20.5,27.9,2.4,9,1,1,0,21.8,28.9,1.5,7,0.5,1,0,20.8,27.1,2.8,9,0.3,1,2.5,21.8,27.4,4.5,1,0.2,1,7,21.5,25.2,1.1,1,0.3,1,0,22.1,27.7,2.1,1,0.7,1,6.5,21.6,25.4,3,8,0.4,1,3,20.5,24.9,2.2,9,0.3,1,0,20.1,27.7,1.8,0,0.7,1,0,22.8,30.8,1.5,9,1,1,0,22,31.2,2.5,8,1,1,15.5,21.3,30,2,14,0.4,1,6,20.6,27.7,1.7,9,0.7,1,1.5,20.2,24,0.7,10,0,1,0.5,20.2,28.5,2.5,9,1,1,0,20.4,28.8,2.3,9,1,1,0,18.9,28.6,1.5,2,1,1,0,19.9,29.6,1.9,7,0.9,1,0,19,28.7,1.7,9,1,1,0,20.9,29.5,2.1,6,0.9,1,0,20.4,28.2,2.6,9,0.7,1,0,20.7,29.4,1.6,8,0.9,1,0,19.6,28.8,2,1,1,1,0,20.1,30.3,2.2,9,0.9,1,0,17.9,29.7,2.3,9,1,1,6,21.3,30.1,1.5,7,1,1,0,19.4,30.1,2.1,7,1,1,0,20.6,29.7,1.7,6,0.9,1,0,18.2,29.4,2.4,9,1,1,0,20.6,30.3,2.5,9,0.9,1,0,18.7,29.8,2.4,8,1,1,0,21.5,30.5,3,9,1,1,0,18.9,27.2,2.3,9,1,1,0,20.4,28.6,3.2,8,1,1,0,19.3,27.4,1,6,0.8,1,0,22.5,28.6,1.9,1,0.5,1,0,21.2,29.4,2.2,7,1,1,9.5,21.8,26.6,4.1,8,0.3,1,0,21.3,29.1,2.4,9,1,1,0,20.6,28.8,3.4,8,1,1,0,19,28.7,2.9,7,1,1,2.5,20.2,28,3.3,9,1,1,0,20.3,28.2,2.6,7,0.8,1,2,20.7,27.3,1.6,2,0.5,1,0,19.5,25.5,2.3,9,0.5,1,0,20.2,26.8,1.9,10,0.9,1,0.5,19.7,25.2,1.1,2,0,1,0,19.1,28.4,2.1,1,1,1,0,18.1,30.2,1.4,3,1,1,0,20.8,30.6,2.1,1,1,1,0,19.2,27.7,1.7,3,1,1,0,19.5,27.8,1.6,2,0.3,1,0,17.8,29.7,2.4,1,1,1,0.5,19.9,29.8,3.3,8,0.8,1,0,18.7,25.2,1.6,9,0.5,1,0,19.9,27.5,2.2,8,0.7,1,0,18.3,27.3,2.1,9,1,1,0,18.9,29.1,2.2,8,1,1,0,17.2,27.8,1.5,9,1,1,0,18.3,27.9,1.5,5,0.6,1,3.5,17.4,22.6,0.9,9,0.1,1,0.5,18.6,23.3,1.3,9,0,1,0,16.8,28,1.7,3,1,1,0,18.8,28.7,1.9,9,1,1,0,16.4,28.4,4.1,1,1,1,0,17.4,30.1,2.4,1,1,1,0,17.3,26.5,3.2,8,1,1,3.5,18.8,25.7,3.2,8,0.3,1,0,18,27,2.2,8,1,1,0,20.1,29.3,1.8,9,1,1,0,18.5,29.3,2.6,9,1,1,0,22.5,28.3,2.5,9,0.9,1,3.5,22.5,26.7,2.9,10,0.8,1,5,21.7,25.7,3.2,8,0.5,1,4.5,21.1,26.4,3.2,10,1,1,11,21.7,24.5,2,11,0,1,6.5,21.4,23.5,1.5,11,0,1,1,20.2,24.1,1.1,10,0.2,1,0,18.6,25.3,2.4,2,1,1,0,17.4,26.1,1.7,9,0.8,1,1.5,16.5,23.1,1.3,6,0.8,1,0,16.2,24.7,2,9,0.9,1,0,15.9,23.9,1.3,1,0.9,1,0,18.3,22.9,1.2,9,0.1,1,2.5,15.8,18.3,0.9,1,0,1,0.5,16.4,19.3,2.8,0,0.1,1,0,14.3,24,2.6,1,1,1,0,16.3,24.1,1.9,1,0.9,1,0,15,23.5,2.5,0,0.6,1,0,15.5,24.8,3.3,1,1,1,0,11.7,24.5,1.8,9,1,1,0,13.7,25.5,2.1,0,1,1,0,11.1,24.3,2.1,1,1,1,0,13.7,26,1.8,9,1,1,0,10.8,27.5,2.6,1,1,1,0,14.5,27.9,1.6,9,1,1,0,13.6,23.8,1.7,1,0.6,1,0,16.1,24.3,2.1,3,0.3,1,0,14,25.9,2.7,10,0.7,1,42.5,18.5,24.5,3.5,0,0.5,1,0,17.9,24,1.6,3,0.8,1,0,16.4,24.5,4.2,1,1,1,0,16.2,24.6,2,2,1,1,0,17.3,24.3,1.5,6,0.5,1,0,16.8,23.3,1.9,2,0.7,1,0,15.7,24.2,1.5,9,0.6,1,0,14.8,25.4,1.6,2,1,1,0,14.4,25.9,1.6,4,1,1,0,12.5,23.2,1.7,3,1,1,0,14.8,24.3,1.5,9,1,1,0,12.4,22.7,1.4,9,0.8,1,1,14.1,23.8,1.6,1,0.5,1,1,13.4,21.9,0.9,4,1,1,1,12.3,21.4,2.2,0,0.1,1,0,10.2,21.9,1.3,9,1,1,0,13.3,22.3,1.5,8,1,1,0,12.3,21.9,2.2,8,1,1,0,13.7,22.1,1.6,7,1,1,0,11.3,19.7,1.3,14,1,1,0,10.5,20.5,1.4,7,0.5,1,0,10.4,21.9,2,0,1,1,0,12.7,22.8,3.2,1,0.9,1,0,10.2,19.3,2,3,1,1,0,7.3,20,3.3,1,1,1,0,4.8,20.4,2,3,1,1,0,9.3,20.5,1.4,9,1,1,0,8.6,20.6,1.7,7,1,1,0,10,19.8,1.4,5,0.1,1,0,5.4,22.9,2.1,1,1,1,0,9.6,23,2.2,9,1,1,0,7.7,20.5,1.2,7,1,1,0,10.8,20.9,1.7,7,0.4,1,0,9.1,18.8,2.3,9,0.2,1,10.5,16,18.4,1.4,5,0,1,1.5,15.3,16.9,2.3,1,0,1,3,12.9,16.8,2.6,2,0,1,0,8.8,17,1.9,2,1,1,0,6.5,18.1,2.2,9,1,1,0,5.4,17.4,2.2,10,0.9,1,0,7.8,18.2,2.2,9,0.9,1,0,6.4,20.2,4,1,1,1,0,8.3,21.3,3.8,2,1,1,0,6.1,20.3,2.6,9,1,1,0.5,11.5,20.4,2.5,9,1,1,7.5,12.4,16.2,2.3,0,0,1,2,9.9,12.6,4.5,1,0,1,0,4.6,14.2,4.1,1,1,1,0,4.6,15.4,3.1,1,1,1,0,4.7,16.7,2.1,9,1,1,0,5.9,17.4,1.5,8,0.9,1,0,4.1,17.1,1.1,3,1,1,0,9.7,18.4,1.5,9,0.7,1,0,7.1,19.6,1.6,9,1,1,0,8.7,20,1.6,8,1,1,0.5,9.8,14.4,1.9,9,0,1,3.5,12,14.1,2.5,1,0,1,0.5,9.5,16.7,3.4,1,1,1,0,5.5,17.4,3.2,2,1,1,0,4.6,14.1,2.6,1,1,1,0,5.3,15.7,1.9,1,1,1,0,4.2,14,2.6,2,1,1,0,4.2,15.1,1.8,9,1,1,0,4.9,14.2,1.6,3,0.7,1,0,5.1,14.5,5.3,1,0.7,1,0,4,11.2,6.1,1,1,1,0,2.4,11.9,7.3,1,1,1,0,0.2,12,4.1,1,1,1,0,1.2,12.9,5.1,1,0.9,1,0,-0.8,14.6,1.3,7,1,1,0,4.2,14.8,1.5,9,1,1,0,4.3,17.4,2.5,10,0.9,1,0,10.8,17,1.7,9,0.6,1,0.5,12.2,17.5,2.2,9,0.4,1,0,8.3,17.9,1.5,10,0.1,1,0,6.3,12.8,4,1,0.6,1,0,5.6,13.5,4,1,0.7,1,0,6.4,13.2,4.5,1,1,1,0,7.3,14,5.2,1,1,1,0,4,14.5,3.3,1,0.9,1,0,2.7,15.5,4.6,1,0.9,1,0,0.4,13.7,2.8,1,1,1,0,3.9,15,2,1,1,1,0,3.9,11,1.5,9,0,1,2.5,9.5,11.2,1.4,2,0,1,0.5,8.3,12.2,1.1,8,0,1,0,2.8,13.4,3.7,2,0.4,1,0,0.9,11.6,1.5,7,1,1,2,6.3,11.6,1.7,7,0.7,1,0,3.8,7.9,3.2,1,0.5,1,0,3.3,8.8,3,0,0.5,1,0,0.7,4.9,3.7,1,0,1,0,-0.3,6.2,3.4,1,0.4,1,0,-1.7,12.8,2.8,9,1,1,0,1.1,13.4,2.3,10,1,1,1.5,1.9,10.8,1.1,11,0,1,8,8.7,12.9,3.7,1,0,1,0,5.4,10.3,5.7,1,0.9,1,0,0.3,10.6,5.2,1,1,1,0,0.1,11.3,2.5,9,0.6,1,0,2.4,12.4,2.3,1,1,1,0,3.1,10,4.8,1,0.8,1,0,2.1,10.3,4.8,0,0.8,1,0,-0.9,9.9,1.8,1,1,1,0,3,11.3,1.9,9,1,1,0,4.1,11,1.4,0,0.2,1,0,2.1,11.4,2.5,2,0.7,1,1.5,2.9,10.8,0.8,1,0,1,0,5.5,10.2,2.5,1,0,1,0,4.3,10.6,2.1,2,1,1,0,-1.4,11.2,2.8,2,1,1,0,-2.3,10.5,0.9,9,1,1,0,1.5,11.7,2.1,9,1,1,3.5,2.3,11,1.3,11,0,1,5.5,6.9,14.1,6.3,1,0,1,0,3.3,7,6.8,1,0.7,1,0,-2.1,8.4,5,1,0.8,1,0,-2.3,9.4,1.8,10,0.5,1,0,-0.5,9.4,1.7,9,0.7,1,0,-1.7,10.8,3.2,2,0.7,1,0,1.9,11.3,3.6,1,0.5,1,0,-0.6,11.3,2,0,1,1,0,2.7,11.6,1.9,2,0.8,1,0,0.6,7.9,3.4,1,0.8,1,0,-2.3,8.2,4.5,2,1,1,0,-4,5.6,0.6,9,0.1,1,0,0.2,3.7,1.8,3,0,1,0,-2.5,11.3,2.7,8,1,1,0,2.4,11.7,2.7,10,1,1,5,2.3,7.8,4.2,1,0.1,1,0.5,0.9,6,5.8,1,0,1,0,0.4,5.3,4.4,0,0.9,1,0,2,5.6,3.2,1,0.3,1,0.5,2.9,6.7,4.5,1,0.5,1,0,-0.4,4,5.8,2,0.8,1,0,-2.7,4.3,5.2,0,1,1,0,-1.4,5,4.2,0,0.7,1,0,0,5.9,5.3,2,0.9,1,0.5,-2.7,2.5,5.8,1,0,1,0,-4.9,1.4,2.5,4,0.9,1,1,-2.2,2,6.3,1,0.2,1,0.5,-2.7,-0.7,4.4,1,0.3,1,0,-5.3,-0.2,4.5,2,0.4,1,0,-6.8,0.3,1.7,1,0.3,1,0,-1.3,1.7,2.7,1,0.7,1,0,-3.5,3.7,3.5,1,1,1,0,-4,4.5,3.9,2,1,1,0,-6.1,4.8,1.9,0,1,1,0,-4.3,5.9,2.2,1,1,1,0,-6.4,8.2,1.3,7,1,1,1.5,-0.7,8.6,1.4,9,1,1,3,0.7,7.3,0.6,9,0,1,1.5,5.8,9.5,0.7,8,0.1,1,0,4.6,10.8,4.1,2,1,1,0,0.3,11.7,3.7,2,1,1,0,0.5,11.1,1.9,9,0.3,1,1,6.9,11.8,2.1,9,0,1,0.5,5.2,8,3.9,1,0.7,1,0,-0.3,7.6,3.4,1,0,1,0,-1.1,3.6,4.4,0,1,1,0,-3,3.6,4,1,1,1,0,-5.2,3.6,3.9,1,1,1,0,-0.8,3.8,4,1,1,1,0,-3.7,5.9,3,8,0.5,1,1.5,1.7,6.1,2.1,8,0.2,1,4.5,1.9,7.2,2.4,2,0,1,0,2.2,8.6,4.7,1,0,1,0,-1.9,5.8,4.8,1,1,1,0,-0.2,6.8,4.1,1,1,1,0,-1.7,0.8,3.5,1,0.2,1,0,-4.6,1.6,2.3,2,0.5,1,0,-5.6,1.4,3.7,1,1,1,0,0.1,2,4.8,1,0.2,1,0.5,-1.6,0.9,5.3,0,1,1,0,-6.4,1.5,5.3,1,1,1,0,-9.1,1.1,1.7,3,1,1,0,-5.4,2.5,3.1,1,1,1,0,-6.8,2.5,0.8,14,0,1,1.5,0.3,4.5,1.3,9,0,1,1,1.9,9.7,1.8,9,1,1,0,2.5,9.6,2.4,9,1,1,3,3.9,7.9,1.2,8,0,1,7,5.2,8.7,3.5,1,0,1,0,0.8,4.9,4.6,1,0,1,0,-3.2,1.9,3.9,2,0.3,1,0,-4.1,1.4,4,1,1,1,0,-2.4,3.2,3.6,1,1,1,0,-3,3.6,0.8,15,1,1,0,0.8,5,4.3,1,0.1,1,0,-2,0.5,4.7,1,0.7,1,0,-3.6,-0.4,4.5,1,0.5,1,0,-5.6,0.3,3.8,1,1,1,0,-6.8,0.8,5.2,1,1,1,0,-9.3,3.3,2.4,10,0.7,1,0,-5.8,4,2.4,8,1,1,0,-7.7,3.8,2.7,1,0.9,1,0,-3.7,4.3,3.3,1,0.7,1,0,-6.5,5.3,2.4,2,1,1,0,-3.9,6.4,1.9,3,1,1,0,-4.6,6.2,3.3,2,1,1,0,-3.2,7.1,2.9,1,1,1,0,-4.8,5.6,4.4,1,1,1,0,-0.2,5.3,4.5,1,0.7,1,0,-0.8,3.8,3.7,2,1,1,0,-2.9,4.3,4.7,1,1,1,0,-5.4,3.3,4.3,1,1,1,0,-5.2,4.4,2.8,2,1,1,0,-6.2,5.4,3.6,0,0.8,1,0,-3.4,6,2.3,2,1,1,0,-5.2,9.8,1.5,2,1,1,0,1.1,9.6,2.1,2,1,1,3.5,0.3,1.3,0.9,0,0,1,3.5,-0.3,2.6,5.2,1,0,1,0,-0.5,2.3,5.4,1,1,1,0,-3.4,2.7,5.8,1,1,1,0,-6.1,3,1.6,3,1,1,0,-2.2,4.1,1.6,2,1,1,0,-1.1,2.6,2.6,1,0.2,1,0,-4.7,4.2,3.5,1,0.8,1,0,-5,-0.2,4.7,1,1,1,0,-3.4,0.8,5.1,1,0.9,1,0,-6.3,1,3.8,1,0.1,1,0,-0.5,1.8,3.5,1,0,1,0,-2.6,4,5.2,1,1,1,0,-3.1,4.6,5.4,1,1,1,0,-6,6.8,2.8,8,1,1,1.5,0.7,7.6,2.5,9,0.7,1,2,0.9,6.6,3.8,9,0,1,0,-1.4,8.1,3.6,2,0.2,1,0,-1.5,4.1,0.7,8,0,1,1,0.4,4.5,1.6,8,0,1,0,-0.8,4.9,1.6,1,1,1,0.5,0.1,5.4,1.7,9,0.7,1,1,-0.4,0.9,4.5,1,0.3,1,0,-3.7,-0.6,6.6,1,0.2,1,0,-4,-3,3.3,1,0,1,0.5,-5.2,-2.7,5.4,1,0,1,0,-7.9,0.2,3.3,1,1,1,0,-4.7,1,3.4,1,0.9,1,0,-4.8,0.9,3.2,1,0.5,1,0,-1.8,2.4,4.4,1,0.6,1,0,-6.2,3.9,3.3,1,1,1,0,-2.6,5.6,3,2,1,1,0,-4.5,6.5,4.5,1,1,1,0,-3.4,8,4.8,1,1,1,0,-5,7.4,1.8,8,1,1,0,-3.6,8.2,1.6,8,1,1,0,-5.6,8.4,1,9,1,1,2.5,2.6,9.2,2.5,8,0.2,1,2,2.8,9.8,1.2,10,0,1,0,2.3,12.2,3.4,0,0.1,1,0,-0.6,6.3,4.2,1,1,1,0,0.2,7.9,4,1,1,1,2.5,1.1,4.1,1.1,9,0,1,2.5,4.7,7.1,4.7,2,0,1,0,-0.6,6.6,5.6,2,1,1,0,3.9,8.6,1.4,2,1,1,1.5,3.7,5.8,2.5,7,0,1,1,-0.1,5.8,3,1,0,1,0.5,-0.8,5.8,3.2,3,0.5,1,0,0.4,6.3,4.9,1,0.3,1,0,-3.2,-0.2,6.5,1,1,1,0,-4.3,-0.1,5.7,1,1,1,0,-7,1.9,3.9,0,1,1,0,-4.6,3.2,3,0,1,1,0,-7.1,3.1,4.8,0,1,1,0,-0.9,4.2,4.6,0,0.9,1,0,-0.6,1.3,3.9,0,0.5,1,0,-3,3.3,4.9,1,1,1,0,-7.2,5.2,3.5,8,0.9,1,3.5,1.1,6.7,2.9,9,0.6,1,2.5,0.3,2.4,6.7,1,1,1,0,-2.7,3.7,5.3,1,0.9,1,0,-3.4,8,2.1,9,0.9,1,0,-1.4,9.3,1.9,3,1,1,1,-0.6,1.8,0.7,15,0,1,1,-0.4,2.8,4,1,0.3,1,0,-3,0,5.9,0,1,1,0,-4.7,0.4,5.4,1,1,1,0,-8.5,0.4,2.5,1,0.6,1,0,-1,3.6,2,8,1,1,5,-1.8,0.7,1.1,10,0,1,3.5,1,3.7,3.3,1,0,1,0,0.5,2.8,5.2,1,0,1,0,-2.9,2.1,4.2,1,0,1,0,-5.9,2.4,4.7,1,1,1,0,-2.5,3,4.8,1,1,1,0,-3.7,1.2,3.8,1,1,1,0,-4.2,1.8,5.6,1,0.6,1,0,-6.5,2.6,4.9,0,1,1,1,-0.8,3.2,4.9,1,1,1,0,-2.4,0.9,4,1,1,1,0,-4.5,1.7,5.5,1,0.5,1,0,-3,-0.1,6.3,1,0.7,1,0,-4.6,0.9,6.3,0,0.6,1,0,-5.9,1,5.6,1,1,1,0,-4.7,1.9,5.1,1,1,1,0,-8.4,5.1,2.5,2,1,1,0.5,-0.1,8.1,1.4,2,1,1,2,0.3,7.9,1.1,2,0,1,0,-1.4,10.3,2.5,2,0.5,1,0,-2.1,10,2.1,1,1,1,0,-1.3,12.3,2.5,3,1,1,0,-1.2,10.1,1.6,9,0,1,7.5,5.7,9,5.8,1,0,1,0,0.7,4.6,7.4,1,0.9,1,0,-1.3,4.6,7.1,1,0.9,1,0,-4,5.1,3.4,1,1,1,0,-3.4,6.6,3.1,1,1,1,0,-5.1,6.5,1.5,4,1,1,0,-2.6,7.8,2.2,3,1,1,0,-2.7,6.9,4.7,0,1,1,0,-2.8,9,4,1,1,1,0,-4.6,11.6,3.5,1,1,1,0,-0.6,12.4,4.2,1,1,1,0,-2.2,14.8,3.4,3,1,1,0,2.7,16.1,2.8,12,1,1,0,2.5,14.7,3,5,0.8,1,0,4.2,15.2,3.6,1,0.2,1,0,2.9,16.5,4.7,1,1,1,0,3,18.6,4,1,1,1,0,2.6,13.5,1.6,2,0.1,1,1,0.1,10.8,5.1,1,0,1,0,-1.4,7.2,5,2,1,1,0,-2.5,9.1,4.5,1,1,1,0,-4.4,13.3,2.3,7,1,1,0,-0.8,14.7,2.2,8,1,1,0,-1.2,13.5,2.7,9,0.1,1,7,9.5,14.5,3.8,1,0,1,1,2.5,8,3.3,1,0,1,0,0.2,7.9,1.4,0,0,1,0,0,10.6,2.4,3,0.7,1,0,-1,11.9,2,6,1,1,0,-2.9,12.4,5.3,1,1,1,0,1.9,13.2,4.9,2,1,1,0,-1.7,14.3,3.5,9,1,1,0.5,5.8,15.9,3.3,9,1,1,0.5,8.3,14,3.5,10,0,1,10.5,12.4,15.9,3,9,0,1,0,10.1,16.2,5.4,1,1,1,0,5,17.1,4.2,0,1,1,0,4.8,16.6,2.7,9,0.9,1,3.5,8.5,15.2,4.7,1,0,1,0,1.1,8.2,7.5,1,1,1,0,-1,10.2,5.5,1,1,1,0,-1.4,13.4,1.7,7,1,1,0,6.5,14,1.8,7,1,1,0,2.5,12.1,5.1,1,1,1,0,0.2,12.7,5.6,1,1,1,0,-0.5,14,2.1,9,1,1,0,6.8,15,3,1,0.6,1,0,6.4,10.5,4.1,1,0.2,1,0,2.2,11.6,4.8,2,0.9,1,0,-2.2,8.3,3.4,2,1,1,0,-0.8,9.6,3.5,2,0.9,1,0,-0.6,11.7,2.2,9,0.4,1,0,6.7,13.5,1.7,10,0.3,1,0.5,6.8,15.9,1.7,9,0.2,1,0,8.5,17.1,1.5,9,0.1,1,0,6,16.1,3.2,0,0.8,1,0,7.1,16.4,4.3,1,0,1,0,3.8,15,2.1,1,1,1,0,6.8,16,2.7,3,1,1,2.5,7.2,11.3,1.5,9,0,1,1.5,2.7,11.9,3.7,1,0,1,0,-0.5,13.1,2,9,1,1,0.5,6.7,14.6,1.6,9,0.7,1,0,7.1,15.2,1.7,9,0.1,1,3.5,9.4,14.6,1.4,8,0,1,6,8,10,4,1,0,1,0,5.9,11.9,5.9,1,0.3,1,0,3.9,19.9,2.4,2,1,1,0.5,7.9,20.4,1.8,5,1,1,0,5.3,20.6,2.3,9,1,1,0,10.8,20.8,2.6,8,0.6,1,0,10.5,14.8,2.8,10,0,1,10.5,12.5,14.1,4,7,0,1,5.5,8.6,14.2,3.2,2,0.7,1,3,2.6,7.3,6.9,1,0,1,0,1.9,10.3,6.7,1,1,1,0,2.1,13.2,5.6,1,1,1,0,0.2,14.9,1.8,0,1,1,0,5.6,16.3,2.6,7,1,1,0,3,9.7,3.5,2,0.5,1,0,1.9,10.3,3.8,2,1,1,0,2.2,8.6,4.6,1,0.6,1,0,-0.2,8.9,3.5,1,0.6,1,0,-2,8.7,3.5,1,1,1,0.5,-0.6,8.2,4.1,1,0.3,1,0,-2.3,11.5,3.2,1,1,1,0,0.9,13.8,2.9,1,1,1,0,-0.3,14.4,2.7,10,1,1,0,8.5,15.1,2.7,9,0.2,1,0,8,16.5,4.8,1,1,1,0,7.6,17.7,5,1,1,1,0,5,20.5,2.3,6,1,1,0,9.5,21.9,3.3,8,1,1,0,9,18.1,3.1,8,0,1,0,8,18,2.9,9,0,1,0,5.2,21.5,2.9,2,1,1,0,13.1,22.5,1.9,5,1,1,0,10.7,14.2,6,1,1,1,0,4.2,13.4,5.7,0,1,1,0,3.8,12.5,3.1,9,0.7,1,1.5,8.2,11.4,1.8,9,0,1,4,7.7,10.4,2.5,1,0.2,1,0,-0.3,11.9,5.6,1,1,1,0,-1.6,11.5,4,1,1,1,0,0,12.3,4.5,1,1,1,0,-0.7,15.3,2.8,9,1,1,0,7.6,15.3,1.9,10,0.2,1,5,7.4,12,3.2,10,0,1,3,11.3,13.8,2.8,2,0,1,0,9.6,18.7,3,1,1,1,0,10.5,20.5,3,8,1,1,0,7.6,15.6,2.7,6,0.9,1,1.5,4.6,13.5,4.5,2,0.6,1,0,3.3,12,7.3,1,1,1,0,3.4,12.9,6.6,1,1,1,0,0.9,15.5,4.2,1,1,1,0,4.1,18.7,3.5,1,1,1,0,1.3,19.4,2.3,1,1,1,0,14.4,21.6,2.8,9,1,1,2.5,12.6,14.1,3,9,0,1,0,8.5,14.2,2.4,1,0,1,0,5.1,13.8,3.9,1,1,1,0,3.1,14.4,4.8,2,1,1,0,0.8,13.9,5.5,1,1,1,0,2.2,14.6,5.1,1,1,1,0,-0.1,14.3,5.1,1,1,1,0,3.2,16.4,3.8,1,1,1,0,0.9,16.6,4.1,1,1,1,0,5.7,17.7,4.1,1,1,1,0,2.7,18.8,2.2,3,1,1,0,6.6,19.3,2.6,4,1,1,0,4,19.9,2.6,6,1,1,0,12.1,21.1,5.9,1,1,1,0,8.6,17.5,4.7,1,1,1,0,3,17.2,5.8,1,1,1,0,-0.4,17.6,3.6,1,1,1,0,6.4,21.2,3.4,1,1,1,0,4.4,24.6,2.8,3,1,1,0,9.2,26.7,1.9,4,1,1,0,6.4,23.1,3,1,1,1,3,12.1,20.4,2.1,9,0,1,3,12.8,18.2,2.5,9,0,1,4.5,14.6,17.9,1.7,2,0,1,0.5,13.4,22,1.9,1,1,1,0,11.8,24.2,3.6,8,1,1,0,8.8,24.4,2,2,1,1,0,12.8,25.2,2.4,8,1,1,0,10.8,27.3,2.4,3,1,1,0,12.6,28.1,3.2,8,1,1,0,11.7,21.9,3.2,9,1,1,0,12.2,24.1,4.2,9,1,1,0,10.8,20.7,3.7,1,1,1,0,10.1,22.3,3.9,1,1,1,0,7.5,21.2,1.8,1,1,1,0,11.3,23.6,3.5,8,1,1,0,10.3,20.7,2.8,0,1,1,0,11.1,22,3.3,2,0.7,1,0,9.5,19.7,3.1,9,0.8,1,2.5,12.7,18.6,2.4,8,0.2,1,0.5,13.7,22.1,1.6,2,0,1,0,14.4,24.6,2.8,0,0.7,1,0,12.6,25,3.2,1,1,1,0,10.3,26.6,2.5,2,1,1,0,8.3,25.6,2.6,3,1,1,0,14.3,26.9,2.1,6,1,1,0,11.5,26.3,3,0,1,1,0,11.5,27.5,4.8,1,1,1,0,8.7,23.1,2.9,0,1,1,0,13.2,23.9,3.3,8,1,1,0,10.9,22.5,2.7,9,1,1,0,12.2,21.9,3.2,9,0.3,1,0,10.1,24,2.1,1,1,1,0,14.8,24.7,2.2,2,1,1,0,14.9,22.2,2.9,7,1,1,0,16.3,22,2.5,8,0.8,1,0,14.8,19.6,3.6,10,0.3,1,0,15.8,19.8,2,9,0,1,1,14.8,16.9,3,9,0,1,0.5,16.5,17.4,3.4,9,0,1,1,17.1,23.4,1.9,9,0.1,1,7,17.5,23.3,1.2,1,0,1,0,16.3,25.3,3.5,8,1,1,0,16.7,25.4,2.9,5,0.9,1,0,12.9,21.1,1.8,9,0.9,1,0,16.5,21.9,2.1,2,0.2,1,0,15.1,22.1,1.4,5,0.4,1,0,14.8,22.2,2.5,9,0.5,1,0,15.2,21.6,3,1,0.8,1,0,15.1,23.4,2.8,8,0.8,1,0,12.1,25.1,2.8,1,1,1,0,12.9,25.1,2.8,9,0.6,1,0,10.1,25.3,1.8,8,1,1,0,14.4,24.7,2.3,8,1,1,0,12.7,22.1,2.1,8,0.4,1,0,16.7,21.9,2.5,8,0,1,0,15.4,23.5,1.9,5,1,1,6,14.4,21.3,2,8,0.1,1,0,14.6,23.2,1.6,0,1,1,0,14.3,24.9,2.1,7,1,1,0,11.7,23.7,1.8,2,1,1,0,15.4,23.4,2,4,0,1,0,15.2,22.4,2.2,8,0.2,1,0,16.9,22.7,2,8,0,1,0,16.3,22.2,1.8,9,0,1,0,18.5,22.9,2,9,0,1,0,17.9,27.5,2.4,8,0.6,1,0,19.5,27.7,1.9,1,0.6,1,0,19,28.3,1.9,1,0.3,1,0,20.8,30.3,2.2,9,0.8,1,0,19.6,26.3,2,5,0.9,1,0.5,21.3,26.3,1.8,8,0,1,3,20.8,24.3,1.8,2,0,1,15,20.6,25.5,1.4,4,0.1,1,1,19.1,27.6,2.1,8,1,1,0.5,19.9,25.4,1.3,7,0.3,1,0.5,19,27.5,1.5,0,1,1,0,21.2,29.4,2.7,8,1,1,0,18.4,26.2,1.9,5,0.6,1,0,22.1,27.3,3.7,1,0.4,1,2.5,20.5,22.3,3.2,8,0,1,9,17.9,22.4,2.2,4,0,1,4,17.5,19.6,1.7,1,0,1,4.5,16.9,20.5,2,2,0,1,1.5,16.9,20.1,1.4,0,0,1,3,15.8,19.2,0.9,0,0,1,0,13.7,20.6,1.5,2,0.6,1,0,16.4,23.7,3,2,0.9,1,0,15.6,24.6,1.8,5,1,1,0,18,24.6,2,6,0.7,1,0.5,17.4,22.9,1.2,7,0.8,1,0.5,17.4,22.3,1.6,8,0,1,0,16.4,24.3,2.3,9,0.6,1,0,17.9,24.1,2.9,8,0.6,1,4.5,17.2,18.6,1.7,2,0,1,1.5,17.5,19.6,1.7,2,0,1,0,16.5,24.3,1.8,8,0.7,1,1.5,17.3,22.6,3.1,9,0,1,0.5,16.9,19.5,2.1,8,0,1,0,17.8,22.3,1.8,9,0.5,1,0,17.6,23.5,2.1,9,0.9,1,0,17.8,24.1,2.4,8,0.6,1,0,17.9,22.2,2.1,8,0.9,1,0,18.3,23.1,2.8,8,0.8,1,0,15.8,25.6,2.1,8,1,1,0,18.8,26.3,2.5,9,1,1,0,17.4,22.6,1.9,3,0.9,1,0,17.3,24.3,2.2,3,0.5,1,0.5,16.5,19.1,2.6,8,0,1,5,19.3,21.1,2.7,9,0,1,3.5,19.2,23.7,2.9,8,0,1,1.5,20.5,24.6,2,8,0,1,1,20.6,27.7,1.2,9,0.4,1,0,23.5,29.2,3.2,8,0.8,1,0,22.3,26.9,2.8,9,0.5,1,0,22.4,27.4,3.7,8,0.1,1,0,20.2,30.2,1.8,6,1,1,2.5,20.8,29.6,3.4,1,0.7,1,0,20.1,30,3.2,1,1,1,0,20.7,31.6,3.9,2,1,1,0,18.8,31.4,3.9,1,1,1,0,21.5,33.2,2.4,2,1,1,0,19.6,30.9,2.9,1,1,1,0,21.8,32.1,2.9,2,1,1,0,20,30.9,2.9,1,1,1,0,21.5,32.4,3.1,1,1,1,0,19.7,31.4,2.5,2,1,1,0,21,32.1,5,1,1,1,0,20.3,29.2,2.5,2,0.2,1,9,21.4,28.6,3.3,1,0.4,1,1.5,20.1,27.3,2.1,0,0.9,1,0,20.7,29.1,3.1,1,0.4,1,2,20.9,26.5,3.8,1,0.7,1,0,19,26.1,3,1,0.1,1,0,18,26.5,2.2,3,0.6,1,0,21.1,27.6,2.4,8,0.8,1,0,20.4,27.1,1.5,8,0.9,1,0,22.9,28.6,2.4,9,0.8,1,32,20.7,26.9,3.1,1,0.8,1,0,18.5,28.2,4.7,1,1,1,0,16.7,25.3,2,9,0.8,1,0,18.7,27.1,1.8,5,1,1,0,18.1,26.6,2,5,0.8,1,0,21.5,27.5,2.7,7,0.9,1,0,20.7,27.3,2,0,0.5,1,0,22.1,28.3,1.8,6,0.8,1,0,21.6,28.5,3.7,1,1,1,0,21.1,29.6,3.7,2,0.6,1,0,20,29.9,2.9,1,1,1,0,22.3,30.6,4.3,1,0.9,1,7,21.6,22.5,1,10,0,1,5.5,20.6,23.4,1.2,9,0,1,0.5,19.8,27.1,1.4,2,0.3,1,11,21.3,28.9,2.3,8,0.7,1,0,21.2,28.2,2.4,0,0.9,1,19.5,19.1,29.8,2.6,1,0.9,1,1.5,19,28.3,1.7,0,1,1,0,19.8,29,2,3,0.9,1,0,18.2,27.9,1.6,4,1,1,0,21.8,29.5,1.8,3,1,1,7.5,21.1,22.6,1.8,1,0,1,10.5,21.5,23,2.4,2,0,1,1.5,22.4,28.1,2.2,1,0.6,1,0,20.7,30.1,2.8,1,0.8,1,0,19.8,29.9,4,1,1,1,0,22.3,30.1,3.6,1,1,1,4.5,22.1,25.9,2.5,1,0.2,1,0,20.3,28.7,3.1,2,0.6,1,0,19.6,28.4,1.7,1,1,1,0,19.2,29.3,2.3,4,0.8,1,0,17.4,28.3,1.8,4,1,1,0,19.7,29.3,3.1,1,0.9,1,0,18.1,29.5,1.7,1,1,1,0,22.6,30.3,3.2,8,0.9,1,0,21.9,27.1,2.8,9,0.6,1,1.5,22.8,27.4,3.1,8,0.8,1,2.5,22.1,23.9,0.8,9,0,1,0.5,22.9,27.8,1.1,8,0.8,1,0,21.6,30.8,1.8,1,1,1,0,21.8,32,3.2,8,1,1,0,20.4,30.2,1.8,1,1,1,0,22.6,30.3,1.7,4,0.9,1,0,21.2,31.8,2.7,0,1,1,0,21.9,32.7,2.7,2,1,1,0,21,32.4,3.3,1,1,1,0,23.2,33.7,3.5,1,1,1,0,21.3,32.9,2.6,2,1,1,0,22.6,34,4,1,1,1,0,20.9,32.5,2.3,1,1,1,0,20.8,33.6,4.2,1,1,1,0,18.6,30.6,2.1,1,1,1,0,22.9,31.8,2.3,0,1,1,0,20.9,31.4,2.1,1,1,1,0,23.3,31,2.2,8,0.6,1,0,21.6,30.3,2.1,1,1,1,0,23.8,30.8,2.4,2,1,1,0,21.9,30.3,2,2,1,1,0,22.1,31.3,1.5,7,0.9,1,0,19.6,29.6,1.2,6,1,1,0,20.7,28.8,2.1,10,0.3,1,0,18.6,30.2,1.8,0,0.9,1,0,22.6,31.1,2.4,8,1,1,0,19.9,31.9,1.5,7,1,1,0,21.6,31.8,2.9,8,1,1,0,19.9,29.7,2,1,1,1,0,23.5,32,2.2,9,1,1,0,22.1,31.7,2.7,1,0.9,1,0,23,32.5,1.9,6,1,1,0,21.5,33.1,2.4,1,1,1,0,23.2,34,2,4,1,1,0,22.1,30.5,1.7,11,0.9,1,1.5,23.5,30.6,1.9,9,0.3,1,0.5,22.8,25.5,3.4,1,0.5,1,0,21,25.9,3.5,1,0,1,14.5,20.4,22.7,0.7,9,0,1,5,20.2,22.9,1.9,2,0,1,0,18.1,24.6,2.4,9,0.4,1,4.5,18.1,24.7,1.5,10,0,1,0.5,17.6,25.6,1.9,2,1,1,0,16.9,28,2.4,3,1,1,0,14.8,26.5,2.4,1,1,1,0,16.6,27.9,3.6,1,1,1,0,15,28.5,1.5,2,1,1,0,20,29.4,3,2,1,1,0,19.6,28.2,2,2,0.1,1,17.5,21.7,29.5,2.7,2,0.5,1,0,20,30,1.6,9,1,1,10,22.1,29.6,3.1,9,0.7,1,1,21.2,28.3,1.9,4,0.6,1,2,20.3,28.8,4.3,1,0.6,1,2.5,19.9,25.7,1.7,9,0,1,2.5,20.2,24.6,1,9,0,1,0.5,19.3,25.4,2.1,9,0.6,1,0.5,20.6,26.7,2.4,9,0.9,1,0.5,18.3,25.1,2.4,10,0.2,1,15.5,22.2,24,2.4,9,0.1,1,12.5,21.5,27.4,1.8,3,1,1,0,20.8,25.8,1.9,5,0.4,1,0,20.7,26.6,1.9,3,0.9,1,0,18.3,26.7,1.3,7,0.4,1,0,17.5,25.4,1.1,12,0.2,1,0.5,21.5,23.1,1.7,9,0,1,2.5,20.9,22.9,1.5,6,0,1,0.5,20,22.7,2.2,1,0.1,1,0,18,25.6,1.5,2,1,1,0,17.5,25.7,2,6,0.7,1,0,16.7,23.4,1.5,2,0,1,0,19.8,24.2,0.9,11,0.2,1,0,19.5,25.7,1.9,2,0.8,1,0,19.9,28.4,1.9,6,1,1,0,19.9,28.6,2.1,0,1,1,0,20.6,29.3,1.5,5,1,1,0,18.8,30,1.3,3,1,1,0,22.4,29.2,2.3,8,0.9,1,0,20.3,29,2.4,8,1,1,0,21.6,28.1,2.3,9,0.8,1,2.5,20.4,25.8,2.5,10,0.7,1,3,22.6,24.5,3,1,0.2,1,33,19.7,24.1,6.2,1,0,1,1.5,11.8,22.3,5.6,1,0.5,1,0,10.9,26.1,1.8,3,1,1,0,16.2,26.6,2.4,8,1,1,0,14.2,26.3,1.8,3,1,1,0,16.9,26.4,2.1,7,0.9,1,0,14.9,25.4,1.4,9,1,1,0,13.7,25.8,1.9,7,1,1,0,11.7,25.2,1.6,1,1,1,0,14.9,26.3,2.2,9,0.7,1,0,13,26.2,1.3,13,1,1,0,15.5,27.5,1.6,6,1,1,0,15.1,27.2,1.3,8,1,1,0,19.3,27.1,1.8,7,0.8,1,1.5,17.3,25.3,1,2,1,1,0.5,17.8,21.7,1.6,9,0.1,1,0,15.9,27,1.5,8,0.9,1,0,17.7,27.7,2.8,9,1,1,0,16.6,27.3,1.6,7,1,1,0,19.3,26.5,2.6,1,0.7,1,0,17.1,24.8,2.7,1,1,1,0,11.9,24.3,4.9,1,1,1,0,10,20.3,2.9,8,0.9,1,0,13.4,21.2,1.8,5,0.9,1,0,9.7,22.6,2.1,8,1,1,0,11.6,23.2,2.3,8,1,1,0,10,23.7,1.7,9,1,1,0,16.9,23,3.1,1,0.7,1,0,13.9,23.2,2,0,1,1,0,15.7,24,1.8,1,0.6,1,0,15.3,25.9,1.2,8,0.2,1,0,18.2,25.9,1.4,9,0.1,1,0,16.5,27.9,3.3,1,1,1,0,16.2,28.7,2.8,1,1,1,0,14.6,24.7,1.8,5,1,1,0,13.4,25.3,2.9,1,0.9,1,0,12.7,22.5,2.8,1,1,1,0,15.2,22.9,2,1,0.3,1,0,15.5,26,1.6,2,0.8,1,0,17.9,25.3,1.4,13,0.4,1,0,17.4,24.3,1.8,8,0.5,1,0,16.9,26.7,1.5,1,0.9,1,0,15.4,24.9,2.5,9,0.5,1,0,18.2,25.1,2.5,8,0.8,1,0,16.4,24.5,2.4,8,1,1,0,19.5,25,2.1,8,0.6,1,1.5,19,22.3,4,9,0.1,1,5,19.4,21.7,1.5,1,0.2,1,0,17.7,26.1,1.1,0,1,1,0,19.9,27.7,1.6,4,0.7,1,3,19.3,24.2,2.4,9,0.9,1,0,18.9,24.6,3.3,9,0.9,1,0,18.3,23.3,4.2,1,1,1,0,10,22.8,6,1,1,1,0,6.8,20.4,2.7,1,1,1,0,10.2,21.9,1.7,8,1,1,0,9.7,21.2,2.5,8,1,1,0,12,19.9,1.3,9,0.2,1,0.5,10.8,16.4,0.8,9,0,1,8.5,14.8,16.8,1.5,14,0,1,10,14.5,19.6,6.6,1,1,1,0,7.1,19.8,6.2,1,0.9,1,0,4.6,17.3,1.9,10,0.9,1,0,9.3,17.3,1.4,9,0.7,1,0,9.1,16.8,1.5,8,0.4,1,1,11.6,16.5,1.7,9,0,1,1,11.3,17.2,1,13,0.2,1,0,12.6,17.6,1.3,9,0.1,1,8.5,12.6,14.5,1,2,0,1,9.5,14.2,15,0.5,13,0,1,0,13,22.4,1.5,0,1,1,0,15.4,22.9,1.7,1,1,1,0.5,14.7,18.1,1.1,9,0.1,1,0,15.2,17,1.5,4,0,1,0,15.3,19.6,1.2,1,0.1,1,2,13.9,18.2,1.2,9,0,1,0,13.4,18.3,1.7,1,0,1,0,16.6,19.1,2.6,10,0.1,1,0,17.5,20.9,2.9,9,0.1,1,13,15.6,20.6,1.7,9,0,1,12.5,12.9,15.1,2.9,1,0,1,0,6.6,14.3,3.9,1,0.1,1,0,5.4,15,3.5,0,1,1,0,4.4,15.9,5,1,1,1,0,3.6,15.9,1.2,8,1,1,0,8.6,17.8,3.4,1,0.7,1,1.5,8.1,13.1,1.3,9,0,1,2.5,11.8,14.4,0.8,10,0.1,1,0,11.5,17.9,2.5,0,1,1,0,6.7,18.7,4.1,1,1,1,0,4.2,17.6,1.3,9,1,1,0,6.8,17.3,1.1,6,0.6,1,0,5.3,18.1,2.5,9,1,1,0,8.1,17.2,1.4,8,0.8,1,0,6.6,16.6,1.2,9,0.1,1,0,10.1,16,1.2,9,0,1,0,9.5,18.2,0.9,2,0.6,1,5,13,19,1.3,1,0.2,1,3,13.1,17.1,4,1,1,1,0,6.2,17.9,3.9,1,1,1,0,4.3,15.5,1.4,9,1,1,0,7,16.4,2,9,1,1,0,5.8,15.5,1.4,9,0.5,1,0,10.9,16.5,1.2,9,0.5,1,4.5,10.9,16,1.9,2,0,1,1,8.6,16,3.1,1,0,1,0,6.7,15.3,4.3,1,1,1,0,4.1,16.1,3.5,1,1,1,0,2.7,15.7,1.8,10,1,1,0,8.3,14.9,1.5,9,0.3,1,5,8.3,12.3,0.4,15,0,1,1,11,14.3,3.6,1,0,1,0,8.1,9.7,2.8,1,0.1,1,0,1,12,3.8,1,0.2,1,0,-0.9,7.4,2.6,1,1,1,0,1.2,6.9,2.7,6,0,1,0,-0.4,8.7,4,1,1,1,0,-1.2,9.1,4.5,1,1,1,0,-1.4,10.9,1.4,10,0.8,1,0,3,11.2,1.6,10,0.2,1,3,6.3,9,0.9,7,0,1,1.5,4.6,10.1,1.4,0,0,1,0,1,10.9,1.3,8,1,1,0,2,12.9,1.7,9,1,1,0,0.7,13,0.5,10,0.9,1,0,6.9,12.2,1.2,8,0.1,1,0,6.4,10.1,1.4,2,0.5,1,0,-0.3,10.7,4.6,1,0.8,1,0.5,-0.8,7.7,3,6,1,1,0,-1.2,8,3.1,1,0.9,1,0,-2.4,8.6,3.1,7,1,1,1,0.6,8.1,2.5,4,0.7,1,0,-0.1,7.7,3.4,1,0.7,1,0,2.6,8.3,4.5,1,0.5,1,0,0.8,10.1,3.6,1,1,1,0,2.1,9.1,4.3,1,0.3,1,0,0.8,10.8,1.2,3,1,1,0,-0.4,11.8,1.4,8,1,1,0,-1.3,12,2.2,2,1,1,0,1.7,13.1,1.6,1,1,1,0,2,8.7,1,2,0,1,8.5,9,13.6,3.4,9,0,1,0,5.1,9.1,6.1,1,0.9,1,0.5,-0.9,5.9,5,0,0.5,1,0,-0.9,7.9,1.2,3,1,1,0.5,5.5,9.4,1.9,9,1,1,0,4.6,7,4.8,1,0.3,1,0,-0.2,5.6,5.1,1,0.3,1,0,-2.9,4.9,2.4,1,1,1,0,0.4,5,4.5,1,0.8,1,0,-1.3,6.9,2.7,1,1,1,0,-1.4,8.1,2.1,2,1,1,0,-2.6,8.8,1.6,2,0.6,1,0,1,9.5,3.1,0,0.7,1,0,-1.6,10.2,2.6,1,1,1,0,0.2,10.8,2.5,2,1,1,0,-1.8,9.9,2.7,3,1,1,0,-0.9,10.2,3,1,0.8,1,0,-2.2,10.5,2.4,1,1,1,0,-1.2,10.7,3.8,1,1,1,0,-2.5,11.3,1.7,2,1,1,0,0.2,11.2,3,0,1,1,0,-0.8,9.6,3.4,1,1,1,0,3.2,9.8,3.3,1,0.1,1,0,-0.7,9.4,3.8,2,1,1,0,0.5,8.6,4.9,1,1,1,0,-2.3,7.3,2.9,1,1,1,0,-2.4,8.8,1.8,3,1,1,0,-4.1,10,2.3,9,1,1,0,3.5,9.8,2.9,9,1,1,9.5,4.5,9.6,4,2,0.6,1,0,2.1,9.1,5.3,1,0.1,1,0,-1.8,6.7,5.8,1,1,1,0.5,1.8,6.7,3.3,2,0.6,1,0,-0.9,2.4,3.9,2,0,1,0,-2.5,3.6,5,1,0.1,1,0,-3.3,1.6,1,9,0,1,0,-0.8,4.5,3.9,1,0,1,0,-1,0.9,4.1,1,0.5,1,0,0.3,2.2,5,1,0,1,0.5,0.1,3.8,5.2,1,0.5,1,0,0.3,4.4,5.1,1,0.3,1,0,0,5.4,5.4,1,1,1,0,-1.4,5.9,4.7,0,1,1,0,-2.2,6.3,2.1,0,0.6,1,0,1.5,8.1,1.8,1,0.7,1,1.5,1.7,3.9,1.1,11,0,1,1,2.5,3.8,0.8,8,0,1,0.5,2.5,7.7,0.8,2,0,1,2.5,4.4,7.5,2.4,2,0,1,0.5,1.1,4.7,3.8,1,1,1,0,0,2.9,3.8,2,0.6,1,0.5,0,2.1,3.7,1,0,1,0.5,-0.6,2.3,3.8,1,0,1,0,-2.1,3.3,4.7,1,1,1,0,-3.7,4.1,3,1,0.7,1,0,-5.4,4,1.7,2,1,1,0,-3.1,4.1,2.3,2,0.8,1,0,-4.9,5.6,3.6,1,1,1,0,-2.2,6.2,4.9,1,1,1,0,-6,6.4,3.5,9,1,1,0,-0.7,6.5,1.8,9,0.7,1,0,-1.5,6.3,0.5,1,0,1,2,2.8,8.4,1.1,8,0,1,0.5,1.9,3.8,2,2,0,1,0,-1.2,5.3,3.9,1,0.3,1,0,-4.2,1,3.6,1,0.8,1,0,-1.8,1.1,2.4,3,0.6,1,0,-4.4,0.4,2.6,1,0.7,1,0,-2.2,2,1.9,1,0.5,1,0,-4.9,3.1,3.4,1,1,1,0,-1.1,3.3,4.8,0,0.4,1,0,-2,4.6,3.4,1,0.3,1,0,-3.1,5,3.3,1,0.2,1,0.5,-3,4,3.7,1,0.2,1,0,0.2,5.8,4.2,1,0,1,0,0.5,5.6,5.8,1,0.7,1,0,-1.2,6.8,6.6,1,0.7,1,0,-4,6.3,2.9,1,1,1,0,-1.8,7.1,2.4,2,1,1,0,-2.6,8.1,3.8,1,1,1,0,-2.8,8.8,4.1,1,0.9,1,0,-5.9,2.6,2.3,0,1,1,0,-5.2,4.5,1.8,2,1,1,0,-7.1,4.6,3.6,1,1,1,0,-5.6,4.9,5,1,1,1,0,-7.1,7.4,1.6,9,0.9,1,0,-1.7,7.7,2.3,9,0.9,1,2,-1.5,3.1,0.6,8,0,1,3,2.6,4,0.8,9,0,1,0.5,2.4,5.7,4.8,1,0.2,1,0,-2.3,7,3.5,1,0.9,1,0,-3.4,-0.1,6.3,1,1,1,0,-3.4,0.7,4.7,1,0.8,1,0,-4,1.4,3.5,1,0.5,1,0,-2.9,1.7,4.1,0,0.1,1,0,-3.2,3.2,3,2,1,1,0,0.4,3.6,4.3,1,0.4,1,0,-0.8,3.4,4.6,0,1,1,0,-3.3,3.2,5.2,1,1,1,0,-8,1.8,1,6,0.6,1,0,-3.6,3,1.7,15,0,1,0,-3,2.3,1.1,3,0,1,0,-3.6,3.1,2.3,1,0.1,1,0,-6.4,4.5,3.9,0,1,1,0,-3.1,5.8,4.2,1,1,1,0,-4.5,3.5,1.3,3,0.4,1,0,-4.7,5.7,3.9,1,1,1,0,-6.6,4.5,2.4,1,1,1,0,-0.9,5.4,2.7,2,1,1,0.5,-3.2,0.5,4.8,1,1,1,0,-6.7,0.8,5.4,1,0.9,1,0,-8.2,4.3,1.9,2,1,1,0,0.5,5.5,2.3,4,1,1,0,-1.2,3.4,3.8,1,0.3,1,0,-1.9,4,3.9,1,0.5,1,0,-2.8,2.4,3.9,1,1,1,0,-3.6,3.3,4.1,1,0.8,1,0,-6.7,4.6,2.6,1,1,1,0,-4.3,7,2.6,1,1,1,0,-5.6,8.1,1.6,3,1,1,0,-3.6,9,2.7,1,1,1,0,-3.9,9.1,4.3,1,1,1,0,2,10,2.9,1,0.3,1,3.5,2,7.3,4.9,1,0.7,1,0,-2.9,6.7,6,1,0.3,1,0,-7.4,5.6,4,1,1,1,0,-3.6,6.7,2.8,9,1,1,0,-5.8,5.9,1.7,3,0.9,1,0,1.6,7.4,3.3,1,1,1,0,-3.1,8,3.4,1,1,1,0,-3.2,10,2.3,2,1,1,4.5,-3.5,3.8,0.3,10,0,1,3,3.9,6.4,1.1,8,0,1,1,4.8,7.4,6.7,1,0.9,1,0,-2.5,7.4,6.2,1,1,1,0,-4.1,11.9,2,1,1,1,0,-0.5,12.6,3.5,1,0.9,1,3.5,-0.5,7,0.9,0,0,1,0,4.5,10.5,1.8,9,0,1,0,1.5,11.8,1.2,8,0.9,1,0.5,8.6,13.2,3.1,2,0,1,0,3,6.6,2.8,1,0.6,1,0.5,-2.6,5.4,3.9,1,0.2,1,0,-4.6,-0.9,5.3,1,1,1,0,-6.9,0.4,5.4,1,1,1,0,-8.5,1.4,1.5,3,1,1,0,-3.4,0.9,3.6,1,0,1,0,-7.5,4.3,2.5,2,1,1,0.5,-1,5.9,1.6,11,1,1,5.5,-0.7,0.5,0.1,16,0,1,2.5,0.4,0.9,2.6,2,0,1,0,-1.8,2.9,2.7,1,0.8,1,0,-3.2,4.4,3.4,1,1,1,0,-4.1,4.4,2.3,1,1,1,0,-2.3,4.8,4.7,0,1,1,0,-7,3.4,1.4,3,1,1,0,-4.1,6.3,1.8,9,1,1,0,-6.3,6.3,1.4,1,1,1,0,-3.2,7.5,1.8,8,1,1,0,-5.5,5.3,1.4,2,1,1,0,-0.8,6.1,2.3,1,1,1,2.5,-0.3,0.2,0.7,4,0,1,3.5,0.3,1.7,1.4,12,0,1,11,0.2,1.5,3.9,1,0,1,0,0.9,2.6,6.7,1,0.5,1,0,0.1,4.4,5.4,1,1,1,0,-2.5,5.5,4.9,1,1,1,0,-6,5.3,3.4,1,1,1,0,-0.8,6.3,4.2,1,1,1,0,-4,2,4.6,1,1,1,0,-1.5,4.9,3.2,1,1,1,0,-5.4,2.7,1.5,3,1,1,0,-3.6,5.3,1.9,2,1,1,0,-4.6,5.7,2.5,1,1,1,0,-3.3,5.6,1.9,1,0.6,1,0,-6.7,3.7,6.6,1,1,1,0,-3.4,4.6,4.8,1,1,1,0,-8.4,3.3,3,1,1,1,0,-4.6,5.2,4.3,1,1,1,0,-7,5,1.8,3,1,1,0,-3.7,6.6,2.8,2,1,1,0,-6.2,6.4,3.2,9,1,1,0,-3.6,7.5,1.9,4,1,1,0,-3.7,6.6,6.2,1,0.9,1,0,-2.4,7.3,5.6,1,1,1,0,-5.3,11.1,3.4,9,1,1,0,1.8,12.1,2.7,9,1,1,2,2.4,5.1,1.4,9,0,1,2.5,3.6,5.1,1.5,9,0,1,0.5,3.2,13.1,2.4,1,0.7,1,0,3.1,12,1.6,9,0.8,1,0,3.1,12.1,1.5,4,0.4,1,0.5,4.3,11.7,1.3,9,0,1,2.5,4,8.8,1.4,1,0,1,0,3.1,9.4,1.7,1,0,1,0,1.3,7.6,3,1,0.8,1,0,-2.2,9,3.8,1,1,1,0,-3,8.1,1.7,9,0.6,1,1,3.8,8,2.5,8,0,1,5,4,6.7,1,9,0,1,4,1.2,7.6,5.5,2,0,1,0,-2.1,1.6,6.5,1,1,1,0,-2.5,3.8,4.9,0,0.9,1,0,-5.8,2.3,4.6,2,1,1,0,-2.3,3.1,4.9,1,0.9,1,0,-2.5,2.6,5.1,1,1,1,0,-0.5,4.5,5.6,1,0.8,1,0,-2.1,5.4,3.4,1,1,1,0,-0.5,6.9,3.8,1,1,1,0.5,-3.3,1,5.6,1,0.8,1,0,-4,0.9,7,1,0.6,1,0,-6,5.1,3.5,1,1,1,0,-2.5,6.1,4,1,1,1,0,-3.5,11.6,3.3,1,1,1,0,0.2,12.5,2.8,1,1,1,7.5,1.4,10.6,1.8,11,0,1,12.5,5.8,13.1,3.3,2,0,1,0,2.4,6.9,5.3,2,0.4,1,0,-0.6,8,4.7,1,1,1,0,-2.6,6.1,4.4,1,1,1,0,-2.3,7,2.9,1,1,1,0,-3.6,9.5,2.9,1,1,1,0,0.8,10.3,6.1,1,0.6,1,0,-2.3,13.5,2.8,1,1,1,0,1.8,15.1,2,4,1,1,2,0.5,12.2,0.9,11,0.6,1,1.5,6.6,11.6,3.4,1,0,1,0,1.2,11.7,3.3,2,1,1,0,6.8,13.3,2.6,1,1,1,0.5,6.9,11.3,3.6,9,0,1,3,4.3,11.5,4.4,2,0,1,0,1.6,5.1,4.6,1,0.4,1,0,0.2,5.6,5.4,2,0.3,1,0,-2.9,8.3,4.4,2,1,1,0,-1.9,9.1,4.1,1,1,1,0,-3.2,11.8,4,1,1,1,0,2.9,12.4,5.2,1,1,1,0,-1.6,14.5,1.6,5,1,1,0,1.4,15.6,2.2,5,1,1,0,-0.2,16.2,4.4,1,1,1,0,8,16.2,4.2,2,0.7,1,1,6.6,12,2.1,8,0,1,7,10.1,11.7,2.1,8,0,1,0.5,10.1,14,2.8,2,0.2,1,1.5,7.1,15.9,3.2,2,0.6,1,0,4.3,16.2,1.6,6,1,1,0,3.3,17.4,2.2,4,1,1,0,2.5,16.1,2.3,2,0.9,1,1,10.6,16.9,2.9,8,0.9,1,13,10.7,14.4,3.6,9,0,1,8,7.5,15.6,5.3,2,0,1,0,6.3,14.1,5.6,1,1,1,0,4.5,15.1,5.7,1,1,1,0,-0.4,15.2,2.6,9,1,1,0,5.9,15.5,2.7,2,1,1,0,3.2,16.3,3.1,9,1,1,0,7.9,15.7,2.2,9,0.3,1,0,6.2,19.4,2.1,9,1,1,0.5,11.6,18.6,1.5,12,0.5,1,4.5,10.4,12.3,2.2,2,0.2,1,3,2.1,9.7,6.1,2,0.2,1,0,0.4,8.1,4.8,1,1,1,1.5,1.1,9,3.4,1,0.9,1,0.5,1.2,7.2,3.6,2,0.5,1,0.5,0.7,7.5,4.8,2,0.7,1,0,0.2,11.2,3.5,1,1,1,0,1.5,14,2.2,5,1,1,0,-0.5,18,3.7,1,1,1,0,3.5,19.2,2.9,3,1,1,0,0.5,18.1,3.4,1,1,1,0,4.9,19.2,2.3,8,1,1,0,2.3,18.1,4.7,1,1,1,0,5.2,18.2,6.2,2,1,1,0,-1,12.9,3.9,1,1,1,0,0.2,14.7,4.1,1,1,1,0,-2.1,14.3,3.2,1,1,1,0,2.4,16.2,3.7,1,1,1,0,0.8,14.3,2.1,8,0.8,1,0,5.9,14.7,2.1,2,0,1,0,2.4,16.2,2.7,1,1,1,0,6.6,17.8,3.8,8,1,1,0,4.6,17.7,3,1,1,1,0,6.1,18.9,2.9,7,1,1,0,2.7,19.8,3.6,1,1,1,0,6.9,20.3,2.9,2,1,1,0,4.6,20.6,2.3,0,1,1,0,10.7,21.9,3.4,2,1,1,2.5,10.2,13.4,2.5,8,0,1,0.5,11.3,15.3,3.1,8,0.5,1,0,9.4,17,3.4,1,1,1,0,9,18.1,3.3,8,1,1,0,8.5,10.3,2.3,8,0,1,1,8.1,10.9,2,8,0,1,0.5,8.5,12.2,2.6,9,0,1,0.5,10.5,12.4,2.9,9,0,1,0,10.5,14.1,1.9,1,0,1,0,8.4,14.3,1.4,3,0,1,0.5,3.3,16.9,2.2,1,1,1,0,6.3,19,2.9,8,1,1,0,2.7,17.3,2.4,10,1,1,0,5.9,16.6,3.1,8,0.3,1,0,3.1,18.2,1.8,0,1,1,0,8.7,20,2.3,8,1,1,0,5.3,19.5,2.8,9,1,1,0.5,8.4,20.3,1.9,9,0.2,1,0,5.5,19.5,3.1,1,1,1,0,4.6,19.3,2.1,9,1,1,0,4.1,16.4,2.1,2,0.1,1,0.5,10.9,18.5,1.9,2,0.2,1,1,10.4,12.3,1.7,8,0,1,3,10.6,12.1,2.7,9,0,1,6,10.9,15.9,2.5,9,0,1,1.5,14.2,16.6,3,9,0,1,0,11.6,19.2,2.2,4,1,1,0.5,9,18.6,3.1,1,0.4,1,0,6.9,19.7,3.2,0,1,1,0,9.1,22.4,3.1,2,1,1,0,6.3,21.7,2.9,3,1,1,0,6.4,22,5.3,1,0.6,1,0,1.8,19.7,3.1,9,1,1,0,8.3,20.5,3.8,9,1,1,0,7.4,15,3.1,8,0,1,1.5,12.1,13.8,1.8,1,0,1,0,8.4,14.7,5,1,1,1,0,4.2,16.4,5.4,1,1,1,0,0.9,18.5,2.4,4,1,1,0,6.4,20.8,2.9,8,1,1,0,4.3,17.4,3.5,9,1,1,0,11.8,18.6,3.3,9,0.8,1,0.5,10.7,18.7,5,1,1,1,0,9.3,18.4,5.9,2,0.9,1,0,6.9,20.1,4,1,1,1,0,7.8,22.2,3,1,1,1,0,5,22.5,2.4,8,1,1,0,7.6,22.7,3.2,9,1,1,0,5,18.6,3.1,9,1,1,5,11.9,17.7,2.3,9,0,1,2.5,12.5,21.2,5,1,1,1,0,9.1,23.2,5,1,1,1,0,7.3,24.7,1.3,9,1,1,0,13.3,24.4,1.7,5,0.1,1,1,11.6,18.8,3.6,1,0.6,1,1,13.6,17.1,4.7,1,0,1,0,9.8,18.4,4.1,1,1,1,0,11.6,19.6,7.4,1,0.8,1,0,8.1,20.2,3.7,2,1,1,0,8.6,22,3.9,1,1,1,0,5.4,21.4,2.4,2,1,1,0,9.8,22.6,3.8,1,1,1,0,7.3,23.3,2.3,2,1,1,0,10.4,22.1,1.9,5,1,1,0,8.1,19.8,3.2,9,0.7,1,3.5,13,21.2,3.2,9,0.7,1,5,13,16.1,3.4,1,0.5,1,0,9.5,18.2,4.6,1,0.4,1,0,8.8,19.6,4.7,1,0.7,1,0,9,18.9,4.6,1,0.5,1,0,6.8,19.1,2.5,6,1,1,0,10.8,20.7,2.2,5,0.6,1,0,10,21.3,2.3,2,1,1,0,13.2,22.6,2.3,2,1,1,0,12,23.5,2.1,1,1,1,0,17.7,24.7,2.3,1,1,1,0,16.1,18.4,4,8,0,1,11,14.1,18.6,2.7,9,0,1,3.5,14.2,20.1,1.6,2,0.5,1,0,13.4,21.6,2.3,7,0.5,1,0,10.8,25.6,1.6,11,1,1,0,12.9,25.8,1.9,6,1,1,0,10.8,25.5,2.8,2,1,1,0,14.4,26.3,2.6,8,1,1,0,11,26.6,2.7,1,1,1,0,15,27.4,3.6,2,1,1,0,12.5,29,2.8,2,1,1,0,16.6,30.4,3.4,2,1,1,0,13.4,29.8,2,1,1,1,0,16.1,30.3,3.1,8,1,1,0,13.3,28.6,2.5,9,1,1,0,15.6,29.6,2.7,8,1,1,0,14.4,28.7,2.7,9,1,1,0,16.6,27.8,2.8,10,1,1,0,15.2,22.5,3.3,8,0.9,1,0,18.3,22.1,2.5,8,0,1,1,14.4,24.4,3.8,9,1,1,3.5,15.9,24,2.3,10,0.8,1,0,15.4,25.1,2,9,0.5,1,0,19,26.8,2.4,5,0.9,1,0.5,17,18.7,1.5,9,0,1,4,17.5,22.6,1.8,1,1,1,0,17.1,25.1,1.8,1,1,1,0,18.4,23.2,3.2,8,0.6,1,0,16,24.4,1.9,2,0.9,1,11.5,17.9,23.4,2,0,0.3,1,0,16.6,25.4,1.7,10,0.9,1,0,18.2,25.9,2.2,6,1,1,1.5,16.8,19,1.2,2,0,1,1,17.2,19.5,0.8,14,0.1,1,0,16.9,25.9,2,3,1,1,0,17.8,27.3,3.1,2,0.8,1,0,14.6,21.7,4.9,2,0.4,1,0,12.4,21.5,5,1,0.4,1,0,11.1,21.8,4.1,1,1,1,0,11.8,23.6,3.9,2,1,1,0,9.2,25.7,2.9,1,1,1,0,14.6,27.2,2.2,4,1,1,0,12,26.5,2.4,2,1,1,0,14.6,27.4,2.4,4,1,1,0,12.6,25,1.7,2,0.7,1,0,17.4,24.4,1.7,3,0.1,1,0,16.5,19.7,2.4,8,0,1,1.5,16.4,19.3,0.9,2,0,1,0,15.3,23.7,1.9,9,1,1,0,15.4,23.9,3.2,8,0.7,1,0,13.3,24.4,1.8,5,1,1,0,18,25.9,2.1,5,1,1,0,16.7,23.7,3.5,8,0.7,1,0,18.2,23.6,2.9,9,0.5,1,1,18,19.7,1.7,2,0,1,0,18.1,21.1,1.4,3,0.1,1,0,17.5,24.3,1.5,2,1,1,0,17.6,25.6,2.1,6,1,1,0,16.4,25.7,2.7,1,1,1,0,18.4,27.2,2.5,3,1,1,0,15.2,23.2,2.8,8,1,1,1,16.9,22.6,3,8,0.6,1,0,15.3,25.1,2.9,8,1,1,0,18,25.3,2.5,9,0.6,1,0,16,25.6,2.5,8,0.7,1,0,19.8,25.9,2.3,8,0.3,1,0.5,18.1,24.1,0.9,10,0,1,0,20.5,25.5,1.6,2,0,1,8,17.8,24.7,3.5,1,0.8,1,0,16.5,26.3,4.3,1,0.8,1,0,14.5,25.4,2.1,4,0.9,1,0,17.5,26.7,1.9,1,0.9,1,0,15.1,26.6,2.2,1,1,1,0,18.1,27.5,3.1,8,0.6,1,0,16.4,25.8,1.7,8,0.9,1,0,17.5,26.4,2.4,9,0.3,1,0,15.7,23.1,2.1,8,0.1,1,3,17.7,21.6,2.4,9,0,1,1,17.5,23.9,2,0,0.3,1,0.5,19.8,25.5,2.8,8,0.2,1,7.5,18.8,21.9,2.2,8,0.2,1,0.5,19.3,23.1,1.9,9,0.1,1,0,18.7,23.2,1.9,8,0.2,1,4,18.4,22.6,2,9,0,1,5.5,18.2,21.5,2.3,9,0,1,0.5,20.4,22,1.2,3,0,1,1,20.4,27.5,1.2,2,0.8,1,1,22.4,29,3.6,1,0.9,1,0,21.9,29.8,1.8,5,1,1,1.5,21.1,29.2,1.9,9,0.4,1,6.5,20.9,22.9,2,11,0,1,17.5,21.4,23.5,4.2,9,0,1,1.5,21.3,26.3,3.4,1,0.4,1,0,19.6,28.2,4.6,1,1,1,0,16.9,27.9,3.4,1,1,1,0,17.9,28.6,3.7,2,0.8,1,6.5,17.6,21.6,2.3,9,0,1,0,21,23.5,2.9,8,0.3,1,1,21.3,26.7,1.6,2,0.4,1,2,21.3,26.7,2.3,1,0.1,1,0,20.5,28.6,3.2,1,1,1,0,19,30.5,2,5,1,1,0,18.5,30.7,2.2,5,1,1,0,21.8,30.2,2.8,2,0.8,1,0,20.7,29.6,3.4,1,1,1,0,21.8,30.5,2.2,2,1,1,0,20.9,27.7,3.5,1,0.5,1,0,21,28.6,3.2,1,0.8,1,30,20.5,26.3,2.2,0,0.5,1,30.5,18.7,23.4,1.5,12,0.3,1,0,18.1,25.7,1.8,2,0.9,1,0.5,20.2,27.8,3,8,1,1,0,18.7,26.9,1.6,2,1,1,0,20.1,28.2,3,8,1,1,0,19.4,28.1,2,2,1,1,0,21,29.8,3.4,1,1,1,0,20.5,28.6,3.1,2,0.8,1,0,21.2,29.6,3.1,1,1,1,0,21.2,28.4,3.5,1,0.5,1,0,20.8,28.4,5.1,1,0.2,1,0,19,32.4,2.9,1,1,1,0,22.8,34.4,3.3,8,1,1,0,20.8,31.8,1.9,5,1,1,0,22.4,33.2,2.8,9,1,1,0,20.9,28.5,4.4,1,1,1,0,17.1,26.8,4.9,1,0.9,1,0,15.2,27.5,1.9,1,1,1,0,18.4,27.8,2.1,8,0.4,1,0,16.6,29.9,2.8,8,1,1,0,19,28.9,2.9,8,1,1,0,17.4,28.6,1.5,3,1,1,0,20.6,30.3,3,8,0.6,1,0,18.9,30.8,1.8,0,1,1,0,21.3,31.4,3.1,8,0.9,1,0,19.6,30.4,1.6,4,1,1,0,22.8,30.5,2,6,1,1,0,21,28,2.1,2,0.6,1,0,21,27.1,1.3,7,0,1,2,20.4,25.1,1,9,0,1,4,21.3,23.9,1.1,10,0,1,2.5,20.9,25.8,1.7,10,0.4,1,0.5,21.4,25.1,1.7,9,0,1,0,21,28.9,2,8,0.4,1,0,22.5,28.3,3.6,8,1,1,0,21.6,28.8,2.5,9,1,1,0,23.3,28.9,3.8,9,0.8,1,0,21.9,28.6,1.5,1,1,1,0,21.2,29,2.6,9,0.5,1,0,19.9,26.1,1.6,0,0.5,1,0,21.6,27.5,1,7,0,1,0,20.1,26.4,1.6,12,0,1,3,19.8,26.1,2,1,0,1,16.5,21.6,23.6,4.2,9,0,1,35.5,22.3,24,6.3,9,0,1,4.5,22.1,26.8,1.7,2,0.7,1,0,19.9,27.5,1.5,7,0.6,1,13,20.3,23.1,1.1,1,0,1,1.5,19.6,23.4,1.4,0,0,1,0,17.9,28.7,1.5,7,1,1,0,22,27.1,1.4,5,0.2,1,4.5,21.8,24.5,1.1,2,0,1,0.5,22.3,25.4,1.7,8,0,1,1,21.6,26.8,2.8,9,0.4,1,0,23.7,27.3,3.7,8,0.4,1,0,23,28.7,3.8,9,0.9,1,5.5,22.8,28.7,3.7,8,1,1,0.5,22.2,26.8,2.5,9,0.3,1,2,22.9,27.3,1.9,9,0.3,1,0,21.7,30,2.3,1,0.8,1,0,20.8,30.3,2.8,8,1,1,0,20.3,28.8,2.1,1,0.7,1,1.5,21.7,30.2,3.2,1,0.9,1,0,20.5,30.5,1.4,5,1,1,0,21.3,31.8,2,0,1,1,0,20.2,30,2.2,1,0.7,1,0,20.2,29.8,2,5,0.4,1,0,18.5,30.7,1.8,2,1,1,0,22.9,31.1,1.8,9,0.9,1,8.5,21.3,26.6,1.9,9,0.6,1,1,19.5,25.8,2.3,8,0.2,1,2,19.5,24.8,0.9,0,0,1,0.5,21.5,24.9,1.3,8,0,1,4.5,21.1,26.1,2.3,8,0.4,1,1.5,21.8,27,1.9,1,0.4,1,1.5,21.2,26.6,1.3,2,0.4,1,1.5,21.3,26.7,1.2,3,0.4,1,0,20.7,23.8,1.3,1,0,1,0.5,20.6,24,2.5,8,0.2,1,0.5,20.2,22.6,1.9,1,0,1,0,17.1,23.5,1.7,0,0.2,1,0,16.8,23.8,2,8,0.2,1,2.5,17.8,22.7,1.5,4,0,1,2.5,17.4,23.8,1.5,4,0.5,1,0,18.1,24.9,2.1,5,0.7,1,0,17.2,25.4,2.3,9,1,1,0.5,18.7,24.9,1.7,3,0.8,1,4,18.5,21.2,1.5,2,0,1,8,17.7,20.6,1.1,9,0,1,0,16.3,26.5,1.5,7,1,1,0,19.2,27.2,2.4,8,1,1,0,16.5,26.2,2.2,9,1,1,0,20.6,26.1,2.7,9,1,1,0,19.2,23.4,3.5,8,0.2,1,0,20.9,23.1,3.6,8,0,1,1,20.6,25.2,1.5,8,0,1,0,20.9,26.1,1.8,2,0.4,1,0,19.1,28.9,2.6,2,1,1,9,19.1,29,2.6,1,1,1,3.5,19.2,27,1.4,1,0.8,1,0,19.2,27.4,2,4,1,1,0,18.6,22.8,1.5,10,0,1,0,17.2,23.3,2,8,0.6,1,0,16,25.8,1.9,1,1,1,0,18.6,27.2,2.1,3,1,1,0,17,25,2.2,1,1,1,3,17,25.7,2.6,1,0.8,1,1,17,21.9,2.1,8,0.4,1,3.5,15.5,24.3,2.7,1,1,1,0,13.7,22.6,2,2,1,1,0,14.6,24.7,1.4,2,1,1,0,12.4,23.2,2.9,1,1,1,0,13,24.5,2.9,1,1,1,0,11.4,24.9,1.5,2,1,1,0,14.5,24.9,2.5,9,0.8,1,0,14,23.4,1.6,5,0.6,1,0,14.2,21.8,1.5,2,0.1,1,0,13.8,26.1,2,2,1,1,0,14.6,26.3,1.9,5,1,1,0,12.8,23,2.1,9,0.6,1,0,16.1,22.1,1.3,4,0.1,1,0,15.2,22.3,1.8,2,1,1,0,10.9,22.8,3.4,1,1,1,0,9.6,17.9,1,1,0.3,1,0,13.7,19.2,1.6,9,0.1,1,0,12.8,16.9,0.6,9,0,1,0,10.9,19.4,1.2,3,0.1,1,0,8.8,22.9,1.8,10,1,1,0,12.7,23.4,2.4,9,1,1,0,11.3,23.8,2.1,4,1,1,0,12,24.7,2.2,2,1,1,0,10.4,23.8,2.1,9,1,1,0,14.6,23.8,1.5,4,0.7,1,0,12.9,20.6,3,9,0.1,1,4,17.8,19.6,3.4,9,0,1,15,19.4,23,2.7,10,0.1,1,4.5,17.1,24,2.6,1,0.7,1,0,15.7,23.1,1.3,0,0.5,1,0,17.2,24.5,2.2,2,1,1,0,15.2,22.8,1.6,6,1,1,0,13.6,22.9,1.6,7,0.3,1,0,12.2,25.6,2.5,1,1,1,0,12.8,26.6,2.3,1,1,1,0,10.5,25.1,1.1,9,1,1,0,13.5,25.8,2.1,1,1,1,0,12.4,25,2.6,1,1,1,0,16.5,25.7,1.9,2,1,1,0,16,25.1,1.2,2,1,1,0,14.4,25.6,1.9,8,0.9,1,0,13.7,23.2,2.7,9,0.7,1,1,17.6,22.2,2.4,8,0.1,1,0,16.7,24.2,1.3,2,0.4,1,0,16.7,25.2,2,1,0.6,1,0,16.1,22.2,2.6,1,1,1,0,16.5,22.9,2.3,1,0.9,1,7,15.5,18.2,1.1,3,0,1,14.5,17.8,18.4,1.9,2,0,1,12,17.9,21,4.9,2,0.2,1,0,13,23.6,4.8,1,0.9,1,0,11.3,19.8,1.7,7,1,1,0,12.8,19.5,2.6,8,0.3,1,0,10.1,20.7,1,9,1,1,0,14.4,19.7,1.5,9,0.3,1,0,13.7,19.4,2.7,8,0.1,1,0.5,14.1,17,2.4,8,0,1,0,14.3,21.9,2.2,2,1,1,0,14.6,22.9,1.1,2,1,1,0,13.3,22.4,1.7,0,0.7,1,0,14.3,23.6,2.3,8,1,1,0,13.6,18,3.2,8,0.2,1,0,13,19.6,2,8,0.5,1,0.5,12.9,17.3,4,9,0.2,1,27.5,16.5,21,6,9,0.3,1,3,16.3,19.7,7.4,1,1,1,0,12.4,19.8,4.3,2,0.9,1,0.5,10.3,13.7,1.6,8,0,1,1,11,12.9,1.2,2,0,1,0.5,9.8,17.4,2.1,0,1,1,0,8.7,18,2.3,1,1,1,0,8.3,16.6,4.4,1,1,1,0,5.7,17.8,4.5,1,1,1,0,4.6,18.7,2,7,1,1,0,7,18.4,1.7,9,1,1,0,5.4,20.3,2.4,8,1,1,0,10,16.6,1.6,9,0.6,1,0,10.5,18.2,3.4,9,0.4,1,1.5,14.4,17.2,1.7,2,0,1,3.5,14.3,18.3,2.2,8,0,1,0,15.1,20.5,1.5,9,0.7,1,1.5,14.8,18.6,0.5,8,0,1,5,13,18.1,1.1,2,0,1,3,12,14.2,1,9,0,1,0.5,12.7,15,0.6,8,0,1,0,11.3,18,2.5,1,1,1,0,8.5,18.9,2,9,1,1,0,6.9,20,2.8,9,1,1,0,9.6,20.4,1.9,9,1,1,0,9.1,20,1.7,9,0,1,3,12.4,20.1,1.5,9,0,1,0.5,12.1,17.9,2.4,2,0.5,1,0,8.2,18.3,5,2,0.5,1,0,4.2,14.4,5.6,1,1,1,0,2.1,14.5,5.3,1,1,1,0,-0.3,17.7,2.4,1,1,1,0,4.2,18,2.7,1,1,1,0,3.9,19.1,2.5,9,1,1,0,10.5,19.6,2.3,9,0.9,1,0,10.4,17.8,2,8,0,1,1,12.7,17.2,1.9,9,0,1,3,11.7,14.8,1.3,2,0,1,2.5,14.3,15.4,0.8,4,0,1,0,14.1,18.1,1.3,1,0,1,4,13,17.5,2,2,0,1,0.5,8.3,13,5.3,1,1,1,0,4.9,13.7,5.3,1,1,1,0,2.1,14.8,2.8,1,1,1,0,4.3,15.7,1.6,9,1,1,0,3.5,14.9,0.9,8,0.2,1,0,8.8,16.9,0.9,9,0.5,1,0,8.1,21.2,0.9,1,1,1,0,10.4,21.5,2.5,1,1,1,0,6.2,16.3,2.6,1,1,1,0,4.6,17,2.9,1,1,1,0,4.6,18.1,2.2,9,0.7,1,0,11.4,18,2.5,9,0.7,1,2.5,11.3,14.5,1.6,8,0,1,2,13.1,14.7,0.7,12,0,1,0,11.6,16.9,1.9,0,1,1,0,10.1,17.9,1.6,9,1,1,0.5,9.2,13.7,0.4,10,0,1,0,10.6,14.9,0.7,7,0,1,1,11.2,14.6,1.4,3,0.1,1,0,6.3,14.5,2.7,2,0.2,1,3.5,6,9.4,4.3,1,0.6,1,0.5,3.4,8.5,4.7,2,0.2,1,0,1.9,8.3,3.9,1,0.9,1,0,4.9,8.5,3.5,1,0.4,1,0,1.6,8.3,4.3,1,0.9,1,0,0.4,9,4.9,1,0.5,1,0,-1.1,9.6,1.5,1,0.5,1,0,2.6,10.3,1.4,7,0,1,0,-0.4,12.5,1,4,0.7,1,0.5,5.5,11.6,3.1,1,0.4,1,0,2.3,11.1,4.3,1,1,1,0,-0.1,10.8,4.9,1,1,1,0,-2.3,10.9,2.8,1,1,1,0,-0.6,11.3,1.9,1,1,1,0,-0.6,10.9,1.7,8,0,1,0,0.9,10.9,1.3,8,0,1,0,-0.7,11.6,0.7,3,1,1,0,2.6,11.6,1.5,8,0.7,1,0,0.8,17.1,0.8,0,1,1,0,2.7,18,1.5,9,1,1,0,0.5,15.7,2.7,2,1,1,0,2.8,16.3,1.7,1,1,1,0,1.7,14.4,1.9,6,0.9,1,0,3.6,15.6,1.3,9,1,1,2.5,3.6,12.3,1.2,11,0,1,3,10.5,12.9,1.6,1,0,1,1,10.1,11.1,1.1,1,0,1,2,10,12,2.4,1,0,1,0,5.2,11.5,1.2,0,1,1,0,4.1,13.6,1.4,9,1,1,0,3.7,13.7,2.8,8,0,1,1,8.7,12.8,1.8,9,0.1,1,8.5,10.8,14.6,2,1,0,1,0,6.2,14.4,2.6,1,0.1,1,0,4.5,14.5,2.5,9,0.8,1,1.5,10.8,14.6,1.8,9,0.6,1,7.5,11.5,14.3,3.2,8,0,1,3.5,5.5,13.9,3.1,2,0,1,1.5,0.9,5.3,5,1,0.7,1,0,-2,3,4.8,2,0.5,1,0,-3.5,3.9,3.9,1,1,1,0,-1.3,4.8,4.5,1,1,1,1,0.5,4.2,1,10,0,1,1.5,2.7,4.7,3,1,0,1,0,1.2,3.4,3.6,1,0.6,1,0,-1.4,3.8,4.4,0,0.9,1,0,-1.5,0.2,2.7,1,0,1,1,-1.4,0.2,3,1,0,1,0.5,-0.8,2.6,3.1,0,1,1,0,-1.4,3.2,3.8,1,0.8,1,0,-2.4,5.3,0.8,7,1,1,0,0,6.2,1.8,8,1,1,0,-2.3,7,2.7,1,1,1,0,-2.3,8.1,5,1,0.8,1,0,-4.5,9.1,2.1,9,0.9,1,0,1.6,10.2,2.2,9,0.9,1,2.5,2.4,10.4,1.4,9,0,1,2,4.8,8.3,4,1,0,1,0,0,5.8,3,1,0.9,1,0,1.2,5.9,4.2,1,0.3,1,0,-0.3,1.8,3.8,2,0.4,1,0,-0.7,2.9,4.4,1,0.1,1,0.5,-1.5,0.3,3.7,2,0,1,1,-0.6,-0.1,2.8,1,0,1,0.5,-0.9,1.1,2.9,2,0.2,1,0,-0.5,2.2,2.5,1,0.4,1,3.5,-0.5,3.1,1.3,1,0,1,5.5,0,5.5,4.7,1,0,1,0,-2.5,-0.2,4.1,2,0.2,1,0,-4.1,-1,6,1,0,1,0.5,-4.2,-1.3,4.8,1,0.5,1,0,-4.1,-0.7,4,1,0.4,1,0,-8.1,2.9,1.1,0,1,1,0,-3,4.1,1.5,9,1,1,0,-1.7,3.9,1.3,1,0,1,5,4.8,7,4.9,1,0,1,0,0.2,5.6,4.4,1,1,1,0,0.5,5.4,4.7,1,0.6,1,0,-2.3,1,4,1,0.8,1,0,-0.7,1.6,5,1,0.2,1,0,-1.7,5.6,4.2,0,1,1,0,-2.7,6.5,3.9,1,1,1,0,-3.9,4.9,2.9,1,1,1,0,0.2,6.9,3.2,0,0.9,1,0,0.9,5.4,3.6,1,1,1,0,-1.7,5.4,4.8,0,0.7,1,0,-3.7,3,4.6,1,1,1,0,-1.9,4.3,5.4,0,1,1,0,-4.2,3.3,2.6,1,1,1,0,-4.4,4.7,1.4,8,1,1,0,-5.7,7.2,0.9,4,1,1,0.5,1.4,7.7,1.1,3,0.6,1,3.5,2.2,6.3,3.2,1,0,1,0,-0.7,6.4,4,1,0,1,0,-1.6,5.3,4.2,1,0.4,1,0.5,1.7,5.3,4.4,1,0.3,1,0,-1,6.1,3.6,1,0.9,1,2,0.9,7.3,4,1,0.9,1,1.5,-2.1,1.4,3.8,2,0.1,1,0.5,-5.6,-2,3.9,1,0,1,0,-7.2,-1.9,2.5,1,0.1,1,1,-2.6,-1.4,2.2,1,0,1,0,-6.4,0.4,4.3,1,1,1,0,-5.6,2,4.6,1,1,1,0,-6.9,2.6,2.3,1,0.5,1,0,0.6,3.7,3.5,1,0.4,1,0,-2,6.4,1.6,1,1,1,0,-0.9,6.9,1.6,8,1,1,4,0.3,4.4,0.7,9,0,1,7.5,1.9,7.8,5.6,1,0,1,0,-0.6,3.7,6.8,1,1,1,0,-1.6,4.2,6.2,1,1,1,0,-4.6,3.5,4.4,1,1,1,0,-1.9,4.5,5.6,1,1,1,0,-2.9,3.5,4.1,1,1,1,0,-2.9,4.4,4.1,2,0.9,1,0,-5.4,3.2,4,1,1,1,0,0.6,3.8,4.6,1,1,1,0,-0.4,3.3,3,1,0.6,1,0,0.5,4.1,4.9,1,0.3,1,0,-2.3,2.2,5.2,1,1,1,0,-3.4,3.3,5.7,1,1,1,0,-5.4,3.6,3.7,1,1,1,0,-4,5.9,2.3,2,1,1,0,-5.2,7.1,0.8,2,0.7,1,0,1.4,9.3,1.3,9,0.3,1,5,1.3,3.8,1.1,9,0,1,7,1.4,5.7,5.3,1,0,1,0,-1.7,5.6,4.8,1,1,1,0,-2.1,6.6,1.5,2,1,1,0.5,-2,1.6,2.5,1,0,1,0,-2.7,1.6,6.1,1,0.1,1,0,-4.1,3.8,5.5,0,1,1,0,-3.6,5,3.7,1,1,1,0,-3.5,1.7,2.5,1,0,1,0,1,2.7,4,1,0,1,0,-2.5,5.2,5.4,0,1,1,0,-3.5,6.3,5.5,2,1,1,0,-3.8,8.5,1.8,9,0.6,1,0,0.1,9.1,1.6,9,0.5,1,4,0.7,7.7,1.6,8,0,1,2.5,4.6,8.2,2.2,10,0,1,0.5,1.9,6.3,5.6,0,0.9,1,0,-0.8,6.5,6.5,1,0.9,1,0,-5,4.6,3,1,1,1,0,-0.7,6.4,2.3,1,1,1,0,-2.3,8.7,1.7,8,1,1,0,-0.5,10.2,2.2,10,1,1,0,-1.2,9.7,0.8,3,1,1,5,5.3,8.7,1.4,9,0,1,4,3.7,9.9,3.2,1,1,1,0,2.5,10.6,4.2,1,0.7,1,0,-1.6,2.6,3.9,0,0.9,1,0,-4.7,3.8,3.7,1,1,1,0,-7.5,5.2,2.6,9,1,1,0,0.4,5.5,2.2,9,0.6,1,1.5,0.5,5.3,1,10,0,1,2,1.5,5.8,3.8,1,0,1,0,0.1,2,5.4,1,0.3,1,0.5,-2.8,2.6,4.7,1,0.4,1,0,-5.7,1.5,5.8,1,1,1,0,-2.1,2.4,5,0,1,1,0,-2.8,3.3,5.3,0,1,1,0,-4,4.5,4.6,0,1,1,0,-6.8,3.6,2.6,1,1,1,0,-3.6,5.9,2.6,1,1,1,0,-6.5,5.9,2.8,9,0.9,1,0,-2.1,6.3,2.3,9,0.3,1,0.5,-1.8,1.5,1.3,2,0,1,0,-1.2,2.2,1.9,1,0,1,0,-2.6,5,4.4,1,1,1,0,-3.5,6,4.2,1,1,1,0,-5.3,6.4,1.9,9,0.6,1,0,-1.5,7.1,2.3,9,0.5,1,2.5,-1.6,0.5,1.1,3,0,1,1.5,-1.7,1.4,3.8,0,0,1,0,-4.9,-1.8,5,1,0.9,1,0.5,-4.1,-2,3.6,1,0.2,1,0.5,-5,-2,3.3,0,0.2,1,0,-1.9,-0.8,3.5,1,0,1,0,-4.2,3.7,2.4,1,1,1,0,-2.2,3.4,2,0,0.2,1,0,-4.7,4.1,0.9,5,0.9,1,1.5,0.3,5.2,2.7,1,0.3,1,0.5,-1.6,0.3,4,1,0.4,1,0,-5.7,0.3,5.5,0,0.8,1,0,-4.9,2,4.4,1,1,1,0,0.3,2.6,4.4,1,0.7,1,0,0.3,1.5,2.6,1,0,1,0,-2.9,3.9,4.5,1,0,1,0,-6.9,5.6,1.1,9,1,1,0,-2,9.2,1.9,8,1,1,0,-1.4,5.3,0.8,9,0,1,1,1.4,6.7,1.7,2,0,1,0.5,0,3.8,3.1,1,0.2,1,0,-1.2,5.6,3.1,3,0.3,1,0,-2.2,7.2,4.4,1,1,1,0,-1.8,7.9,6.4,1,0.7,1,0,-3.9,5.9,2.8,2,1,1,0,-2.5,8.7,1.6,5,1,1,0,-3.9,8.2,2.3,8,0.6,1,0,2.2,8.5,1.9,8,0.2,1,0,2,9.1,1.7,9,0,1,2,5.7,9.3,2.2,8,0,1,3,6.1,12.3,2.1,0,0.2,1,0,0.3,11.5,3.6,1,0,1,0,-1.6,9.3,2.2,1,1,1,0,-1.2,10,3.5,1,0.8,1,0,-2.4,7.2,1.2,0,0.2,1,0,2.6,11.2,1.7,2,1,1,2,2.8,7.2,1.3,1,0,1,2,5.2,7.1,1.8,1,0,1,0.5,2.4,5.9,4.9,1,0.3,1,0,-1,4.1,5.6,1,0.2,1,0,-3.7,9,1.9,1,1,1,0,2.3,10.3,2.8,8,1,1,1.5,3,6.3,1.7,9,0,1,8,3.2,8.3,5.1,1,0,1,0,1.6,6.7,5.8,1,1,1,0,-2.1,7.8,4.8,0,1,1,0,-3,7.9,2.3,9,0.3,1,2.5,4,8.4,2.2,8,0.1,1,4.5,5.5,8.9,4.7,1,0.5,1,0,1.7,9.5,6,1,0.8,1,0,0.3,6.6,5.2,0,1,1,0,-0.2,7.4,4.9,1,1,1,0,-0.8,8.7,2,9,0.6,1,0,3.6,8.4,1.9,8,0.1,1,1,3.6,9.4,1,2,0.1,1,2,6,9.8,1.8,2,0,1,1.5,5.2,12.3,2.3,6,1,1,0,7.6,13,1.6,9,0.7,1,0,4.3,10.3,2.1,9,0,1,6.5,4.9,11.1,4,1,0,1,1,2.2,4.6,4.8,1,0.2,1,0,-3.8,1.8,5.9,1,0.3,1,0.5,-3.8,-1.6,4.1,1,0,1,0,-3,0,3.9,2,0,1,0,-4.3,3.4,3.8,1,0.5,1,0,-1.5,4.4,4.4,0,0.6,1,0,-4.3,5.9,3.6,0,1,1,0,0.4,7.7,3.6,1,0.9,1,0.5,-0.3,4.9,3.1,1,0.7,1,0.5,-2.2,6.9,4.7,1,0.3,1,0,-2.9,10.9,2.7,9,1,1,0,4.8,12.3,2,1,0.9,1,0,4.8,16.2,1.6,10,0.9,1,4,7.7,16.4,1.8,9,0.2,1,0,4.8,17.5,1.3,13,1,1,0,5.4,19.2,1.4,8,1,1,0,2.9,19.7,1.5,6,1,1,6.5,11,20.1,3.1,8,0.7,1,8,11.1,12.8,3,9,0,1,3,10.9,14.5,1.7,1,0,1,0.5,8.8,12.3,2.1,2,0,1,0,8.1,13.3,2.4,0,0.2,1,0,4.1,13.4,2.6,9,1,1,0,4.6,14.6,2.6,8,0.9,1,0,3.9,14.9,1.9,5,1,1,5.5,2.7,15.7,6.1,1,1,1,0,-0.4,7.8,5.3,1,1,1,0,-0.5,7.3,5.2,2,1,1,0,-1.9,4.9,3.6,2,1,1,0,-1,6.3,4,1,0.9,1,0,-3.2,7.1,4.9,0,1,1,0,-2,8.2,4.2,0,1,1,0,-4.4,9.9,1.4,3,1,1,0,-1.3,11.8,2.8,2,1,1,0,-3.6,14.1,3,1,1,1,0,0.1,16.1,3.2,1,1,1,0,-0.6,15.7,3.3,1,1,1,0,3.4,18.1,2.2,9,1,1,0.5,1.9,13.3,1.6,5,0.7,1,2.5,5.7,10.4,2.2,13,0,1,0,3.9,16.4,1.4,3,1,1,0,4.4,18.6,2.4,2,1,1,0,1.7,17.9,1.8,5,1,1,0,6.9,20.7,1.7,9,1,1,4,7.3,12.4,0.9,8,0,1,3.5,9.2,13.6,3.3,1,0,1,0,6,15.1,2.6,8,0.8,1,0,9,14.5,3,8,0.6,1,0.5,8.9,15,2.2,9,0,1,6.5,13.8,15.4,1.5,9,0,1,0.5,13.6,20.8,2.3,8,0.6,1,0.5,12.4,20.6,2.5,9,0.1,1,3.5,11.7,14.4,1.1,2,0,1,2,12.7,13.8,1.5,10,0,1,0,12.7,16.9,1.1,0,0,1,7,14.8,18.8,2,5,0.5,1,1.5,9.3,15,2.8,1,0,1,0.5,7.4,9.4,1.8,3,0,1,2.5,5.3,7.9,3,1,0,1,0.5,5.8,7.8,1.9,0,0,1,0,5.6,11.5,2,1,0.5,1,0,6.5,13,2,7,0.7,1,0,5.4,9.8,2.6,8,0.1,1,1.5,7.7,10.7,1.6,8,0,1,2,7.5,12.7,2.2,1,0.1,1,0,6.3,16.3,2,1,0.6,1,0,4.4,15.6,1.7,0,1,1,0,8,16.6,1.8,6,1,1,1.5,7.3,11.1,2.2,2,0,1,1.5,10.7,11.7,2.4,8,0,1,1.5,11.2,14.9,2.8,1,0,1,3,10.7,14.9,1.1,5,0,1,2,8.8,12.4,2.8,10,0.6,1,4,5.5,11.1,3.2,1,0.2,1,0,4.6,15.8,3.1,1,1,1,0,7.2,17.6,3.1,1,1,1,0.5,6.2,12.1,2.5,1,0.1,1,0,2.3,15,5.2,1,1,1,0,0,16.4,2.8,2,1,1,0,3.9,17.1,2.5,6,1,1,0.5,2.8,14.9,1.3,9,0.5,1,1,12.1,14.6,2.1,8,0,1,5.5,11.4,15.9,3.1,9,0,1,10,15.3,17.6,3.1,9,0,1,1,10.8,14.8,2.1,1,0,1,0,12,20.1,3.1,1,1,1,0,8.9,18.8,2.8,8,1,1,0,13.1,19.9,2.3,9,0.7,1,0,10.7,21.3,3.4,1,1,1,0,12.2,21.6,2.4,2,1,1,0,8,20.2,1.9,2,1,1,0,10.6,21.1,2.8,2,1,1,0,7,20.6,3,1,1,1,0,8.5,21.2,3.5,1,1,1,0,6.2,19.9,2.4,1,1,1,0,8.8,20.8,2.3,2,1,1,0,6.4,23.6,3.1,0,1,1,0,11.4,24.3,2.4,8,1,1,0,9.2,22.9,2.1,9,1,1,0,12.7,22.5,2.8,8,0.8,1,0,10.7,20.1,3.5,9,1,1,0,13.2,20.4,2,2,0.7,1,0,11.6,21.3,1.9,1,1,1,0,11.4,20.3,2.8,8,0.4,1,0,11,23.6,2.1,15,1,1,0,11.7,24.5,2.5,8,1,1,0,9.1,25.2,2.7,1,1,1,0,14.2,23.7,2.6,9,0.4,1,0,12.2,23.2,2.5,9,1,1,0,15.1,22.4,2.2,9,0.9,1,0.5,14,16.3,1.9,9,0,1,3.5,13.3,16.9,4.1,1,0,1,0,10.5,22,2.8,1,1,1,0,9,21.8,2.9,9,1,1,0,7.3,21.3,1.8,4,1,1,0,11.7,21,1.8,7,1,1,0,10.6,21.7,2.5,2,0.9,1,0,13.2,21.8,2.8,8,0.2,1,0,10.5,21.9,2.5,1,1,1,0,13.3,24.5,2.1,9,1,1,0,12.1,19.4,1.3,2,0,1,0,11.9,18.4,1.6,1,0,1,0,9.5,21.6,5.3,1,1,1,0,7.6,22.8,3.9,1,1,1,0,4.4,19.9,2.9,9,1,1,0,12.7,19.7,3,9,1,1,0,11.5,18.1,2.3,9,0,1,9.5,14.9,18.3,3.2,1,0,1,0.5,12,18.3,4,1,1,1,0,9.6,21.5,4.5,2,1,1,0,7.4,23.6,3.2,1,1,1,0,14.3,23.9,2.1,3,1,1,0.5,13.6,24.8,3,1,0.8,1,0,18.4,24,2.2,9,0.1,1,1.5,17.7,21.2,3.9,1,0.2,1,0,15,22,1.8,5,0.7,1,0,13,22.5,3,1,1,1,0,12.1,24.8,3.2,8,1,1,0,10.9,22.6,3,8,0.9,1,1,13.8,23.3,2.4,8,0.6,1,5.5,14.2,21,2.3,10,0,1,0,15.3,22.9,1.4,5,0.7,1,0,10.8,26,2.6,2,1,1,0,14.6,26.6,4.2,2,1,1,2.5,10.3,19.9,4.8,1,1,1,0,8.6,21.6,4.6,1,1,1,0,5.9,19.6,2,2,0.7,1,0,9.7,22.4,2.1,6,1,1,0,7.9,22.9,1.3,1,0.8,1,0,13.9,23.5,2.4,6,0.7,1,0,12.4,22.8,1.9,1,1,1,0,13.1,23.1,1.6,5,0.9,1,0,11.7,23.4,2.2,8,0.9,1,0,17.5,23,2.1,2,0.3,1,0,13,25.2,3.9,1,1,1,0,13.4,27.3,3.7,3,1,1,0,10.3,28,1.7,2,1,1,0,14.3,29.1,2.4,8,1,1,0,11.6,25.1,2.9,9,1,1,0,16,25.4,2,3,1,1,0,14.7,23.7,1.3,2,0.3,1,0,15.7,26,2.3,0,1,1,0,13.5,27.5,1.8,2,1,1,0,19.1,28.4,2.3,6,1,1,0,17.4,27.3,4.1,1,1,1,0,17.2,29.1,2,4,1,1,0,15.4,25.1,2.2,8,0.9,1,0,14.4,24.7,3,9,0.7,1,0,12.4,24.2,2.7,1,1,1,0,17.8,24.5,1.9,4,0.6,1,9.5,17.6,21,3,9,0,1,0.5,14.1,21.3,2.9,1,0,1,0,11.2,22,4,0,1,1,0,8.9,23.7,5.2,1,1,1,0,8.2,17.6,1.9,2,0.3,1,5,11.6,16.5,1.3,0,0,1,3,12.1,19.6,3.1,1,0.6,1,0,14.2,23.2,4.5,1,1,1,0,14.1,21.7,2.6,9,1,1,0,11.3,22.1,1.7,9,0.4,1,0,10.2,20,2.5,9,0.2,1,1,15.1,20.3,2.3,10,0,1,2,15.8,20,2.6,8,0,1,0,18,19.8,2.7,1,0,1,0,15.4,24.8,2.8,9,1,1,0,15.6,25.6,2.6,2,1,1,0,14.3,21.1,2.6,8,0,1,3.5,16.1,21.7,1.9,9,0,1,4,17.1,21.9,2.9,1,0,1,0,17.5,24.7,3,1,0.5,1,0,13.6,26.8,3.2,0,1,1,0,17.2,27.5,2.4,3,1,1,0,16.5,23.8,1.5,15,0.4,1,0,17.5,23.4,1.4,7,0,1,0,17,26.8,2.4,9,1,1,0,17.2,26.3,2.3,11,0.9,1,0,16.4,23,2.2,1,0.2,1,0,18.2,22.1,1.4,0,0,1,0,18,21.5,1.4,1,0.1,1,0,17.1,23.4,2.4,9,0.3,1,0,16.1,21.7,2.9,8,0.1,1,0,16.6,22.8,3.6,9,0.1,1,0,15.9,21,1.4,1,0,1,1,16.8,20.1,1.7,1,0,1,0.5,17,21.8,1.5,5,0.2,1,0,16.5,23.1,2.5,8,0.7,1,4,16.3,17.9,1.5,8,0,1,8.5,16.3,21.1,2.4,8,0.2,1,0,16.6,23.9,1.4,2,0.9,1,0,16.7,23.1,1.9,8,0.1,1,0,16.3,24.7,2,7,1,1,0,17,27.4,2.8,8,0.9,1,0,14.7,25.4,2.7,1,1,1,2,17.4,25.3,1.4,4,0.3,1,0,16.3,26.9,2.4,9,1,1,0,19.2,25.6,1.4,12,0.6,1,1,17.5,20.4,2.2,10,0,1,2.5,18,19.9,3.4,8,0,1,0.5,18.7,22.6,2.9,3,0.5,1,0,17.3,21.6,4.3,1,0.1,1,0,15,23.5,5.6,1,0.7,1,0,14.3,25.2,6.1,1,1,1,0,14.7,22.9,2,5,0.8,1,0,17.7,22,2.2,6,0.3,1,0,16,23.7,2.8,8,0.6,1,1.5,17.1,23.6,1.4,1,0.2,1,6,16.9,20.9,3,8,0,1,11,17.9,21.9,5.1,1,0,1,0,16.9,25.1,1.4,5,0.8,1,0,19.2,25.5,1.6,5,0.9,1,14,18.1,21.5,1.7,8,0,1,2,18.6,23.1,2.5,9,0.1,1,0,18.6,21.3,0.9,8,0,1,2,16.6,20.7,0.9,8,0,1,1.5,16.6,20.8,1.5,8,0,1,0.5,18,21.4,1.7,8,0,1,1,17.4,21,1,4,0,1,4,18.6,20.1,1.5,1,0,1,2.5,17.8,22.8,1.3,2,0.1,1,3,18.2,21.2,1.5,0,0,1,0,18.4,24.7,0.9,2,0,1,8.5,20.4,23.7,1.2,9,0,1,13.5,20.2,24.5,1.5,1,0.1,1,0.5,20.5,25.2,2,8,0.1,1,0,20.3,26.9,2.4,1,0.9,1,0,20.9,24.7,2.2,8,0.3,1,0,20.5,29.2,1.6,0,1,1,0,20.9,30.5,3.8,7,1,1,0,18.9,29.4,2,0,1,1,0,21.6,29.7,2.6,8,0.8,1,0,21.2,28.3,2.4,9,0.8,1,0,21.6,28.8,2.7,9,0.6,1,0,19.3,29.3,1.6,8,1,1,0,19.9,30.6,2.8,8,1,1,0,17,30.1,2.5,8,1,1,0,21.7,31.2,2.6,8,1,1,11,20.6,25.2,1.8,1,0.1,1,6,22.5,25.1,2.1,9,0.1,1,12,22.2,23.6,3,8,0,1,6,21.4,23.5,2.7,8,0,1,14.5,20.9,23,1.7,8,0,1,0,21,24.9,1.3,10,0.4,1,0,20.3,28,1,2,0.6,1,0,21.7,28.5,2.3,8,0.1,1,0,21,30.2,2.3,1,1,1,0,20.8,32.1,2.5,8,1,1,0,18.7,28.8,2.6,9,1,1,0,20.4,30,3.5,9,1,1,1,18.7,25.7,3,9,0.6,1,12.5,21.7,25.1,2.3,9,0.1,1,8,21.5,22.6,1.6,3,0,1,1.5,21.2,23.1,1.8,2,0,1,0,20.9,28.4,3.6,1,0.9,1,0,20.8,29.7,1.8,4,0.3,1,0,19.4,30.5,3.1,1,1,1,0,20.9,30.7,3.7,1,1,1,0,20.1,30.8,2.4,1,1,1,0,20.5,32,2.9,1,1,1,0,18.5,31.3,3.9,1,1,1,0,23.8,31.6,2.2,2,1,1,0,22.9,29.7,3,1,0.8,1,0,22.1,31.4,4,1,0.9,1,0,21.6,30,2.1,6,1,1,0,21.3,31.2,1.9,6,0.9,1,0,20.4,31,2.4,1,1,1,0,23.3,31.7,3.1,1,1,1,0,21.7,32.5,1.7,6,1,1,0,22.9,32.2,1.8,8,1,1,0,21,32.2,1.7,3,1,1,0,23.3,34.5,2.2,8,1,1,0,21.5,32.4,1.6,1,1,1,0,25.5,33.7,2.6,8,1,1,0,22.1,31.3,2.1,2,1,1,0,24.7,32.4,2.1,8,1,1,0,22,30.5,1.3,3,0.8,1,0,24.3,32.3,3,9,0.9,1,0,20.7,30.8,2.3,8,1,1,0,22.5,31.4,2.4,3,0.8,1,0,21.3,30.7,1.6,6,1,1,0,23.7,30,2.2,5,0.7,1,0,23.5,31.6,2.4,1,1,1,18,20.1,32.1,3.6,1,0.6,1,0,19.7,29.3,2.6,9,1,1,1,22.7,31.2,2.7,8,0.8,1,0,21.5,29.2,2.2,1,1,1,19.5,22.2,30.6,2.1,8,0.9,1,0,22.1,29.8,2.1,15,1,1,0,22.9,28.8,2.1,8,0.4,1,0,22.1,30.6,2.4,0,1,1,0,20.5,31.4,1.8,4,1,1,0,18.9,30.8,1.6,6,1,1,0,21.8,30.6,1.8,6,0.9,1,11.5,20.6,26.1,3.1,9,0.9,1,8,23,27.1,3.4,8,0.9,1,1,22.3,28.1,1.3,5,0.8,1,0,21,29.6,2.4,1,0.9,1,0,19.7,29.1,2.3,1,1,1,0,19,30.2,1.9,4,1,1,0,17.4,28.5,1.4,9,1,1,6,21.6,28.9,2,6,0.4,1,26.5,19.9,23.3,2.6,8,0,1,2,21.7,24.4,1.9,9,0,1,0,21,28.1,1.7,15,1,1,0,20.9,29.3,2,9,1,1,0,20.5,27.5,1.7,2,0.2,1,0,21.3,27.5,1.4,7,0.2,1,5,20.9,23.4,0.9,6,0,1,0,21,24,1.4,1,0,1,0,20.7,25.9,2.3,1,0.7,1,12,21.9,25.1,1,9,0.2,1,0,20.8,27.5,2.1,1,0.4,1,0,22.1,27.7,2.8,1,0.9,1,0,21.2,29.2,1.9,1,0.8,1,0,22.5,29.3,2.2,5,1,1,0,19.7,25.9,1.8,6,0.9,1,2,21.1,28.3,2.2,5,1,1,0,20.2,22.1,3.3,9,0,1,3.5,19.8,24.3,3.8,9,0.3,1,9,19.7,25.9,3.5,9,0.8,1,3.5,20.4,25.7,3.4,9,0.6,1,13,20.5,24.9,1.4,8,0.1,1,0,21,27.1,2.5,8,0.8,1,3.5,20.8,26.5,1.2,8,0.8,1,5,20.4,22.9,1.3,5,0,1,8.5,19.9,22.5,2,8,0,1,1,20.5,24.1,1.4,9,0.3,1,4,20.1,22.4,2,8,0,1,18,21,22.9,1.1,9,0.1,1,0.5,21,24.7,1.5,1,0.3,1,0,19.8,26.3,1.9,1,0.3,1,2.5,19.6,23.9,3,9,0.4,1,4.5,20.7,23,3.1,9,0.1,1,2,21,23.9,1.6,0,0.3,1,0,18.1,26.4,1.7,4,0.9,1,0,17.8,23.3,1.2,10,0.2,1,8.5,19.6,22.7,1.6,8,0,1,0.5,19.4,24.2,3.3,0,0.7,1,0,16.6,25.1,2.2,1,1,1,0,15.5,25.8,1.3,10,1,1,0,18.1,25.3,1.1,8,0.3,1,1.5,17.3,21.2,1,2,0,1,7.5,18.8,21,1.9,8,0,1,0.5,19.7,23.9,3.4,1,0.3,1,26.5,20.3,24.7,0.8,8,0,1,4.5,19.4,20.5,1.3,9,0,1,10.5,18.1,20.9,0.8,13,0,1,10.5,17.8,22.1,3.3,9,0.1,1,0.5,17.9,21.6,4.3,9,0.5,1,0,17.9,26.7,1.7,1,1,1,0,18.1,26.8,2.2,1,0.9,1,0,15,23,3.4,1,1,1,0,13.5,24.4,3.6,2,0.9,1,0,12.4,25.4,1.7,10,1,1,0,15.7,25.9,2,8,1,1,0.5,14.8,23.3,3.1,1,0.2,1,0,13.4,23.5,3.4,1,0.9,1,0,10.5,25.1,1.6,8,1,1,0,15.5,25.8,1.7,9,1,1,0,14.5,23.3,1.5,9,1,1,0,16.9,25.7,1.5,3,0.8,1,0,16.1,21.7,1.6,2,0.9,1,1,17.2,19.6,0.8,9,0,1,4.5,16.7,19,0.8,11,0,1,15.5,18.6,20.6,1.2,10,0,1,1.5,17.4,20.9,1.6,2,0,1,0,15.5,22.4,1.2,5,0.7,1,0,15.7,23.6,2.2,1,1,1,0,15,24.7,2.4,0,1,1,0,14.6,24.9,2.2,1,1,1,0,17.2,25.6,1.8,5,0.9,1,0,15.6,25,2.2,1,0.9,1,0,16.4,24,2.2,6,0.6,1,0,16.2,25.2,1.4,5,1,1,0,18,25.3,1.6,1,0.8,1,0,15.4,22.9,1.2,3,1,1,0,14.6,23,1.2,10,0.2,1,0,14.5,19.4,1.2,2,0,1,1,15.4,18.1,1.2,1,0,1,8.5,16.3,19.9,1.1,12,0,1,1.5,17.9,19.8,1.1,1,0,1,0.5,17.9,23.6,1.2,4,0.5,1,0,18.2,23.4,1.4,0,0.4,1,0,17.9,22.8,1.3,0,0.1,1,0,17,24.2,1.6,5,0.7,1,0,16.7,24.1,1.9,5,1,1,0,14.6,25.9,2.1,9,1,1,0,14.2,24,3.8,1,1,1,0,10,24.3,4.1,2,1,1,0,7.8,20.4,1.7,1,1,1,0,11.2,20,1.4,8,0.5,1,1.5,10.5,17.2,0.9,9,0,1,3,16.9,20,2.6,9,0,1,27.5,18.2,22.7,5,1,0.9,1,0,10,22.6,4.5,1,1,1,0,8.1,21.8,3.8,1,1,1,0,10.3,22.5,3.3,1,1,1,0,8,22.2,2.5,1,1,1,0,10.6,23.3,4,2,1,1,0,10.3,20.5,2,8,0.9,1,0,13,20.1,1.7,4,0.3,1,0,10.9,21,2.5,1,1,1,0,11.7,20.3,2.9,2,0.7,1,0,10.3,20.1,2.7,1,1,1,0,6.8,21.4,2.3,1,1,1,0,5.4,19.5,3.7,1,1,1,0,9,19.9,5.5,1,1,1,0,7.1,19.7,3.6,1,1,1,0,9.2,20.8,2.3,5,1,1,0,7.6,16.4,1,9,0,1,1,12.9,17.2,1.4,9,0,1,7,14,17.1,3.2,9,0,1,0,11.1,17.1,2,1,0,1,0.5,9.2,16.9,2.7,1,1,1,0,9.8,17.7,3.5,1,0.9,1,0,7.8,17.6,3.3,2,0.7,1,0,7,17.4,5,1,1,1,0,4.5,18.5,1.8,3,1,1,0,6.8,20.1,1.6,8,1,1,0,5,18.8,1,12,1,1,0,9.9,19.1,2.6,1,0.7,1,0,7.4,21.1,1.7,9,1,1,0,10.6,20.9,2.2,1,0.6,1,0,9.7,21.7,1.8,8,1,1,1,13.3,20.8,1.3,6,0.2,1,0,10.3,22.3,1.2,5,1,1,0,10.8,22.8,1.9,8,1,1,0,8.5,21.5,2,9,1,1,0,10.8,20.9,1.9,7,0.8,1,0,10.2,20.2,1.4,0,1,1,0,11,20.6,1.4,8,1,1,0,8.9,22.1,2,9,1,1,0,13.5,22.2,1.9,9,1,1,0,10.5,21.6,2.7,1,1,1,0,11.5,21.1,1.7,8,1,1,0,11.2,18.5,0.6,9,0.8,1,0,11.5,20.4,1.5,5,1,1,0,8.9,20.7,1.4,6,1,1,0,10.3,20.9,2.5,2,0.8,1,0,9.6,16.4,5.1,0,1,1,0,1.8,16.7,4.8,1,1,1,0,-0.4,17.4,2.4,8,1,1,0,6.5,18.1,2.1,2,1,1,0,5,18.3,0.7,5,0.6,1,0.5,12.3,19.6,2,9,0.2,1,2.5,13.5,19.5,3.6,1,1,1,0,6.4,19.2,4.3,2,0.7,1,0,5.3,16.8,3.8,1,1,1,0,6.6,17.4,4.2,1,1,1,0,4.5,15.4,3.8,1,1,1,0,6.3,15.8,4.8,0,0.9,1,0,4.2,13.6,2.5,1,1,1,0,1.5,13.8,3.9,1,1,1,0,0,13.7,1.8,10,1,1,0,8.2,14,1.4,9,0.3,1,5,8.3,11.1,0.9,10,0,1,0.5,9.3,13,3.1,1,0,1,0,7.3,15.2,4.3,1,1,1,0,5.2,16.4,3.5,1,1,1,0,3.6,17.2,1.1,9,1,1,0,5.7,17.9,1.5,8,1,1,0,3.6,17.9,1.5,9,1,1,0,7,17.9,1.7,8,1,1,0,6.9,20.2,1.4,0,1,1,0,10.4,20.6,1.6,9,1,1,0,8.1,18,1.8,9,0.8,1,0,11.9,17.1,1,9,0,1,1.5,11.8,14.3,1.8,9,0,1,4.5,14.3,15.8,1.2,8,0,1,5,15.2,18.2,1.6,2,0,1,0.5,15.2,18.6,1.2,2,0,1,1.5,14.7,17.4,2.2,2,0.1,1,0,8.3,18.4,2.6,0,0.5,1,0,6.6,15.3,2.5,9,1,1,0,7.2,15.7,1.4,7,0.8,1,0,6,15.1,1.2,12,0.8,1,0,6.7,15.3,2,1,0.6,1,0,4.5,14.4,1.5,9,0.3,1,0,10.8,14.8,2.3,9,0,1,0.5,12.9,14.7,3.1,9,0,1,2,13.6,15.1,2,10,0.1,,,,,,,,,,,,,,,,,,,,,,,,,,,,,,,,,,,,,,,,,,,,,,,,,,,,,,,,,,,,,,,,,,,,,,,,,,,,,,,,,,,,,,,,,,,,,,,,,,,,,,,,,,,,,,,,,,,,,,,,,,,,,,,,,,,,,,,,,,,,,,,,,,,,,,,,,,,,,,,,,,,,,,,,,,,,,,,,,,,,,,,,,,,,,,,,,,,,,,,,,,,,,,,,,,,,,,,,,,,,,,,,,,,,,,,,,,,,,,,,,,,,,,,,,,,,,,,,,,,,,,,,,,,,,,,,,,,,,,,,,,,,,,,,,,,,,,,,,,,,,,,,,,,,,,,,,,,,,,,,,,,,,,,,,,,,,,,,,,,,,,,,,,,,,,,,,,,,,,,,,,,,,,,,,,,,,,,,,,,,,,,,,,,,,,,,,,,,,,,,,,,,,,,,,,,,,,,,,,,,,,,,,,,,,,,,,,,,,,,,,,,,,,,,,,,,,,,,,,,,,,,,,,,,,,,,,,,,,,,,,,,,,,,,,,,,,,,,,,,,,,,,,,,,,,,,,,,,,,,,,,,,,,,,,,,,,,,,,,,,,,,,,,,,,,,,,,,,,,,,,,,,,,,,,,,,,,,,,,,,,,,,,,,,,,,,,,,,,,,,,,,,,,,,,,,,,,,,,,,,,,,,,,,,,,,,,,,,,,,,,,,,,,,,,,,,,,,,,,,,,,,,,,,,,,,,,,,,,,,,,,,,,,,,,,,,,,,,,,,,,,,,,,,,,,,,,,,,,,,,,,,,,,,,,,,,,,,,,,,,,,,,,,,,,,,,,,,,,,,,,,,,,,,,,,,,,,,,,,,,,,,,,,,,,,,,,,,,,,,,,,,,,,,,,,,,,,,,,,,,,,,,,,,,,,,,,,,,,,,,,,,,,,,,,,,,,,,,,,,,,,,,,,,,,,,,,,,,,,,,,,,,,,,,,,,,,,,,,,,,,,,,,,,,,,,,,,,,,,,,,,,,,,,,,,,,,,,,,,,,,,,,,,,,,,,,,,,,,,,,,,,,,,,,,,,,,,,,,,,,,,,,,,,,,,,,,,,,,,,,,,,,,,,,,,,,,,,,,,,,,,,,,,,,,,,,,,,,,,,,,,,,,,,,,,,,,,,,,,,,,,,,,,,,,,,,,,,,,,,,,,,,,,,,,,,,,,,,,,,,,,,,,,,,,,,,,,,,,,,,,,,,,,,,,,,,,,,,,,,,,,,,,,,,,,,,,,,,,,,,,,,,,,,,,,,,,,,,,,,,,,,,,,,,,,,,,,,,,,,,,,,,,,,,,,,,,,,,,,,,,,,,,,,,,,,,,,,,,,,,,,,,,,,,,,,,,,,,,,,,,,,,,,,,,,,,,,,,,,,,,,,,,,,,,,,,,,,,,,,,,,,,,,,,,,,,,,,,,,,,,,,,,,,,,,,,,,,,,,,,,,,,,,,,,,,,,,,,,,,,,,,,,,,,,,,,,,,,,,,,,,,,,,,,,,,,,,,,,,,,,,,,,,,,,,,,,,,,,,,,,,,,,,,,,,,,,,,,,,,,,,,,,,,,,,,,,,,,,,,,,,,,,,,,,,,,,,,,,,,,,,,,,,,,,,,,,,,,,,,,,,,,,,,,,,,,,,,,,,,,,,,,,,,,,,,,,,,,,,,,,,,,,,,,,,,,,,,,,,,,,,,,,,,,,,,,,,,,,,,,,,,,,,,,,,,,,,,,,,,,,,,,,,,,,,,,,,,,,,,,,,,,,,,,,,,,,,,,,,,,,,,,,,,,,,,,,,,,,,,,,,,,,,,,,,,,,,,,,,,,,,,,,,,,,,,,,,,,,,,,,,,,,,,,,,,,,,,,,,,,,,,,,,,,,,,,,,,,,,,,,,,,,,,,,,,,,,,,,,,,,,,,,,,,,,,,,,,,,,,,,,,,,,,,,,,,,,,,,,,,,,,,,,,,,,,,,,,,,,,,,,,,,,,,,,,,,,,,,,,,,,,,,,,,,,,,,,,,,,,,,,,,,,,,,,,,,,,,,,,,,,,,,,,,,,,,,,,,,,,,,,,,,,,,,,,,,,,,,,,,,,,,,,,,,,,,,,,,,,,,,,,,,,,,,,,,,,,,,,,,,,,,,,,,,,,,,,,,,,,,,,,,,,,,,,,,,,,,,,,,,,,,,,,,,,,,,,,,,,,,,,,,,,,,,,,,,,,,,,,,,,,,,,,,,,,,,,,,,,,,,,,,,,,,,,,,,,,,,,,,,,,,,,,,,,,,,,,,,,,,,,,,,,,,,,,,,,,,,,,,,,,,,,,,,,,,,,,,,,,,,,,,,,,,,,,,,,,,,,,,,,,,,,,,,,,,,,,,,,,,,,,,,,,,,,,,,,,,,,,,,,,,,,,,,,,,,,,,,,,,,,,,,,,,,,,,,,,,,,,,,,,,,,,,,,,,,,,,,,,,,,,,,,,,,,,,,,,,,,,,,,,,,,,,,,,,,,,,,,,,,,,,,,,,,,,,,,,,,,,,,,,,,,,,,,,,,,,,,,,,,,,,,,,,,,,,,,,,,,,,,,,,,,,,,,,,,,,,,,,,,,,,,,,,,,,,,,,,,,,,,,,,,,,,,,,,,,,,,,,,,,,,,,,,,,,,,,,,,,,,,,,,,,,,,,,,,,,,,,,,,,,,,,,,,,,,,,,,,,,,,,,,,,,,,,,,,,,,,,,,,,,,,,,,,,,,,,,,,,,,,,,,,,,,,,,,,,,,,,,,,,,,,,,,,,,,,,,,,,,,,,,,,,,,,,,,,,,,,,,,,,,,,,,,,,,,,,,,,,,,,,,,,,,,,,,,,,,,,,,,,,,,,,,,,,,,,,,,,,,,,,,,,,,,,,,,,,,,,,,,,,,,,,,,,,,,,,,,,,,,,,,,,,,,,,,,,,,,,,,,,,,,,,,,,,,,,,,,,,,,,,,,,,,,,,,,,,,,,,,,,,,,,,,,,,,,,,,,,,,,,,,,,,,,,,,,,,,,,,,,,,,,,,,,,,,,,,,,,,,,,,,,,,,,,,,,,,,,,,,,,,,,,,,,,,,,,,,,,,,,,,,,,,,,,,,,,,,,,,,,,,,,,,,,,,,,,,,,,,,,,,,,,,,,,,,,,,,,,,,,,,,,,,,,,,,,,,,,,,,,,,,,,,,,,,,,,,,,,,,,,,,,,,,,,,,,,,,,,,,,,,,,,,,,,,,,,,,,,,,,,,,,,,,,,,,,,,,,,,,,,,,,,,,,,,,,,,,,,