1290,47401,95,0,1,3.2,10,0,33,0,1.6,3.1,10,0.6,32,0,2.2,2.4,11,0.8,32,0,2.7,3.5,11,0.9,32,0,3,3.2,12,1,32,0,3,2.9,10,0.8,32,2,31,0,1.5,4.4,9,0,0,1.6,3.6,9,0,0,1.9,3,8,0,0,2.4,2.4,8,0,0,2.8,2,8,0,0,3,1.6,8,0.1,3,31,0,1.4,3.6,10,0.3,0,2.1,3.3,10,1,0,3,3.7,11,1,0,3.3,4,11,0.9,0,2.8,4.3,11,0.6,0,3.5,2.7,11,0.7,47402,95,0,0.1,4.2,10,0.3,86,0,1,5.6,10,1,86,0,2.2,6.1,10,1,86,0,3,7.1,10,1,86,0,3.2,5.8,11,1,86,0,3.4,4.4,10,0.9,86,5,127,0,-0.1,3,10,0,0,145,0,0.2,2.7,9,0.1,0,145,0,1.1,4.1,9,0.7,0,145,0,1.9,4.1,10,0.8,0,145,0,1.5,2.9,10,0.1,0,145,0,2,3.1,10,0.1,0,144,1051,127,0,0.6,3.4,9,0,0,140,0,0.4,3.4,10,0,0,140,0,1.6,4.1,9,0.8,0,140,0,2.5,3.9,9,0.6,0,140,0,2.4,4.5,10,0.3,0,139,0,2.3,3.8,11,0.5,0,138,1054,127,0,0.1,4.5,10,0,0,57,0,1.1,5.5,10,0.6,1,58,0,1.4,4.9,10,0.2,0,58,0,1.8,4.7,10,0.1,0,58,0,2,4.4,9,0.4,0,58,0,1.7,4.5,8,0.8,0,56,1203,127,0,0,2.6,10,0.2,0,90,0,1.1,3.7,10,1,0,90,0,2.1,3.2,10,0.7,0,90,0,2.7,3.1,11,1,0,90,0,2.7,3.7,11,0.9,0,89,0,2.9,3.3,10,0.9,0,88,1284,31,0,0.4,4.2,10,0,0,0.6,4.7,10,0.7,0,1.9,6.5,11,1,0,1.1,4.1,12,1,0,1.4,5.6,12,1,0,2,7.4,11,1,1285,127,0,-0.9,4.4,10,0.2,0,62,0,0.7,5.3,10,1,0,62,0,2,6.5,11,1,0,62,0,2.8,6.3,11,0.9,0,62,0,2.9,6.5,11,0.8,0,62,0,2.3,5.2,12,0.5,0,62,1512,14,1,6.6,9,1.4,7.9,10,1.6,7.3,10,2,6.3,10,2.3,5.7,10,2,4.5,10,1528,110,0.1,4.9,10,0,34,0.5,6.6,10,1,35,1.5,5.5,10,0,34,1.6,6,11,0,34,2.7,6,12,0,34,2,3.9,11,0,34,1546,31,0,1,4.1,10,0,0,1.5,5,10,0.3,0,1.5,3.6,10,0.3,0,1.7,2.6,10,0,0,2.1,3.7,11,0.4,0,1.9,1.8,9,0,1573,1,0,0,0,0,0,0,6,127,0,-3.5,2.6,5,0,0,119,0,-3.5,2.8,6,0,0,119,0,-3.4,3,5,0,0,119,0,-2.3,2.5,5,0.1,0,119,0,-1,3,5,0.2,0,119,0,0.5,3,5,0.2,0,118,8,127,0,-4,1.7,8,0,0,100,0,-4.3,1.7,10,0,0,100,0,-4.1,1.7,10,0,0,100,0,-3,0.3,14,0.1,0,100,0,-0.6,2.4,10,0.6,0,100,0,0.6,4.1,9,0.7,0,100,9,1,0,0,0,0,0,0,10,127,0,-4,2.3,14,0,0,89,0,-4,1.5,14,0,0,89,0,-2.6,1.8,15,0,0,89,0,0.1,2.9,11,0.6,0,89,0,0.9,2.3,11,0.9,0,89,0,1,2.6,11,0.5,0,89,11,31,0,-7.7,2.5,8,0,0,-6.7,2.9,7,0,0,-4.9,3,7,0.3,0,-1,1.4,8,1,0,1,2.6,10,1,0,1.7,2,10,1,15,127,0,-15.2,0.6,5,0,0,86,0,-12,0,16,0.7,0,86,0,-9.2,0.2,16,0.8,0,85,0,-6.2,1.8,13,0,0,85,0,-2.4,3.4,12,0.4,0,85,0,-1.1,3.3,13,1,0,85,47407,95,0,-13.5,0.5,5,0,67,0,-11.1,0.8,5,0.3,66,0,-9.6,0.9,3,0.4,66,0,-6.8,0.7,12,0.1,66,0,-3.7,0.9,4,1,66,0,-2.6,0.6,11,1,66,17,1,0,0,0,0,0,0,20,1,0,0,0,0,0,0,21,127,0,-18.1,0.1,16,0,0,56,0,-16.7,1,4,0.4,0,56,0,-13.9,0.2,16,1,0,56,0,-11.8,1.2,3,1,0,56,0,-9.5,0.7,3,1,0,56,0,-7.4,1.7,4,1,0,56,1047,31,0,-11.8,1.3,3,0.4,0,-11,1.3,4,0.9,0,-8.6,0.9,4,0,0,-5.5,1.1,4,0.2,0,0,0.9,6,0.9,0,0.7,0.9,11,0.6,1048,31,0,-13.7,1.5,0,0.5,0,-13.8,0.6,0,1,0,-9.6,0.5,1,0.7,0,-6.5,0.3,9,0.1,0,-4.5,0.2,16,0.6,0,-3.6,1.2,10,1,1049,97,0,0,100,0,0,100,0,0,100,0,0,100,0,0,100,0,0,100,1052,127,0,-16,1,3,0.4,0,77,0,-14.2,0.2,16,1,0,77,0,-10,0.3,10,1,0,77,0,-5.6,0.9,9,0.7,0,77,0,-2.1,0.5,7,1,0,77,0,0.8,0.1,16,1,0,77,1055,127,0,-8.7,1.4,6,0.3,0,76,0,-5.6,2.2,6,0.9,0,76,0,-3.9,2.2,7,0.1,0,76,0,-2.1,3.5,7,0.5,0,76,0,-1,2.4,8,1,0,76,0,0.8,2.3,8,1,0,76,1184,31,0,-13.7,0.6,7,0.4,0,-10.9,0.5,6,1,0,-11.1,1.4,14,1,0,-9,1,0,0.9,0,-6.7,0.6,15,1,0,-5.2,1.5,15,1,1185,31,0,-12.2,1.8,5,0.4,0,-9,2.2,5,1,0,-4.7,2.3,5,1,0,-6.5,0.4,7,1,0,-0.8,0.6,1,1,0,-0.9,1.6,13,1,1188,127,0,-17.1,0,16,0.1,0,64,0,-13.6,0.3,9,1,0,64,0,-11.1,0.8,11,1,0,64,0,-6.3,1.6,12,1,0,64,0,-1.7,1.4,12,1,0,64,0,-0.3,2.2,13,1,0,64,1189,127,0,-17.9,0,16,0,0,66,0,-14.8,0.1,16,0,0,66,0,-12.2,0.2,16,0,0,66,0,-10,0.1,16,0.4,0,65,0,-3.4,0,16,0.9,0,65,0,0.2,1.2,3,1,0,65,1190,31,0,-16,0.6,15,0,0,-14,1.2,0,0.5,0,-10.6,0.3,6,1,0,-9.5,0.1,16,0.9,0,-6.6,1.1,10,1,0,-3.7,0.8,10,1,1191,31,0,-14.9,0,16,0,0,-13.3,0,16,0,0,-10.8,0,16,0,0,-7.9,0.7,15,0.2,0,-5.3,1,14,1,0,-2.3,0.3,12,0.8,1197,127,0,-1.9,2.6,7,0,0,160,0,-1.6,2.5,7,0,0,160,0,-0.8,4.7,8,0.3,0,160,0,0,4.2,8,0.6,0,160,0,0.8,3.7,8,0.1,0,160,0,2.5,2.8,8,0.4,0,160,1201,31,0,0.4,2.6,8,0,0,0.9,2.9,8,0,0,1.5,3.7,9,0,0,1.2,4,9,0,0,1.4,3.4,9,0.2,0,2.4,3.8,10,0.2,1280,31,0,-17.2,0,16,0.4,0,-13.6,0,16,1,0,-9.9,0.9,1,1,0,-5.5,0.8,1,1,0,-1.3,1.5,0,1,0,0,1.5,1,1,1458,110,-14.6,2,6,0,55,-11,2.2,7,0,55,-8.7,0.1,16,0,55,-7.3,1.5,14,0,55,-6.5,1.5,15,0,55,-4.4,2,14,0,55,1570,1,0,0,0,0,0,0,1572,1,0,0,0,0,0,0,1574,1,0,0,0,0,0,0,1053,127,0,-14.5,0,16,0,0,163,0,-12.7,0.1,16,0,0,163,0,-10.8,0.6,8,0,0,163,0,-8,0.8,8,0.8,0,163,0,-3.5,1.6,5,1,0,163,0,-0.5,1.1,5,1,0,163,1279,127,0,-3.2,2.5,9,0,0,206,0,-3,2.5,9,0,0,206,0,-2.2,1.8,9,0,0,205,0,-0.7,2.7,8,0.1,0,205,0,-0.1,2.9,8,0.3,0,205,0,0.2,2.2,9,0.2,0,205,24,127,0,1.7,5.5,10,0,0,76,0,1.7,6.7,10,0,0,76,0,0.8,7.6,9,0,0,76,0,0.6,6.8,9,0,0,76,0,0.4,7.6,9,0.3,0,76,0,0.6,7.1,9,0.3,0,76,25,31,0,0.9,2.3,8,0,0,1.1,3.3,8,0,0,0.2,3.8,8,0,0,0.6,3.9,8,0,0,1.5,4.3,9,0.4,0,1.9,4.1,9,0.3,47404,95,0,0.1,2.1,7,0,79,0,0.5,3.5,9,0,79,0,0.3,5.6,9,0,79,0,1.6,4.6,8,0,78,0,1.6,4.2,8,0,78,0,2.8,4.4,9,0.3,78,47406,95,0,-6.4,6.3,5,0,84,0,-6,6.9,5,0.6,84,0,-4.1,6.2,5,0.2,84,0,-2,7.4,5,0.9,84,0,-0.8,6.8,5,0.4,84,0,0.2,5.4,5,0,84,28,31,0,-4.9,3.1,6,0.2,0,-0.7,5,8,0.9,0,1.1,4.6,8,0.7,0,2.6,2.8,9,1,0,2.5,1.4,10,0.2,0,2.8,4.1,12,0.3,1112,97,0,0,100,0,0,100,0,0,99,0,0,99,0,0,99,0,0,99,1213,31,0,1.6,7.9,10,0,0,1.3,8.4,9,0,0,1.5,8.1,9,0.1,0,1.7,6.7,9,0.3,0,1,7.4,9,0.2,0,1.3,6.7,9,0.2,1216,127,0,0.5,3.1,8,0,0,62,0,0.8,4.6,8,0,0,62,0,0.3,5.5,9,0,0,62,0,1,4.2,8,0,0,62,0,1.1,5.5,9,0,0,62,0,1.6,4.2,9,0.2,0,62,1217,31,0,-4.9,1.4,1,0,0,-3.9,0.9,3,0,0,-1.1,1.2,6,0.1,0,0.6,1.4,8,0.4,0,1.1,1.7,7,0,0,1.4,2.8,7,0.2,1218,127,0,-17.5,1.2,8,0,0,182,0,-14.5,1.4,7,0.2,0,182,0,-10.7,0.9,6,1,0,182,0,-4.7,2.4,8,1,0,182,0,-3.5,1.2,5,0.6,0,182,0,-0.3,1.1,5,0.1,0,181,30,29,0,1.1,2,0,0,1,2,0,0,0.3,3,0.6,0,1.4,4,1,0,1.6,15,1,0,1.5,0,1,31,31,0,-10.8,1.4,5,0,0,-8.9,1.5,5,0.7,0,-6.6,3.1,5,1,0,-2.9,3.5,5,1,0,-0.6,2.7,4,1,0,1.1,3.3,5,1,32,1,0,0,0,0,0,0,47412,95,0,-5.9,1.3,7,0.3,94,0,-5.1,0.3,12,1,94,0,-2.9,1.7,7,1,94,0,-0.6,2.1,5,1,93,0,1.2,3.6,5,1,93,0,2,2,5,1,93,34,97,0,0,117,0,0,117,0,0,117,0,0,117,0,0,117,0,0,117,35,127,0,-15.5,0,16,0.1,0,70,0,-12,0.5,11,1,0,70,0,-10.3,0.3,3,1,0,70,0,-8.8,0.4,2,1,0,70,0,-3.1,0.6,10,1,0,70,0,1.3,1.4,7,1,0,70,37,31,0,-2.3,1.9,11,0,0,-1.5,2.4,12,1,0,-0.5,1.1,11,1,0,0.7,1.2,7,1,0,1.5,1,10,0.8,0,1,1.1,6,0.8,1085,127,0,-11.4,1.7,5,0,0,140,0,-9.1,1.5,4,0.2,0,140,0,-7.5,3.5,5,1,0,140,0,-6.6,2.5,6,1,0,140,0,-4.9,2.3,5,1,0,140,0,-0.6,2.3,6,1,0,140,1193,31,0,-2.5,1.1,4,0.1,0,-1.8,1.5,7,0.8,0,0.9,1.4,6,0.4,0,2.2,2.4,8,0.8,0,2,2.8,10,1,0,1.8,3,12,0.6,1194,127,0,-9.6,2.8,5,0.3,0,131,0,-6.9,2.8,5,1,0,131,0,-3.4,2.4,5,0.8,0,131,0,1.2,2.3,4,0.9,0,131,0,1.5,2.4,4,0.7,0,131,0,1.8,1.9,4,0.5,0,131,1459,111,0,-13.9,0.4,8,0,41,0,-10.2,1.6,7,0,41,0,-4.8,3,15,0,41,0,-2.6,1.9,1,0,41,0,0.6,1.2,5,0,41,0,1.8,1.3,6,0,41,1507,31,0,-17.5,0.5,4,0,0,-15.3,0.1,16,0,0,-11.2,0.5,2,0.9,0,-7.2,1.3,5,1,0,-5.6,0.2,16,1,0,-2.4,0.4,12,1,38,31,0,-14.7,0,16,0.1,0,-13.6,0.6,13,0.1,0,-10.4,0.4,5,0.3,0,-10.1,0.9,12,0.8,0,-7.2,0.9,12,1,0,-3.2,1,12,0.6,39,127,0,-15.7,0.1,16,0,0,91,0,-12.7,1.9,3,0,0,90,0,-11.1,1.4,9,0.5,0,90,0,-8.5,3.2,3,0.9,0,90,0,-3.5,3,2,1,0,90,0,-3.3,0.4,13,1,0,90,41,127,0,-16.1,1.2,0,0,0,103,0,-13.5,0.2,16,0,0,103,0,-9.4,0,16,0.3,0,103,0,-7.6,1.2,15,1,0,103,0,-6.4,2.2,0,0.8,0,103,0,-1.9,0.2,16,0.8,0,103,43,127,0,-11.6,2.3,6,0.3,0,76,0,-10.2,2.5,6,1,0,75,0,-7,1,7,0.8,0,75,0,-5,1.5,6,0.4,0,75,0,-1.3,1.8,8,1,0,75,0,1.9,0.7,12,0.9,0,75,44,125,0,0.6,9,0,0,84,0,0.3,14,0,0,84,0,0.8,5,0.7,0,84,0,0.4,1,1,0,84,0,1.4,2,1,0,84,0,1.7,2,0.9,0,84,47413,95,0,-10.8,0.8,13,0.4,109,0,-8,1.7,3,1,109,0,-6.4,1.1,0,1,109,0,-1,2.6,4,1,109,0,1.4,0.9,5,1,109,0,-1.6,1.3,0,1,109,47,31,0,-15.9,0,16,0.3,0,-14.4,0.3,15,1,0,-11.7,0.6,0,1,0,-5.7,0.7,2,1,0,-5.2,1.7,10,1,0,-2.2,0.4,9,1,49,127,0,-10.6,3.4,3,0,0,96,0,-9.4,3.4,4,0.9,0,96,0,-5.4,2.7,5,1,0,96,0,-1.8,1.9,7,0.9,0,96,0,-0.4,1.1,5,1,0,96,0,1,0.9,6,1,0,96,999,31,0,-12.1,1.6,15,0.2,0,-9.4,0,16,1,0,-7.9,0.6,8,1,0,-6.6,0.4,8,1,0,-2.6,0.3,14,0.7,0,0.5,0.3,10,0.5,1068,1,0,0,0,0,0,0,1287,31,0,-8.6,0,16,0,0,-8.2,0,16,0.1,0,-7.9,1.6,4,0.8,0,-6.5,1.1,4,0.2,0,-5,0.5,5,0.1,0,-0.7,1.2,4,0.9,1400,1,0,0,0,0,0,0,1401,1,0,0,0,0,0,0,1402,1,0,0,0,0,0,0,1419,1,0,0,0,0,0,0,1566,1,0,0,0,0,0,0,1567,1,0,0,0,0,0,0,51,31,0,-1.5,2,10,0,0,-0.1,1.3,6,0.3,0,1.3,1.5,8,1,0,2.6,1.6,9,0.8,0,3.2,3.9,9,1,0,3.5,2.8,11,0.9,52,127,0,-0.8,1.9,8,0.2,0,126,0,-0.3,1.1,9,0.4,0,126,0,0.9,3.3,10,0.6,0,126,0,2.1,3.4,9,1,0,126,0,3.1,3.4,9,0.9,0,125,0,3.9,3.8,10,1,0,125,47411,95,0,-4.4,1.2,9,0.3,123,0,-1,1,7,1,123,0,-1.1,1.9,4,1,123,0,-0.4,2.5,3,1,123,0,0.6,1.8,3,0.8,122,0,1,2.9,4,0.9,122,54,127,0,-7,3.7,5,0.3,0,68,0,-4.3,3.3,5,0.5,0,68,0,-1,2.2,3,0.1,0,68,0,1.3,1.6,3,0.1,0,68,0,2.1,0.3,2,0.3,0,67,0,2.3,2.4,15,0.5,0,67,55,127,0,-14.1,0.7,3,0,0,123,0,-12,1.3,9,0.9,0,123,0,-8.8,1.2,9,1,0,123,0,-4.6,0,16,0.8,0,123,0,-1.1,0.9,11,1,0,123,0,1.7,0.9,10,1,0,123,47433,95,0.5,-15.3,0.3,5,0,182,0,-14.8,0.5,2,0.2,182,0,-10.9,0.5,0,1,182,0,-7.2,0.7,4,1,182,0,-2.5,1.3,2,1,181,0,1.9,1.1,2,0.9,181,47421,95,0,-2.6,2.8,8,0,62,0,-1,1.3,6,0.8,62,0,0.1,1.2,6,1,62,0,2.8,3.3,6,1,62,0,3.3,2.4,5,1,62,0,4.2,2.7,9,1,61,60,127,0,-10.9,0.6,9,0,0,135,0,-6.9,1.5,3,0.1,0,135,0,-6.6,0.2,16,0.7,0,134,0,-3.9,0.3,5,1,0,134,0,0.8,1,1,0.9,0,134,0,1.7,0.5,14,0.8,0,133,61,127,0,-14.5,0.1,16,0,0,137,0,-11.6,0.6,6,0.7,0,137,0,-7.5,1,12,1,0,137,0,-2.2,0.3,12,0.9,0,136,0,3.1,1.1,9,1,0,136,0,4,0.5,10,1,0,135,1072,31,0,-3.7,3.4,8,0,0,-3.8,1.8,8,0.3,0,-3.1,0.1,16,0.9,0,-0.3,1.6,8,1,0,0.3,1.4,9,0.9,0,0.4,1.6,10,1,1091,97,0,0,182,0,0,182,0,0,182,0,0,182,0,0,182,0,0,181,1208,31,0,0.6,1.9,8,0,0,0.7,2.1,10,0,0,0.8,0.8,2,0.2,0,1.1,1.1,4,0.2,0,1.7,1.3,6,0.1,0,1.9,0.6,9,0,1615,1,0,0,0,0,0,0,47405,95,0,-0.5,2.7,11,0.4,68,0,1,4,10,1,68,0,2.2,5,11,1,68,0,2.6,5.2,10,1,68,0,3.4,4.4,10,1,68,0,3.7,3.7,11,0.9,68,63,31,0,-2.6,1.7,11,0.5,0,-1.5,0.6,8,1,0,2,3.8,10,1,0,2.5,4.3,10,1,0,3.4,3.8,10,1,0,3.7,3,11,1,47435,95,0,-3,2.9,9,0.5,63,0,-1.4,4,9,1,62,0,1.8,3.1,13,1,62,0,2.5,3.1,12,1,62,0,3.2,0.8,10,1,62,0,1.4,2.1,3,1,62,65,31,0,-8.2,6,10,0.6,0,-7.3,6.3,10,1,0,-5,4.9,10,1,0,-3,2.9,10,1,0,-0.9,1.2,7,1,0,0.3,1.3,6,1,66,127,0,-12.1,0.7,1,0.4,0,72,0,-9,0.5,3,1,0,72,0,-5.4,1.7,10,1,0,72,0,0,4.5,11,1,0,72,0,0.4,5.7,12,1,0,72,0,1.5,2.7,11,1,0,72,67,1,0,0,0,0,0,0,68,31,0,-11.5,1.6,9,0.6,0,-10.1,2.8,8,1,0,-9.7,1.2,10,1,0,-4.3,1.1,7,1,0,-2.5,0.1,16,1,0,0.4,0.7,1,1,69,127,0,-14.3,0,16,0.1,0,70,0,-10.6,0.9,8,1,0,70,0,-5.4,0.2,16,1,0,70,0,-2.1,0.3,9,1,0,70,0,1.2,0.8,9,1,0,70,0,3,0.9,13,1,0,70,70,127,0,-15.3,0.1,16,0.3,0,80,0,-13,0.7,9,1,0,79,0,-9.8,0.6,8,1,0,79,0,-6.9,0,16,1,0,79,0,-2.1,0.5,9,1,0,79,0,1.2,4.6,1,1,0,79,47409,95,0,-6.9,0.6,4,0.6,39,0,-5,0.5,5,1,39,0,-3.3,0.4,0,1,39,0,-3.1,1.9,15,1,39,0,-3.4,1.2,0,1,39,0,-1.7,0.9,0,1,39,72,31,0,-16.8,0.3,8,0.4,0,-13.5,0.4,8,1,0,-9.7,0.7,8,1,0,-6.5,0.7,7,1,0,1,2.7,2,1,0,1.9,1.6,14,1,73,1,0,0,0,0,0,0,74,127,0,-12.4,0.9,11,0.6,0,63,0,-9.2,1.3,10,1,0,63,0,-5.8,1.2,10,1,0,63,0,-2.5,0.5,9,1,0,63,0,0.2,1.6,3,1,0,63,0,1.9,2.2,3,1,0,63,75,31,0,-10.5,2.6,7,0.7,0,-7.8,1.7,7,1,0,-5.3,0.6,2,1,0,-2.6,0.1,16,1,0,0.7,0.7,6,1,0,0,2.1,1,1,76,127,0,-12.7,1.4,8,0.4,0,62,0,-12.7,1,15,1,0,62,0,-8.9,1.6,9,1,0,62,0,-4.4,0.8,3,1,0,62,0,-3.5,0.6,10,1,0,61,0,-2.1,1.8,0,1,0,61,77,127,0,-9.4,2.9,11,0.6,0,45,0,-7.7,1.2,10,1,0,45,0,-7,1.4,5,1,0,45,0,-3.9,0.8,6,1,0,45,0,-1.8,1.7,3,1,0,45,0,0.7,4.3,4,1,0,45,79,31,0,-13.3,1,9,0.3,0,-11,0.9,2,1,0,-9.9,0.4,8,1,0,-5.4,1,0,1,0,-1.9,1.7,0,1,0,1.2,2.6,1,1,82,127,0,-13.2,0.1,16,0.6,0,67,0,-10.6,1,5,1,0,67,0,-7.9,1,4,1,0,66,0,-2.5,0.8,13,1,0,66,0,-0.3,4,0,1,0,66,0,1.1,3.5,1,1,0,66,981,127,0,-5.5,0.2,16,0,0,147,0,-3.3,0.1,16,1,0,147,0,-0.6,0.4,2,1,0,147,0,-0.6,0.9,1,1,0,147,0,-0.4,1.4,1,1,0,147,0,0.2,1.9,1,1,0,146,1073,127,0,-3.1,1.2,11,0.3,0,98,0,-0.3,3.1,12,1,0,97,0,0.6,3.4,12,1,0,97,0,1.4,2.7,10,1,0,97,0,2.4,2.3,11,0.9,0,97,0,1.4,4.4,13,0.5,0,97,1092,127,0,-8.7,0.9,12,0.3,0,65,0,-5.7,2.6,8,1,0,65,0,-3.1,1.6,8,1,0,64,0,-1.9,4.6,13,1,0,64,0,-1.1,4.6,13,1,0,64,0,-0.8,4.6,13,1,0,64,1209,31,0,-10.2,4.2,12,0.6,0,-8.2,4.3,12,1,0,-6,0.7,12,1,0,-2.4,0.3,2,1,0,-0.9,2.4,4,1,0,-0.4,2.1,4,1,1263,1,0,0,0,0,0,0,1420,1,0,0,0,0,0,0,1460,110,-12.1,3.5,7,0,47,-10,2.6,7,0,47,-7.6,3.2,8,0,47,-4.3,0.8,4,0,47,-2.7,0.1,16,0,47,-0.6,2.3,0,0,47,1487,110,-2.8,3.9,10,0,61,-1.5,3.5,11,0,61,0,2.6,11,0,61,1.9,2,11,0,61,2.8,2.2,11,0,61,1.5,1.7,5,0,61,1568,1,0,0,0,0,0,0,1569,1,0,0,0,0,0,0,1617,1,0,0,0,0,0,0,84,127,0,-4.5,3.6,15,0.4,0,56,0,-2.1,1.1,15,1,0,56,0,-1,1.5,5,1,0,56,0,0.3,1,6,1,0,56,0,0.4,2.5,4,1,0,56,0,1.5,2,4,1,0,56,85,31,0,-12.5,1.7,11,0.8,0,-9,1.5,11,1,0,-2.7,1.1,0,1,0,-1.9,1.2,4,1,0,-1.5,1.6,4,1,0,-0.8,2.1,4,1,86,127,0,-13.9,0.1,16,0.7,0,47,0,-10,0.6,14,1,0,47,0,-3.4,0.3,15,1,0,47,0,-0.3,1.4,3,1,0,47,0,1.1,0.5,8,1,0,47,0,1,1.4,4,1,0,47,88,127,0,-14.4,0.6,13,0.6,0,51,0,-11.1,0,16,1,0,51,0,-3.6,0.1,16,1,0,51,0,-1.3,1.2,0,1,0,51,0,-0.2,1.3,2,1,0,51,0,0.7,1.7,3,1,0,51,47420,95,0,-5.6,1,13,0.7,40,0,-5,0.7,10,1,40,0,-3.7,1.3,15,1,40,0,-2.3,1.2,0,0.4,40,0,-1,1.6,13,0.6,40,0,-0.6,1.9,0,1,40,1056,31,0,-3.1,0,16,0.8,0,-1.5,0,16,1,0,-2.1,1,14,1,0,-1.1,0.2,16,0.1,0,-0.9,1.2,0,0.7,0,0.1,2.4,3,1,1196,127,0,-14.3,1.3,8,0,0,52,0,-10.8,0.3,6,0.5,0,52,0,-8.5,0.9,14,1,0,52,0,-4,0,16,1,0,52,0,-1.7,0.8,0,1,0,52,0,-0.1,1.5,14,1,0,52,1266,1,0,0,0,0,0,0,1489,110,-16,1,12,0,35,-9.9,0.3,12,0,35,-4.5,0.3,5,0,35,-1,1.5,4,0,35,1.5,0.9,3,0,35,1.3,1.2,3,0,35,1547,31,0,-6.9,1.5,0,0.7,0,-4.5,0.5,3,1,0,-1.8,0.7,2,1,0,-0.7,1.4,3,1,0,0.5,0.8,7,1,0,0.6,1.4,4,1,90,127,0,-17.2,0.4,8,0.3,0,52,0,-11.9,0,16,1,0,52,0,-7.3,0.4,2,1,0,52,0,-5.1,1.5,1,1,0,52,0,-0.9,1.2,2,1,0,52,0,1.3,2,0,1,0,52,91,127,0,-17.6,0,16,0.3,0,63,0,-16.5,0.2,16,1,0,63,0,-10.6,0.2,16,1,0,63,0,-6.3,0,16,1,0,63,0,-1,0.7,2,1,0,63,0,1.1,1,3,1,0,62,93,127,0,-15.3,0.4,6,0.6,0,7,0,-12.3,0.7,5,1,0,7,0,-9.6,1.7,4,1,0,7,0,-5.2,0.3,10,1,0,7,0,-0.5,1.5,11,1,0,7,0,1.2,0.9,12,1,0,7,95,127,0,-12,1.1,13,0.6,0,35,0,-8.1,0,16,1,0,35,0,-4.9,0,16,1,0,35,0,0,1.2,7,1,0,35,0,0.8,0.9,8,1,0,35,0,1.3,1.7,3,1,0,35,96,1,0,0,0,0,0,0,98,127,0,-10.7,2,1,0.3,0,27,0,-8.6,1.2,0,1,0,27,0,-5.4,0.7,0,0.7,0,27,0,-1.1,1.7,8,1,0,27,0,-1.4,2.7,8,1,0,27,0,-0.9,3.6,8,1,0,27,47418,95,0,-10.3,5.8,1,0.6,15,0,-8.3,3.2,2,0.8,15,0,-5.1,2.8,2,1,15,0,-1.9,0.8,1,1,15,0,-0.3,1.5,11,1,15,0,0.2,1.5,10,1,14,1107,1,0,0,0,0,0,0,1186,127,0,-11.8,0.9,0,0.1,0,25,0,-7.5,0.5,14,0.9,0,25,0,-3.6,0,16,1,0,25,0,-0.7,1.5,8,1,0,25,0,-0.1,0.7,8,1,0,25,0,1.4,0.6,8,1,0,25,1187,31,0,-11.5,2,0,0.6,0,-8.7,0.8,5,1,0,-4.8,0.4,3,1,0,-2,0.8,10,1,0,-0.1,2.7,8,1,0,0.8,2.3,8,1,1192,127,0,-9.4,1.5,0,0.2,0,41,0,-6.7,1.6,2,1,0,41,0,-5.3,1,0,0.9,0,41,0,-3.1,1.7,15,0.6,0,41,0,-0.8,1.5,15,1,0,41,0,0.5,1.9,15,1,0,41,1195,31,0,-9.8,2.2,14,0.6,0,-7.2,0.4,13,1,0,-3.4,0.5,3,1,0,-1.7,0.3,1,0.2,0,-1.2,1.9,5,0.3,0,-0.7,1.6,4,1,1283,31,0,-2.7,1.4,2,0.8,0,-2.2,2,3,1,0,-1.8,1.9,6,1,0,-1.1,1.2,7,1,0,-2.5,2.7,9,1,0,-1.7,1.1,9,1,1403,1,0,0,0,0,0,0,1417,1,0,0,0,0,0,0,1461,110,-6.4,2.7,15,0,22,-5.6,1.6,15,0,22,-4,0.9,0,0,22,-0.5,2.4,7,0,22,-0.5,2,3,0,22,1.8,0.8,0,0,22,101,127,0,-18.4,0.3,0,0.5,0,49,0,-13.8,0.9,7,1,1,50,0,-8.6,0.6,7,1,0,49,0,-4.9,0.4,5,1,0,49,0,-0.8,1.5,6,1,0,49,0,2.2,1.6,7,1,0,49,103,127,0,-15.1,0,16,0,0,67,0,-12.1,0.3,5,1,0,67,0,-8.8,0.6,4,1,0,67,0,-3.9,0.6,4,1,0,67,0,0.6,1.7,3,1,0,67,0,1.7,1.9,3,1,0,67,107,127,0,-8.4,1.8,0,0.4,0,28,0,-5.1,0.6,0,1,0,28,0,-2.7,0.8,14,1,0,28,0,-2.9,1.9,9,1,0,28,0,-2.6,1.4,6,1,0,28,0,-0.9,1.6,5,1,0,28,109,31,0,-13,1.9,15,0.5,0,-11.5,1.5,15,1,0,-8,1.4,15,1,0,-4,0.1,16,1,0,,,,0.3,,,,,,112,127,0,-12.6,1.3,1,0.3,0,20,0,-11.1,0.8,2,1,0,20,0,-8.8,0.9,2,1,0,20,0,-4.9,0.2,16,1,0,20,0,-1.6,0.2,16,1,0,20,0,1.3,0.4,1,1,0,20,113,127,0,-8.6,0,16,0.3,0,43,0,-5.6,0.3,7,1,0,43,0,-3.4,1.2,7,1,0,43,0,0.5,1.8,9,1,0,43,0,2.2,3.4,12,1,0,43,0,2.9,2.4,14,1,0,43,114,31,0,-7.9,1.8,14,0.5,0,-4.7,1.9,14,1,0,-3.9,1.5,6,1,0,0.2,3.3,13,1,0,1.2,4.9,13,1,0,1.9,5.2,13,1,115,127,0,-15.1,1,12,0.6,0,41,0,-10.4,0.2,16,1,0,41,0,-5.8,1,14,1,0,41,0,-3.2,0.8,10,1,0,41,0,-1.1,0.9,9,1,0,41,0,0.4,1.1,10,1,0,41,47417,95,0,-11.6,1.7,9,0.5,27,0,-8.9,1,9,1,27,0,-5.8,0.5,2,1,27,0,-2.3,1.1,0,1,27,0,0.8,1,9,1,27,0,2.8,1.6,8,1,27,117,31,0,-10.2,1.4,15,0.6,0,-8.9,1.1,14,1,0,-6.6,1.5,1,1,0,-3.2,1.4,2,1,0,-1.4,1.1,11,1,0,0.8,1,11,1,118,127,0,-11.3,0.3,0,0.2,0,23,0,-8.9,0,16,1,0,23,0,-4.7,0,16,0.9,0,23,0,-1.6,0.5,9,1,0,23,0,0.6,1,10,1,0,23,0,3.2,1.6,8,1,0,23,121,127,0,-13.9,2.4,15,0.6,0,46,0,-8.2,2.5,15,1,0,46,0,-7.8,1.8,14,1,0,46,0,-1.6,0.2,16,1,0,46,0,0.4,1.4,6,1,0,46,0,0.6,1.3,14,1,0,46,47440,95,0,-6.7,1.1,12,0.7,46,0,-4,0.9,15,1,46,0,-2.1,1,3,1,45,0,-1,2.2,4,1,45,0,-1.2,1.5,4,1,45,0,-1,2.1,5,1,45,1204,31,0,-13.9,0.1,16,0.5,0,-10.6,0.5,15,1,0,-7.8,0.2,16,1,0,-5.4,0.4,3,1,0,-0.7,1.9,9,1,0,1.9,2.3,9,1,1210,127,0,-9.4,2,10,0.7,0,33,0,-5.9,1.6,9,1,0,33,0,-3.3,1.1,3,1,0,33,0,-2.1,1.9,3,1,0,33,0,-2.1,2.5,1,1,0,33,0,-1.2,1.6,2,1,0,33,1211,31,0,-11.2,3.3,11,0.7,0,-7.4,2.2,11,1,0,-1.7,0,16,1,0,-3.2,1,2,1,0,-1.9,1.6,0,1,0,-1.6,0.9,1,1,1214,31,0,-10.6,2.1,15,0.6,0,-8.8,2,15,1,0,-6.2,2.6,15,1,0,-3.3,2.8,15,1,0,-1,2.3,15,1,0,-1.2,0.9,4,1,1286,31,0,-16.4,0.1,16,0.2,0,-12.5,0.1,16,1,0,-8.7,0.4,15,1,0,-3.5,0.6,0,1,0,-0.3,0.2,16,1,0,1.5,0.8,1,1,1404,1,0,0,0,0,0,0,1405,1,0,0,0,0,0,0,1409,1,0,0,0,0,0,0,1410,1,0,0,0,0,0,0,1418,1,0,0,0,0,0,0,1510,110,-14.7,0.4,10,0,46,-10.7,0.3,8,0,46,-6.4,0.3,4,0,46,-5.1,2.5,15,0,46,-2.8,2.1,15,0,46,-1.2,1.6,15,0,46,1571,1,0,0,0,0,0,0,123,97,0,0,51,0,0,51,0,0,51,0,0,51,0,0,51,0,0,50,124,31,0,-12.6,0.2,16,0.2,0,-10.3,0.3,13,1,0,-4.2,2.3,3,1,0,0.4,1,1,1,0,1,2.3,10,1,0,1.8,1.7,11,1,125,127,0,-12.7,0.8,1,0,0,43,0,-10.3,0.7,2,0.5,0,43,0,-7.1,0.1,16,1,0,43,0,-3.9,0.3,8,1,1,44,0,-0.3,0.1,16,1,0,43,0,2.5,1.4,6,1,1,44,126,31,0,-7.1,0,16,0.4,0,-4.4,0.5,5,1,0,-0.8,1.5,6,1,0,0.3,2.9,6,0.9,0,0,3,6,0.4,0,0.6,2.2,6,0.2,47424,95,0,-8.7,1.4,0,0.4,26,0,-4.4,1.1,3,1,26,0,-2.8,2.3,4,1,26,0,-0.7,2.2,3,1,26,0,0.8,2.6,6,1,26,0,1.3,3.3,6,1,26,128,127,0,-6,1.8,15,0,0,76,0,-4.3,1.3,0,0,0,76,0,0.6,1.4,15,0.7,0,76,0,2,1.3,7,0.6,0,76,0,2.2,2.1,6,0.6,0,76,0,3.7,1.5,7,0.9,0,75,130,127,0,-8.5,2,14,0.3,0,20,0,-4.9,0.9,0,1,0,20,0,-1.5,2.8,3,1,0,20,0,-0.1,3.6,3,1,0,20,0,0.2,2.8,3,0.3,0,20,0,1.1,3,3,0.6,0,19,131,31,0,-10.3,1.1,4,0.4,0,-7.4,1.2,5,1,0,-3.7,2.5,5,1,0,-0.1,2.7,6,1,0,1.9,1.7,7,1,0,2.3,1.4,9,1,132,31,0,-1.3,1,4,0,0,0.4,0.9,0,0,0,1.7,1.4,0,0.1,0,2.4,0.8,14,0.6,0,2.8,1,12,0.3,0,3.5,1.8,15,0.9,134,127,0,-1.5,1.8,11,0,0,45,0,-0.4,2,12,0.2,0,45,0,1.5,1.9,10,0.7,0,45,0,1.2,2,10,0.1,1,46,0,-0.2,1.5,5,0.2,0,46,0,1.1,1.6,6,0.4,1,47,47423,95,0,0.3,1.6,13,0.1,18,0,0.6,1.7,9,0.6,18,0,2,1.2,14,0.4,18,0,2.3,1.9,9,0.5,18,0,2.9,1.5,12,0.4,18,0,3.7,1.5,11,0.5,18,1067,127,0,-6.1,0.3,1,0,0,105,0,-2.7,1.6,10,0.2,0,105,0,-1.5,1.2,8,0.3,0,104,0,-0.1,2.6,9,0.4,0,104,0,0.5,2.4,10,0.1,1,105,0,1.1,2.9,10,0.5,0,104,1329,1,0,0,0,0,0,0,1429,1,0,0,0,0,0,0,136,31,0,-8.4,3.1,1,0.4,0,-6.5,2.8,1,1,0,-3.7,2.3,1,0.9,0,-0.8,1.7,1,1,0,2.1,0.8,5,0.9,0,2.3,2.1,9,1,137,31,0,-14.4,0.5,1,0.2,0,-11.8,0,16,1,0,-6.7,0.4,8,0.9,0,-1.7,0.5,8,0.8,0,2.1,0.9,13,1,0,2.9,1.1,0,0.6,139,1,0,0,0,0,0,0,140,127,0,-6.3,1.9,3,0.4,0,12,0,-4.7,2.8,3,1,0,12,0,-2.3,2.5,2,0.6,0,12,0,0,1.5,2,0.8,0,12,0,1.8,1.6,9,1,1,13,0,2.3,2.3,11,0.7,0,12,47426,31,0,-2.2,2.3,1,0.4,0,-0.7,2.6,0,1,0,0.6,2.7,0,1,0,2.2,3.8,13,0.6,0,1.8,5,11,1,0,1.7,3.6,12,1,1097,1,0,0,0,0,0,0,1198,31,0,-10,0,16,0,0,-8.5,0,16,0.8,0,-4.4,0.8,1,0.8,0,1,0.3,12,0.8,0,2,1.7,9,1,0,2,3.2,11,0.9,1202,127,0,-10.5,0.1,16,0,0,50,0,-8.8,0,16,0,0,50,0,-6.2,0.4,1,0.4,0,50,0,-3.1,0.6,13,1,0,50,0,0.7,1.4,9,1,0,50,0,1.6,1.5,6,1,0,50,1264,1,0,0,0,0,0,0,1276,97,0,0,60,0,0,60,0,0,60,0,0,60,0,0,60,0,0,59,1288,127,0,-13.3,0,16,0,1,56,0,-10.8,0,16,0.4,0,55,0,-6.7,0.6,2,0.7,0,55,0,-3,0.7,3,0.3,1,56,0,1.7,1.1,9,0.7,0,56,0,2.7,2.9,12,1,0,56,1340,31,0,-0.4,9.4,12,0.5,0,-0.8,10.6,11,1,0,-0.5,12.7,12,1,0,0,12.4,12,1,0,0.5,12.2,12,1,0,1.3,10.4,12,1,1430,97,0,0,37,0,0,37,0,0,37,0,0,37,0,0,37,0,0,36,143,127,0,-5.1,1.9,14,0,0,74,0,-4.3,1.8,13,0.1,0,74,0,-1.5,0.9,14,0.7,0,74,0,2.4,2.2,6,0.7,0,74,0,4.1,4.4,10,0.6,0,74,0,4.6,4.3,11,0.9,0,73,144,127,0,-4.3,1,11,0,0,68,0,-3.1,0.7,12,0.2,0,68,0,2.5,1,10,0.5,0,68,0,3.6,2.2,11,0.8,0,67,0,4.2,3.8,10,1,0,67,0,4.8,3.2,12,1,0,67,145,127,0,-0.9,1.4,9,0,0,54,0,-0.1,2.3,8,0.1,0,54,0,1.3,1.6,6,0.1,0,54,0,2.2,2.3,8,0.2,0,54,0,2.6,1.5,14,0.3,0,54,0,3.8,4.3,11,1,0,54,146,97,0,0,51,0,0,51,0,0,51,0,0,51,0,0,50,0,0,50,147,31,0,0.4,1.3,12,0.2,0,1.4,2.5,10,0.6,0,2.9,0.9,6,1,0,3.5,1.7,11,0.3,0,3.7,2.3,12,0.2,0,4.6,3.9,12,0.4,148,31,0,-0.7,2.5,6,0,0,0.8,2.5,6,0.2,0,0.7,2.4,6,0.1,0,1.4,1.5,9,0.3,0,2.6,3.1,12,0.4,0,4.5,4.7,12,0.8,47430,95,0,1.2,3.4,10,0,35,0,1.7,5,11,0.4,35,0,2.9,4.3,12,0.9,35,0,2.6,2.1,15,0.6,35,0,3.5,4.3,12,0.2,34,0,5.1,6.6,12,0.9,34,152,31,0,3,7.9,12,0,0,3.4,6.6,12,0.6,0,3.3,7.3,12,0.7,0,3.3,7.2,13,0.8,0,3.5,7.7,13,0.8,0,3.3,7,13,0.5,917,31,0,-1.5,0.8,15,0,0,1.8,0.9,14,0.6,0,2.2,1.3,15,0.6,0,3.1,1.9,10,0.3,0,4.1,2.5,12,0.5,0,4.9,2.7,13,0.7,1265,97,0,0,139,0,0,139,0,0,139,0,0,139,0,0,139,0,0,138,1462,111,0,1.3,4.6,11,0,10,0,1.9,5.9,11,0,10,0,2.7,5.3,12,0,10,0,2.5,3.5,12,0,10,0,4,5.7,13,0,10,0,3.4,5.9,12,0,9,1543,1,0,0,0,0,0,0,1552,1,0,0,0,0,0,0,155,127,0,2.1,3.8,12,0,0,22,0,2.3,3.9,12,0,0,22,0,1.7,2.3,12,0.1,0,22,0,2.5,3.7,12,0,0,22,0,2.9,4.3,11,0.8,0,21,0,3.6,4.5,12,1,0,20,153,31,0,2.6,3.8,11,0,0,2.6,3.5,12,0,0,2.9,3.2,11,0,0,3.5,2.8,11,0.3,0,3.4,3.6,11,0.3,0,3.4,3.5,13,0.4,154,127,0,-0.2,1.2,15,0,0,81,0,1,0.7,15,0,0,81,0,2,1.6,12,0,0,81,0,2.6,2.1,12,0,0,81,0,3.4,2.8,11,0.6,0,81,0,3.3,4.6,11,0.7,0,80,156,1,0,0,0,0,0,0,47428,95,0,3.2,8.3,11,0,12,0,3.2,8.3,11,0,12,0,3.2,8,11,0.2,12,0,2.5,7.2,11,0,12,0,3.6,6.4,11,0.1,12,0,3.9,4.3,13,0.3,12,1199,31,0,2.9,7.2,11,0,0,2.9,7.8,12,0,0,3.2,8.7,12,0.1,0,3.3,8.8,12,0.6,0,3.8,8.2,12,0.9,0,3.6,7.9,13,1,1200,127,0,1.9,1.7,12,0,0,68,0,1.5,3,10,0,0,68,0,2.9,2.3,11,0.1,0,68,0,3,2.5,11,0.1,0,67,0,3,3.1,13,0.2,1,68,0,3,2.3,12,0.5,0,67,1205,1,0,0,0,0,0,0,1513,15,0,2.5,10.1,12,0,2.3,9.8,12,0,2.4,8.8,12,0,2.8,8.4,12,0,3.7,7.5,13,0,4,7.8,13,47576,95,0,2.1,2.8,10,0.2,54,0,3,1.9,10,0.9,54,0,4.2,3.4,11,0.2,53,0,5.2,5.4,11,0.5,53,0,5.8,7.2,11,0.9,53,0,5.6,6.9,11,0.9,52,160,31,0,2.4,1.7,12,0,0,3.9,4.7,12,0.6,0,4.6,6.9,12,0.4,0,5.9,5.8,12,0.8,0,5,6,12,0.3,0,4.7,7.1,12,0.4,47575,95,0,1.6,4.5,9,0.1,68,0,2.8,4,9,0.9,68,0,4.1,5.3,9,1,68,0,5,5.4,10,1,68,0,5.1,5,11,0.8,68,0,5.6,8.1,12,0.2,67,162,127,0,2.1,3.4,13,0.2,0,55,0,3,4,12,1,0,55,0,3.7,4.4,12,1,0,55,0,4.4,4.7,13,1,0,54,0,4.4,6.2,13,0.7,0,54,0,5,4.4,12,0.5,0,53,163,127,0,2.2,2.5,9,0,0,27,0,3.6,2.9,10,0.4,0,27,0,4.8,3.6,10,1,0,27,0,5.2,4.4,12,0.7,0,26,0,5.6,4.5,12,0.9,0,25,0,5.3,4.6,12,0.7,0,25,164,127,0,-2.4,1.4,6,0,0,51,0,-0.3,1.7,7,0.8,0,51,0,2.2,1.6,7,0.9,0,51,0,3.8,1.7,8,0.6,0,51,0,5,5.7,12,0.2,0,51,0,4.9,4.8,12,0.6,0,50,47574,95,0,1.5,2.1,10,0,30,0,3,3.8,9,0,30,0,3.6,2.7,9,0.1,30,0,4.1,3.2,10,0,30,0,4.7,4.4,11,0.3,29,0,4.8,4.4,12,0.6,28,166,127,0,-2.9,0.7,14,0,0,69,0,-0.6,0.4,8,0.6,0,69,0,2.7,2.2,9,0.6,0,69,0,4.3,2.7,9,1,0,69,0,3.8,4.5,10,0.8,0,69,0,5.2,3.3,9,1,0,69,167,31,0,-1.2,3.2,7,0,0,0,3.4,7,0.1,0,1.3,4.2,7,0.7,0,3,4,8,0.8,0,3.2,3.3,8,0.5,0,3.6,3.4,9,0.5,169,31,0,-2.9,1.4,10,0.3,0,0.5,0.8,10,1,0,3.4,1.7,10,1,0,5,1,12,1,0,5.7,2.5,14,0.7,0,5.9,2.6,13,0.4,172,127,0,-12.4,0.1,16,0.4,0,59,0,-7.9,0.3,2,1,0,59,0,-5.1,0.3,2,1,0,59,0,1.3,0.3,5,1,0,59,0,4.8,0.6,13,0.8,0,58,0,5,1.5,10,0.3,0,57,47581,95,0,-4.6,5.1,9,0.4,37,0,-2,3.8,9,1,37,0,1.6,2.2,11,1,37,0,4.1,5.9,10,1,37,0,4.8,6.7,10,0.5,37,0,4.7,5.8,11,0.2,36,174,1,0,0,0,0,0,0,175,127,0,-3.1,2.7,8,0,0,66,0,-1.9,1.9,7,0.5,0,66,0,0.2,3.3,6,0.5,0,66,0,1.9,2.2,6,0.9,0,66,0,2.2,2.4,9,0.1,0,66,0,1.5,2.3,6,0,0,66,177,31,0,-2.2,2.7,11,0,0,-1.9,2.2,10,0.3,0,-1.6,2.2,11,0,0,-0.8,2.6,11,0.1,0,0.1,2.9,11,0.4,0,-0.1,2.3,12,0.1,179,127,0,-4.7,1.8,10,0.2,0,56,0,-3.5,0.3,10,0.2,0,56,0,-0.2,1.1,9,0.2,0,56,0,3.1,1.9,11,0.4,0,56,0,4.1,2.5,9,0.3,0,56,0,4.8,2,10,0.8,0,56,1026,127,0,2.4,0.8,12,0,0,69,0,3.4,0.5,15,0,0,69,0,3.9,1.3,12,0.3,0,69,0,5,1.2,13,0.3,0,69,0,3.9,1.3,13,0.2,0,69,0,3.6,2.2,13,0.5,0,69,1027,31,0,1,1.9,12,0.1,0,2.3,1.9,12,1,0,3.4,2.1,12,1,0,4.2,2.4,12,1,0,4.4,2.5,13,0.8,0,4.7,2.7,12,0.6,1041,127,0,2.3,5.7,11,0.1,0,23,0,3.5,6.6,11,0.4,0,23,0,4.2,5.7,12,1,0,23,0,4.7,5.5,11,0.7,0,23,0,4.9,5.4,12,1,0,23,0,5,6.8,11,0.9,0,23,1042,1,0,0,0,0,0,0,1079,127,0,-6.1,1.4,15,0,0,377,0,-4.6,1.8,14,0.5,0,377,0,-3.3,3.1,13,1,0,376,0,-2.9,2.7,13,0.9,0,376,0,-2.6,3.6,13,0.5,0,376,0,-2.9,3.2,13,0,0,375,1108,1,0,0,0,0,0,0,1119,31,0,3.1,2.4,12,0,0,4,1.9,12,0.1,0,4.7,2.1,12,0.4,0,5.4,2.7,12,0.4,0,4.3,2.6,13,0.2,0,5.7,2.4,12,0.8,1122,31,0,1.9,1.8,12,0.2,0,3.1,2.4,13,1,0,4,3,11,0.8,0,4.6,4.9,11,0.6,0,5.6,4.2,11,0.9,0,6.2,4.4,12,1,1124,127,0,1.9,1.4,12,0,0,44,0,3.5,2.3,12,0.8,0,44,0,4.4,2.1,13,0.9,0,44,0,4.7,2,12,0.6,0,44,0,4.7,3.3,13,0.4,0,43,0,5.1,3.2,12,0.6,0,43,1183,1,0,0,0,0,0,0,1272,1,0,0,0,0,0,0,1406,1,0,0,0,0,0,0,1495,15,0,0.2,5,9,0,1,3.8,9,0,2,5.5,10,0,2.8,6.3,10,0,2.6,6.1,11,0,2.6,5.8,10,1559,1,0,0,0,0,0,0,181,1,0,0,0,0,0,0,183,127,0,1.7,2,8,0,0,19,0,1.1,2.5,3,0,0,19,0,1.1,2.2,3,0,0,19,1,0.7,1.5,8,0,1,20,0.5,0.9,1.8,7,0,0,20,0,2.1,3.1,9,0,0,19,184,127,0,-1.1,1.2,3,0,0,45,0,-0.5,0.5,1,0,0,44,0,0.3,0.7,0,0,1,45,0,0.9,0.6,13,0,1,46,1,1.1,1.4,10,0,0,46,0.5,2.9,1.7,9,0,0,46,185,127,0,-3.6,0.1,16,0,1,38,0,-2.7,0.8,15,0.1,0,38,0,-1.3,0.2,16,0.3,0,37,0,2,2.2,3,0.6,1,38,0,2.3,2.6,13,0.1,0,38,0,1.8,0.9,13,0.1,0,38,186,31,0,0.5,1.6,13,0,0,1.5,4.1,14,0.6,0,2.2,2.8,14,0.6,0,2.8,3.4,14,0.6,0,2.5,4.1,14,0.1,0,1.4,3.9,14,0,188,127,0,-1.1,1.4,3,0,0,46,0,-0.4,1.4,2,0,0,46,0,0.7,1,3,0,1,47,1,0.8,0,16,0,0,47,0.5,1.5,0.3,12,0,1,48,0.5,2.1,0.4,6,0,0,48,47582,127,0,-0.2,1.9,4,0,1,23,0,0.3,3.2,5,0,,23,0,0.7,3.3,5,0,1,24,3,0.5,3,5,0,3,27,1.5,1.4,2,4,0,,27,0,1.8,1.7,6,0,,26,192,31,0,-3,0,16,0,0,-1.9,0,16,0,0,-0.3,,,0.1,0.5,0.3,,,0,2,0.7,1.1,3,0,0,1.1,0,16,0,193,127,0,-1.7,0.4,0,0,0,82,0,-1.1,1.3,1,0,0,82,0,0.3,1.1,0,0.1,0,82,0,0.2,1.5,8,0,0,82,1.5,0.1,0,16,0,2,84,1.5,0.4,0,16,0,4,88,194,31,0,-3.2,0.7,9,0,0,-1.7,0,16,0.6,0,-0.1,0.3,10,0.3,0,0.8,0.3,11,0,0.5,0.1,0.1,16,0,1,1.2,0.7,9,0,195,31,0,-1.8,0.7,4,0,0,-1.3,0.1,16,0,0,-0.5,1.2,6,0,1,-0.2,0.7,5,0,2.5,-0.2,1.4,1,0,3,0.4,1.3,2,0,196,127,0,-0.1,3,6,0,0,10,0,0.6,1.3,3,0,0,10,2,0.5,0.2,16,0,1,11,2,2.5,4.4,8,0,2,13,0,3.6,7.6,10,0.1,0,11,0,4,5.4,10,0.6,0,10,198,127,0,-0.5,1.7,6,0,0,143,0,0.4,1.3,7,0,1,144,0.5,-0.1,0,16,0,0,144,0,1.1,1.2,5,0,0,144,0,2.4,1.1,1,0,0,144,0,1.3,1.9,0,0.1,0,143,199,31,0,2.6,1.2,6,0,0.5,2.8,1.4,7,0,0.5,2.4,5.1,9,0,0.5,3.1,4.3,9,0,0,3.4,4.8,9,0,0,4,5.5,9,0,200,127,0,-2.1,1.9,6,0,1,99,0,-1.5,1.8,7,0,0,99,0,-0.1,1.3,8,0,0,98,0,1.3,1.4,4,0.2,0,98,0,5.3,3.2,12,1,0,97,0,5.7,4.9,11,1,0,96,202,127,0,-2.6,1.6,7,0,0,111,0,-1.6,1.8,7,0,0,111,0,-0.1,1.6,5,0.6,0,111,0,0.7,1,15,0.4,1,112,0,1.5,2.4,15,0.8,0,111,0,1.2,4.7,0,0.7,0,110,204,127,0,-4,0.2,16,0,0,174,0,-3.2,0.2,16,0,0,174,0,0,0.7,2,0.1,0,174,0,1,1.7,2,0,0,174,0,1.6,2.1,1,0,0,174,0,2,2.8,0,0.2,0,173,912,31,0,-1.8,0,16,0,0,-1.1,0,16,0,0,-0.3,0.5,2,0.3,0,1.1,0.6,0,0.1,0,1.5,0.5,2,0,0.5,3.5,1.5,11,0.4,1035,31,0,-1.2,1.2,8,0,0,0.6,0.8,7,0,0,1.2,1.5,8,0,0.5,0.7,2.2,9,0,0,0.8,1.1,11,0,0.5,1.3,0.7,7,0,1036,31,0,-0.6,0.1,16,0,0,1.8,0.9,9,0,0,1.3,2.1,9,0,1.5,0.7,1.8,9,0,0.5,1,1.4,10,0,1,1.2,1.9,9,0,1043,31,0,1.8,1.8,0,0,0,2.7,2.6,14,0,0,3,2.9,13,0,0,2.8,4.3,13,0,0,3.3,1.7,11,0,0,3.1,1.9,8,0.4,1050,127,0,-1.6,0.1,16,0,0,81,0.5,-1.4,0,16,0,3,84,1.5,-1,0,16,0,3,87,2,-0.5,0.4,3,0,2,89,4,-0.3,0,16,0,2,91,2.5,0,0,16,0,1,92,1109,1,0,0,0,0,0,0,1115,1,0,0,0,0,0.5,0.5,1117,31,0,-2.1,0.2,16,0,0,-1.2,0,16,0,0,-0.3,0,16,0,0,0.5,0.1,16,0,0,2.4,2,4,0.1,0,2,2.7,0,0,1131,127,0,-2.3,3.2,7,0,0,136,0,-1.7,3.2,7,0,0,136,0,-0.1,3,7,0.2,0,136,0,1.2,2.3,8,0.3,0,136,0,0.9,2,8,0,0,136,0,1.1,0.8,1,0,0,135,1167,1,0,0,0,0,0.5,0.5,1273,1,0,0,0,0.5,0,0.5,1278,1,0,0,0,0,0.5,0.5,1289,31,0,-3,0.5,10,0,0,-1.7,1.3,11,0.5,0,-0.4,2.4,10,0.4,0,0.5,3,11,0.9,0,-0.1,3.1,10,0.5,0,-0.2,0.7,13,0,1407,1,0,0,0,0,0,0,1408,1,0,0,0,0,0,0,1422,1,0,0,0.5,2,1,0.5,1425,1,0,0,0,0.5,2.5,0,1463,15,0,-1.6,2.2,2,0,-0.9,1.5,15,0,-0.1,0.4,14,0,0.7,1.2,15,1,0.4,0.9,10,0.5,1.8,2.5,9,1511,15,0,-1.2,1.5,7,0,-1,1.7,6,0,-0.4,1.9,6,1.5,-0.2,2.1,4,2.5,0.1,0.8,3,0.5,0.4,1.9,5,205,31,0,-1.3,0.4,10,0.3,0,1.7,0.6,12,1,0,3.5,1.3,12,1,0,4.5,1.2,14,1,0,5.3,2.3,12,0.9,0,5.1,1.3,13,0.6,206,31,0,-12,0.2,16,0.4,0,-9.2,0.3,5,1,0,-5.2,0.7,15,0.9,0,3,4.4,13,1,0,3.8,5.2,13,0.8,0,4,3.7,13,0.2,207,127,0,-7.8,0.5,11,0,0,42,0,-5.9,0.3,8,0,0,42,0,-2.5,0.3,3,0.2,0,42,0,0.4,0.5,3,0.3,0,42,0,3.5,2.1,11,0.3,0,42,0,4.1,2.2,11,0.2,0,42,209,127,0,-8.6,0.5,5,0.3,0,46,0,-5.3,0.3,9,1,0,46,0,-1.2,1,4,1,0,46,0,5.1,2.5,13,1,0,46,0,6,3.4,12,1,0,46,0,5.7,3.7,12,0.6,0,44,211,31,0,-9.9,0.7,4,0.1,0,-8.5,0.4,4,0.5,0,-4.5,0.6,2,0.5,0,1.6,1.4,7,0.9,0,2.4,1.6,13,0.3,0,1.8,1.4,8,0.1,214,127,0,-9,0.4,12,0,0,18,0,-6.7,0.8,6,0.9,0,18,0,-4.7,0.8,6,0.9,0,18,0,-0.7,0.8,0,0.9,0,18,0,1.8,1.1,4,0.9,0,18,0,2.2,2.4,4,0,0,18,218,127,0,-7,0.2,16,0.1,0,48,0,-4.8,1.3,11,1,0,48,0,-2.7,1.3,11,1,0,48,0,0.8,0.5,11,1,0,48,0,5.9,0.6,1,1,0,48,0,7.2,0.3,8,0.6,0,48,221,127,0,-0.2,2.6,11,0.1,0,27,0,-3.1,1.4,1,1,0,27,0,0.8,0.5,3,0.5,0,27,0,2.8,1,10,0.1,0,27,0,2.7,2,13,0.3,0,27,0,1.3,0.3,14,0,0,27,47584,95,0,-4.9,1.2,0,0.1,6,0,-2.2,0.8,5,0.8,6,0,-0.2,2,8,0.9,6,0,2.6,2.9,8,0.9,6,0,2.9,4.1,9,0.2,6,0,1.6,4.5,9,0,6,47585,95,0,-3.4,2.3,10,0.5,29,0,-1.6,2.2,10,1,29,0,2,1.3,11,1,29,0,4.6,1.5,6,1,29,0,5.6,2.3,3,1,28,0,5.9,3.8,5,0.9,27,226,1,0,0,0,0,0,0,227,15,0,-4,0.7,3,0,-2.4,1.5,2,0,0.8,0.9,7,0,1.7,3.2,8,0,4.4,4.3,9,0,2.7,3.3,9,228,31,0,-3.4,1.9,4,0.1,0,-1.5,1.5,6,1,0,1.2,0.6,3,1,0,4.1,1.9,13,0.9,0,3.9,1.7,11,0.9,0,3.2,1.9,11,0.1,229,127,0,-0.5,1.7,8,0,0,202,0,0.3,0.6,7,0,0,202,0.5,0.2,0.1,16,0,1,203,0,0.8,0.9,0,0,0,203,0,1.6,1.5,0,0.1,0,202,0,2.2,1.7,1,0.3,0,201,230,127,0,-2.4,0,16,0.1,0,15,0,-1.3,0.7,8,1,0,15,0,0.5,1.8,8,0.7,0,15,0,1.4,1.8,8,0.2,0,15,0,3.5,1.1,9,0.5,0,15,0,4.2,0.4,12,0.2,0,15,231,127,0,-8.1,0.9,3,0.2,0,20,0,-5.7,0.3,15,1,0,20,0,-2.7,0.7,5,1,0,20,0,2.2,3.1,11,1,0,20,0,3.2,2.9,11,0.8,0,20,0,2.9,3.7,12,0.9,0,20,233,31,0,-1.7,2.7,14,0.3,0,-0.2,2,13,1,0,4.3,0.8,15,1,0,4.8,2.1,4,1,0,5.8,1.8,4,0.9,0,7.7,2.4,11,0.9,235,31,0,-3,0.6,13,0,0,-0.9,0.5,11,0.5,0,0.8,1.1,6,0.8,0,2.6,1.5,7,0.3,0,3.6,1.9,6,1,0,4.8,2.3,7,0.2,236,31,0,-3.8,0.8,3,0,0,-2.1,0.6,6,0.6,0,0,0.3,6,0.9,0,1.8,0.8,7,0.4,0,3.3,0.4,8,0.8,0,5.5,0.9,8,0.7,47512,31,0,-2,0.6,14,0.3,0,0.4,0.9,6,1,0,3.6,1.8,7,1,0,4.9,2.9,6,0.9,0,5.8,1.5,6,0.3,0,7.8,1.4,0,0.8,238,127,0,-3.7,0.5,10,0.2,0,5,0,-1.1,0.3,11,0.6,0,5,0,0.8,0.5,8,0.6,0,5,0,2.9,0.8,4,0.4,0,5,0,5.6,2.3,7,1,0,5,0,6,1.3,4,0.8,0,5,239,31,0,-5.1,0.6,14,0.3,0,-2.3,0,16,1,0,1.6,0.8,6,1,0,4.4,2.6,8,0.9,0,5.2,1.8,10,0.7,0,6.7,2.1,9,1,1028,97,0,0,148,0,0,148,0,0,148,0,0,147,0,0,147,0,0,146,1032,31,0,-9.6,0.1,16,0.1,0,-7.8,0.3,4,0.8,0,-4.6,0.8,0,0.8,0,-0.8,0.8,15,0.7,0,3.1,4.4,9,0.5,0,2.3,4.3,9,0.4,1033,31,0,-2.9,0.6,11,0.5,0,-0.5,0.6,11,1,0,2.7,0.5,7,1,0,5.8,2.4,5,1,0,7,4,7,1,0,6.7,4.4,6,1,1037,1,0,0,0,0,0,0,1045,1,0,0,0,0,0,0,1078,31,0,-16.5,0.3,3,0.2,0,-12.1,0.3,4,1,0,-3.2,1,10,1,0,-0.5,2.5,12,1,0,-0.2,2.4,11,0.5,0,-1.2,2.2,11,0.1,1113,1,0,0,0,0,0,0,1118,31,0,-1.6,1.8,11,0,0,-0.9,2.1,10,0.1,0,0.4,2.5,9,0,0,0.6,2.8,10,0.1,0,0,2.6,10,0,1,0.2,2.4,9,0,1120,31,0,-1.4,2.9,8,0,0,0.6,2,8,0.8,0,1.9,2.9,10,0.6,0,2.6,2.4,11,0.3,0,3,3,11,0.1,0,1.9,2.1,14,0,1123,31,0,-5.7,0.5,10,0,0,-3,0.9,8,0.6,0,0.4,0.6,9,1,0,4.2,2,2,1,0,4.8,2.1,2,1,0,5.7,1.4,3,0.6,1128,31,0,-3.8,1.3,0,0,0,-1.9,0.5,5,1,0,-0.8,0.9,5,0.9,0,1.3,3.2,8,0.9,0,1.7,3.7,8,0.3,0,1,3,8,0,1168,1,0,0,0,0,0,0.5,1206,31,0,-3.9,0.4,7,0.2,0,-2,0.2,16,1,0,1,0.1,16,1,0,4.6,2.9,13,0.5,0,4.6,2.5,14,0.3,0,5.6,0.7,15,0,1212,31,0,-3.7,2.4,12,0,0,-2.5,2.6,13,1,0,-0.6,2.7,13,1,0,2.1,0.7,10,1,0,5.2,3.9,3,1,0,5,3.1,5,0.7,1215,127,0,-8.1,0.8,11,0,0,82,0,-3.5,0.8,9,0.8,0,81,0,-0.7,2.1,9,0.9,0,81,0,0.6,2.7,8,0.7,0,81,0,1.6,1.5,9,0.1,0,81,0,0.6,1.8,10,0.1,0,81,1219,31,0,-6.4,0.4,7,0,0,0,1.9,9,0,0,2,1.7,10,0.9,0,3.1,1.5,11,1,0,3.7,3,10,0.5,0,3.1,2,11,0.5,1224,31,0,-6.6,0.4,11,0,0,-5.3,0.3,13,0,0,-1.9,0,16,1,0,1.5,0.7,9,1,0,5.3,2.6,11,0.9,0,5.1,3.1,12,0.3,1332,1,0,0,0,0,0,0,1447,127,0,-8.4,0.8,12,0.3,0,63,0,-4.2,0.7,13,0.9,1,64,0,-2.4,1.7,14,1,0,63,0,-1,1.8,13,1,0,63,0,-0.4,2.3,13,0.6,0,63,0,-1.3,1.5,14,0.2,0,62,1508,1,0,0,0,0,0,0,1557,1,0,0,0,0,0,0,1558,1,0,0,0,0,0,0,1560,1,0,0,0,0,0,0,1563,1,0,0,0,0,0,0,1627,1,0,0,0,0,0,0,1628,15,0,-3.2,1.1,15,0,-0.5,0.3,14,0,2.4,0.1,16,0,5.4,1.7,5,0,5.8,2.5,5,0,7,1.4,7,1629,15,0,-2.2,0.9,15,0,0.2,0.1,16,0,3.2,1,7,0,4.9,0.8,8,0,5.6,1.6,12,0,7.9,1.8,11,242,31,0,-2.8,2.1,13,0.5,0,-1,1.3,14,0.9,0,3,1.2,12,1,0,4.4,2.1,12,1,0,5.5,3,10,0.9,0,6.8,2.4,11,1,243,127,0,-3.1,0.7,15,0.1,0,53,0,2,1,11,1,0,53,0,2.1,0.6,14,0.6,0,53,0,2.4,1.4,11,0.4,0,53,0,3.6,1.3,11,0.1,0,53,0,3.4,2.1,10,0.4,0,52,244,31,0,-5.4,0.4,6,0.4,0,-2.1,0.1,16,1,0,0.5,0.3,1,1,0,3.1,1.9,3,0.9,0,6,3.2,12,0.8,0,5.9,4.7,12,0.7,246,31,0,-1.3,1.1,14,0,0,1.7,0.9,13,1,0,4.6,1.9,10,1,0,6.3,0.9,9,1,0,5.9,2.1,13,0.9,0,7,2.4,12,0.7,247,127,0,-1.2,4.8,12,0.3,0,12,0,1,3.7,12,1,0,12,0,2.7,5.5,11,1,0,12,0,4,5.8,12,0.7,0,12,0,4.8,3.5,9,1,0,12,0,5.2,1.7,9,0.8,0,10,248,31,0,-6.4,0.2,16,0.3,0,-2.8,0.6,10,1,0,2.6,0.7,6,1,0,4.6,1.1,4,1,0,7,1.7,6,1,0,7.4,0.7,6,0.8,249,31,0,-4.9,3,11,0.5,0,-2.9,2.6,12,1,0,0.3,3,12,1,0,4.1,2.7,10,0.9,0,5.6,1.5,8,1,0,5.7,0.5,10,0.6,47592,95,0,0.2,1.6,14,0.5,2,0,1.5,1.4,13,1,2,0,3.4,2.5,10,1,2,0,4.9,2.9,10,1,2,0,5.9,4.4,11,1,2,0,6.1,5.1,9,1,2,251,127,0,-5.7,0.9,11,0.3,0,34,0,-4.4,0.5,3,1,0,34,0,0.4,0.1,16,1,0,34,0,3.8,1.2,8,1,0,34,0,4.7,2.6,14,0.8,0,34,0,4.4,2.7,14,0.4,0,33,47590,95,0,-1.4,0.9,10,0.4,6,0,1.2,0.8,9,1,6,0,3.8,1.3,10,1,6,0,5.7,3.1,8,1,6,0,6.7,4.7,8,1,6,0,7.8,3.1,10,1,5,256,127,0,-1,0.4,6,0.4,0,16,0,-2.1,1.2,2,1,0,16,0,3.7,4.8,10,1,0,15,0,4.7,5.3,9,0.9,0,15,0,4.7,5.4,10,0.7,0,15,0,4.6,4.8,11,0.6,0,14,257,31,0,0.6,2.1,12,0.5,0,1.9,5.4,11,1,0,3.4,6,11,1,0,4.5,6.3,10,1,0,6.5,4.2,11,1,0,6.8,5.2,11,0.6,985,1,0,0,0,0,0,0,1029,31,0,-1.8,0.7,8,0.3,0,0.5,0.7,5,1,0,3.2,0.5,12,1,0,5.2,3.7,12,1,0,6.4,1.7,12,1,0,7,3,11,0.9,1030,31,0,0.1,1,12,0.5,0,0.4,1.3,12,1,0,2.4,0.7,10,1,0,4.5,2,9,1,0,5.7,1.5,8,1,0,7.1,2.7,9,1,1126,127,0,-2.1,0.9,8,0.3,0,117,0,-0.3,1.1,9,0.6,0,117,0,0.6,1.8,8,0.4,0,117,0,1.6,2.6,12,1,0,117,0,2.4,2.6,10,0.4,0,117,0,2.7,2,14,0.2,0,116,1220,31,0,-5.7,1.3,8,0.4,0,-2.1,0.5,4,1,0,1.9,0.2,16,1,0,5.5,2.4,11,1,0,6,5.8,12,1,0,6.8,2.6,12,1,1290,31,0,2.1,4,12,0.5,0,3,2.6,13,1,0,4.3,3.6,12,1,,,,,,,,,,,,,,,,1298,1,0,0,0,0,0,0,1365,1,0,0,0,0,0,0,1464,15,0,-3,0.2,16,0,1.8,4.1,10,0,3.7,4.3,11,0,5.5,4.6,10,,,4.3,10,,,3.3,11,1526,1,0,0,0,0,0,0,1561,1,0,0,0,0,0,0,1564,31,0,-4.8,0.3,15,0.4,0,-2.9,0,16,1,0,1.2,0.8,5,1,0,4.4,1.1,6,1,0,5.6,2,7,0.7,0,6.4,1.2,5,0.3,1626,15,0,-2,0.3,2,0,1.3,0.9,6,0,4.2,1.9,9,0,5,3,7,0,5.5,3.1,8,0,6.4,3.1,7,1630,15,0,-2,0.1,16,0,0.4,0.4,7,0,3.2,1.6,8,0,5.2,2.5,9,0,5.7,2.5,13,0,5.6,3.7,10,1631,15,0,-1.1,0.2,16,0,0.3,0.5,2,0,4.2,1.5,8,0,5.4,1.3,10,0,6.5,2.9,8,0,6.8,3.2,7,1632,1,0,0,0,0,0,0,47587,95,0,1.4,3.3,8,0,2,0,1.5,3.2,8,0,2,0,2.9,2.6,8,0.2,2,0,4.6,5.7,10,0.2,2,0,4.4,1.5,6,0,1,0,4,2.2,3,0,1,260,31,0,-2,0,16,0,0,-1.6,0,16,0,0.5,-1.1,0,16,0,0,-0.2,0.5,10,0,0,0.8,0,16,0,0,1.7,0,16,0,262,127,0,-2.6,0.4,12,0,0,147,0,-1.7,0.3,15,0,0,147,0,-1.2,0,16,0,0,147,0,1.2,0.4,11,0.2,0,147,0,1.6,1.2,9,0.4,0,145,0,1.5,0.5,12,0.3,0,144,263,31,0,1.1,0.4,8,0,0,2.7,1.2,10,0,0,3.6,2,10,0.6,0,4,1.5,9,0,0,6.1,1.6,9,0.6,0,5.8,3.4,10,0.2,264,127,0,0.4,0.9,4,0,0,44,0,0.5,1.4,4,0,0,43,0,1.9,0.7,5,0.3,1,44,0,2.3,0.7,1,0.3,0,44,0,3.5,1.2,2,0,0,43,0,3.7,1.2,3,0,0,43,47520,95,0,-1.7,1.6,5,0,138,0,-0.6,1.9,6,0,138,0,0.4,2.4,6,0,138,0,2,0.4,0,0.5,138,0,2.3,0.6,2,0.4,137,0,3.8,0.2,16,0.2,136,266,1,0,0,0,0,0,0,268,97,0,0,27,0,0,27,0,0,27,0,0,26,0,0,25,0,0,25,272,127,0,-4.8,0.4,11,0,0,54,0,-3.1,0.8,14,0.5,1,55,0,-0.2,0.5,1,0.5,0,55,0,2.4,1.5,9,0.5,0,55,0,1.6,2.9,12,0.4,0,55,0,3,2,13,1,0,54,47588,95,0,-1.5,2.4,8,0.1,28,0,-1.1,0.9,1,0.9,28,0,2.6,3.1,9,1,28,0,4.1,4,10,1,28,0,4.2,5.1,9,0.8,28,0,4.7,4.2,10,0.6,27,275,127,0,-5.3,2.5,8,0.3,0,68,0,-3.5,1.8,8,0.9,0,68,0,-1.7,3.3,7,0.3,0,68,0,-0.4,2.9,7,0.1,0,68,0,0.3,1.9,6,0,1,69,0,1.1,1.9,7,0,0,68,277,127,0,-5.1,0,16,0,1,139,0,-4.5,0.2,16,0,0,138,0,-3.7,0.2,16,0,0,138,0.5,-3.1,0,16,0,1,139,0.5,-2.3,0,16,0,1,140,0.5,-1.7,0,16,0,0,140,278,31,0,-6.9,0.3,11,0,0,-5,0.4,10,0.2,0,-3.8,0.4,10,0,0,-1.2,0.5,9,0,0.5,0.1,0.1,16,0,0,2,0.1,16,0.2,279,127,0,-6.2,0.2,16,0.1,0,83,0,-2.8,0.9,8,0.4,0,83,0,-0.4,1.8,1,0.3,0,83,0,0.1,1.6,0,0.1,0,83,0,1.1,1.9,15,0.8,0,83,0,1.8,1.8,0,0.9,0,83,910,127,0,0.3,3.3,12,0,0,133,0,0.8,2.7,12,0,1,134,0,0.5,0.4,8,0.1,0,133,0,1.9,1.4,7,0.1,0,133,0,2.5,1.4,12,0.1,0,133,0,2,0.4,12,0,0,132,1038,1,0,0.5,0.5,0.5,0,0,1039,127,0,-2.1,0.2,16,0,0,151,0,-1.9,0.6,3,0.2,0,151,0,-0.8,0.9,15,0.2,0,150,0,1.7,1.6,12,1,1,151,0,2.8,2.7,10,0.4,0,151,0,3.9,2.7,9,0.4,0,150,1040,31,0,2.3,2.5,6,0,0,1.4,1.9,6,0,0,2.1,1.4,6,0,0,2.8,2.2,7,0.2,0,6,2.4,9,0.9,0,4.8,2.2,8,0.1,1125,127,0,-4.2,0.8,4,0,0,308,0,-3,0.3,14,0.1,0,308,0,-1.4,1,10,0.3,0,308,0,0.4,1.5,2,0.6,0,308,0,0.7,0.9,1,0,0,308,0,0.7,1,0,0,0,308,1132,31,0,-6.4,1,5,0.1,0,-3.9,0.5,5,1,0,-1.5,1,4,0.2,0,0.4,0.5,12,0.2,0,0.8,0.7,4,0,0,2.2,0.8,3,0,1291,31,0,5,8.3,11,0,0,3.8,9.2,11,0,0,4,9.7,11,0,0,4.4,6.3,11,0.1,0,4.7,5.8,11,0,0,4.2,6.5,11,0,1292,127,0,-4.2,1,6,0,0,240,0,-3,0.8,1,0.2,0,240,0,-1.5,0.7,11,0.2,0,240,0,0.6,1.3,1,0,0,239,0,1.7,1.5,9,0,1,240,0,2.3,3.7,8,0.3,0,239,1357,1,0,0,0,0,0,0,1372,1,0,0,0,0,0,0,1465,15,0,1.5,3.4,10,0,1.4,2.2,8,0,3.8,4.4,10,0,4.1,3.6,9,0,5.4,4.3,11,0,5,5,10,1488,15,0,-3.6,1,4,0,-0.6,0.5,5,0,0.4,1.1,11,0,1.9,1.3,10,0,3.2,1.4,11,0,3.2,1.5,15,1539,31,0,-4.5,0.2,16,0,0,-3.1,1.2,8,0.4,0,0.7,1.9,7,1,0,2.2,2.7,8,1,0,3.9,1.8,8,0.9,0,3.7,1.8,8,0.9,1562,1,0,0,0,0,0,0,295,31,0,-3.8,1.2,11,0.6,0,1.9,0.1,16,1,0,5.6,0.5,15,1,0,8.1,2.6,11,1,0,8.8,1.1,14,1,0,9.7,2.8,12,1,304,31,0,-6.4,0.2,16,0,0,-3,0,16,1,0,1.1,0.7,3,1,0,3.1,1.6,1,0.8,0,4.2,2,0,0.9,0,5.3,1.4,0,1,1034,31,0,0.1,0.9,1,0.3,0,3.1,0.7,2,1,0,6.3,0.3,4,1,0,7.3,1.1,7,1,0,9,2.4,13,0.7,0,10.2,4.2,13,0.9,1129,31,0,-7.6,0.2,16,0,0,-4.6,0.5,15,0.9,0,-0.5,0.2,16,1,0,3,2.4,14,0.9,0,4.3,2.7,13,0.7,0,5,2.6,14,0.5,285,31,0,0.8,1.8,8,0.3,0,3.5,2,10,1,0,5.6,2.8,11,1,0,6.2,1.4,8,0.6,0,8.7,3.7,11,0.8,0,9.9,1.8,12,1,299,31,0,-3.1,2.1,9,0.5,0,-2,1,4,1,0,1.4,1.5,7,1,0,2.4,1.5,3,1,0,4,0.8,10,1,0,4.7,1.8,3,0.9,281,31,0,-6.6,0,16,0.4,0,-4.6,1,6,1,0,-0.4,0.2,16,1,0,2.7,0.9,9,1,0,3.9,0.4,4,0.9,0,5.6,0.3,1,1,47595,95,0,-1.3,2.4,11,0.4,17,0,-0.9,2.5,9,1,17,0,2.2,1.5,10,1,17,0,4.6,1.7,9,1,17,0,5.5,1,7,0.7,17,0,6.9,0.6,3,0.9,16,286,31,0,-7.2,0.5,11,0,0,-5.2,0.6,13,0.1,0,-2.9,0.9,15,0,0,-2.1,0.5,13,0,0,-1.4,0.5,14,0,0.5,-0.5,0.7,14,0,288,1,0,0,0,0,0,0,290,127,0,-6.7,1.3,8,0.1,0,49,0,-4.7,0.8,9,0.4,0,49,0,-3.4,0.4,2,0.3,1,50,0,-2.3,1.5,12,0,0,50,0,-1.6,1.6,8,0,0,49,0,0.5,4.1,12,0.3,1,50,291,31,0,-5.4,0.9,15,0.4,0,-2.8,0.2,16,1,0,1.2,0.4,8,1,0,3.3,2.8,7,0.5,0,5.7,2.8,10,0.9,0,6.1,3.9,9,1,47570,127,0,-5.9,0.4,2,0.2,,34,0,-4.6,1.5,0,0.8,,34,0,-2.2,1.4,1,0.7,,34,0,-2.2,1.2,13,0,,34,0,-0.9,0.7,14,0.2,1,35,0,-0.2,2,14,0.8,,35,294,31,0,-7.3,1.9,5,0.4,0,-3.5,1.8,5,1,0,-0.7,1.3,5,0.6,0,2.7,1.9,12,1,0,3.6,2.4,12,1,0,4.4,2.4,12,0.9,297,127,0,-6.1,1,5,0,0,180,0,-5.3,0.6,4,0,0,180,0,-4.6,1,15,0,0,179,0,-3.6,0.9,3,0,2,181,0.5,-2.1,1.3,2,0,1,182,1,-1.7,1.5,3,0,0,182,300,1,0,0,0,0,0,0,301,127,0,-8.6,1,4,0,0,154,0,-6.6,0.5,7,0.1,0,154,0,-4.6,0.4,5,0.5,0,154,0,-2.5,0.1,16,0.3,0,154,0,-1,1.8,15,0.6,0,154,0,0,0.2,16,0.2,0,154,303,127,0,-9.4,1.7,11,0,0,81,0,-8.7,2.1,11,0.6,0,81,0,-6.3,1.1,8,0.7,1,82,0,-2.3,0.9,7,0.6,0,82,0,2.8,2.4,13,0.7,0,80,0,3.4,3.2,12,0.3,0,80,47597,95,0,-6,2.7,12,0.5,33,0,-3.4,0.7,0,1,33,0,0.2,0.6,5,1,33,0,2.2,1.6,6,1,33,0,4.6,1.2,6,0.7,33,0,5.7,1.4,5,0.3,32,307,31,0,-5.3,1.7,3,0.3,0,-3.1,1.4,4,1,0,0,0.4,11,1,0,3.7,1.6,11,1,0,5.4,1.5,11,1,0,7.3,0.8,8,1,310,1,0,0,0,0,0,0,312,31,0,-5.1,2.4,1,0,0,-3.1,2.9,1,1,0,0.2,2.9,0,1,0,4,2.1,1,1,0,5.8,1.5,0,0.9,0,8.5,1.2,6,1,47598,31,0,-0.8,0.7,14,0.3,0,2.1,0.9,2,1,0,5.9,1.6,15,1,0,7.1,2.4,7,1,0,6.8,4.3,7,1,0,7.5,4.1,7,1,1031,127,0,-7.3,0,16,0,0,70,0,-5.6,0,16,0,0,70,0,-3.9,0,16,0.4,0,70,0,-2.8,0.7,3,0.3,0,70,0,-1.9,0.1,16,0,0,70,0.5,-1,0.8,15,0,1,71,1044,127,0,-6.4,0,16,0,0,120,0,-5.4,0.5,8,0,0,120,0,-3.6,0.3,9,0.7,0,120,0.5,-2,0,16,0,0,120,0.5,-1.6,0,16,0,2,122,0.5,-0.8,0,16,0,2,124,1116,31,0,-8.1,2.2,9,0,0,-7.5,1.8,12,0,0,-6.5,1.7,1,0.3,0,-5.6,2.3,12,0,0,-5.4,3.7,12,0,0,-4.3,3.5,12,0,1130,31,0,-12.5,0,16,0.4,0,-10.1,0,16,1,0,-5.1,0,16,1,0,2,1.8,11,1,0,3.1,2.6,13,0.9,0,4.4,1.7,12,1,1150,1,0,0,0,0,0,0,1268,1,0,0,0,0,0,0,1269,1,0,0,0,0,0,0,1274,1,0,0,0,0,0,0,1282,31,0,-11.8,0,16,0,0,-8.5,0.3,4,0.3,0,-5.7,0.3,0,0,0,-2.6,0.4,7,0,0,-1.6,0.5,9,0,0,-0.8,0.4,4,0.1,1293,127,0,-6.3,0.5,1,0,0,41,0,-4.8,0.5,2,0.2,0,41,0,1.2,0.4,8,0.8,0,41,0,3.3,1.9,9,0.8,0,41,0,4,0.3,9,0.6,0,41,0,4.3,1.6,14,0.5,0,41,1294,127,0,-10.6,0,16,0,0,94,0,-7.2,0.2,16,0.4,0,94,0,-0.2,2,13,1,0,93,0,1.3,2.3,13,0.9,1,94,0,2.1,1.3,14,0.3,0,94,0,3.3,3.4,13,0.5,0,93,1295,127,0,-4.7,1.6,8,0,0,190,0,-3.5,2,8,0,0,189,0,-1.6,1.5,8,0,0,189,0,0.2,2.8,7,0.1,3,192,0,1,3.2,7,0.3,0,192,0,1.2,2.9,8,0,0,192,1386,1,0,0,0,0,0,0,1466,15,0,-3.2,1.4,6,0,-0.8,0.8,2,0,0.6,2.5,0,0,2,2.4,0,0,3.2,2.5,1,0,4.7,2.8,1,1607,31,0,-1,0.2,16,0.3,0,2,0.6,7,1,0,6.3,0.6,3,1,0,7.8,1.7,1,1,0,9.3,3.6,7,1,0,9.4,4.8,6,0.7,1633,15,0,2.1,1.4,12,0,4,0.8,11,0,5.6,2.8,12,0,6.7,2.8,12,0,7.9,3.4,13,0,8.5,2.8,13,1634,15,0,-7,0,16,0,-4.1,0,16,0,-0.8,0.3,6,0,3.3,2,8,0,5.3,1.4,9,0,5.9,1.9,14,314,1,0,0,0,0,0,0,315,31,0,-2.4,0.5,5,0.5,0,0.8,0.2,16,1,0,4.6,0.5,2,1,0,5.9,2.7,7,1,0,6.4,3,8,1,0,7.3,3.9,8,0.8,316,31,0,-5.1,0,16,0,0,-2.6,0.6,1,1,0,2.4,1.3,15,1,0,5.6,0.4,15,1,0,7.9,1.3,14,1,0,10.9,2.8,7,1,318,31,0,-3.5,0,16,0.3,0,-0.7,0.1,16,1,0,4.1,0.3,5,1,0,6.9,1.3,6,1,0,9.8,1.5,8,1,0,10.6,2.2,12,1,47629,31,0,-2.2,1.2,15,0.4,0,0.4,0.9,15,1,0,3.3,2.4,0,1,0,6.1,1,0,1,0,8.4,1.2,11,1,0,10.7,2.6,9,1,320,31,0,-1.6,0.5,2,0.2,0,0.6,0.1,16,1,0,2.6,1.6,0,1,0,5.1,1.2,0,1,0,7.4,1.5,11,1,0,10.1,2.3,9,1,322,31,0,-1.5,0.9,14,0.3,0,0.3,0.6,2,1,0,2.2,1.2,13,1,0,4.7,1.4,13,1,0,7.3,1.6,14,1,0,9.1,2.1,10,1,323,1,0,0,0,0,0,0,324,31,0,-0.9,0.1,16,0.3,0,1.9,0.6,11,1,0,5.2,0.6,12,1,0,,2.1,11,1,0,,1.7,11,1,0,,2.3,10,1,325,31,0,1.2,0.9,11,0.4,0,3,1.6,15,1,0,7.1,1.3,15,1,0,7.9,2.5,11,1,0,8.5,1.2,8,1,0,9.5,1.8,13,1,911,1,0,0,0,0,0,0,1011,31,0,-0.4,0.7,1,0.4,0,3.8,0.4,4,1,0,5.6,2.2,6,1,0,5.8,2.6,4,1,0,6.4,2.7,3,1,0,9.3,3.9,6,1,1012,1,0,0,0,0,0,0,1013,1,0,0,0,0,0,0,1014,31,,,,,,,,,,,0,4.2,2.3,12,0.3,0,6.5,2.3,12,1,0,7.8,1.8,12,1,0,9.5,1.9,13,1,1170,1,0,0,0,0,0,0,1173,1,0,0,0,0,0,0,1245,31,0,-1.9,0.8,15,0.4,0,1.1,1,14,1,0,5,0.9,15,1,0,7.4,1.4,13,1,0,9.5,1.3,8,1,0,9.5,1.9,11,1,1331,31,0,-4.5,0,16,0.2,0,-1.3,0.3,7,1,0,4,0.7,8,1,0,7.4,1.8,7,1,0,9.2,1.6,7,1,0,10.4,2.9,8,1,1388,1,0,0,0,0,0,0,1421,1,0,0,0,0,0,0,47646,31,0,-2.4,1,13,0.3,0,1.4,0.8,13,1,0,4.4,1,9,1,0,6.5,1.6,12,1,0,8.6,2.4,13,1,0,10.2,2.5,11,1,1530,31,0,-1.5,1.7,0,0.1,0,-0.2,1.2,1,0.9,0,2.3,1,1,1,0,5.4,0.8,10,1,0,7.6,0.9,10,1,0,9.4,2.6,8,1,1635,15,0,-1.7,1.1,13,0,1.8,0.6,13,0,5,0.9,4,0,6.3,1.5,5,0,6.9,2.4,6,0,8.1,1.9,6,326,127,0,-4.7,1.8,13,0.5,0,16,0,-1.4,0.6,2,1,0,16,0,-0.7,1.1,3,0.9,0,16,0,0.7,1.7,5,0.6,0,16,0,2.6,2,6,0.6,1,17,0,2.7,4,4,0.6,0,17,329,31,0,-4.2,1.4,0,0.5,0,0,1.5,0,1,0,1.7,1.9,6,1,0,3.8,1.6,9,1,0,4.3,1.4,8,1,0,6,2.1,8,0.9,331,31,0,-3.2,1.4,15,0.4,0,0,1.6,0,1,0,2.3,0.5,11,1,0,4.1,0.4,3,1,0,6.9,1.3,6,1,0,9,2.4,8,1,47690,95,0,-3.6,3.4,12,0.3,62,0,-1.8,3.8,11,1,62,0,-0.2,2.7,10,1,62,0,0,4.9,11,0.6,62,0,0.7,4.1,11,0.9,62,0,0,4.8,11,0.1,62,334,1,0,0,0,0,0,0,335,31,0,-2.1,1.3,14,0.4,0,-0.2,1.2,13,1,0,3.2,0.7,0,1,0,5,0.9,5,1,0,7.3,2,7,1,0,8.1,2.4,6,1,47615,31,0,-0.3,3.5,1,0.4,0,2,1.9,1,1,0,4.1,2,2,1,0,5.4,0.9,4,1,0,7.7,2,9,1,0,8.4,2.1,7,1,337,1,0,0,0,0,0,0,338,31,0,-2.7,0.9,4,0.3,0,0.1,1.2,2,1,0,3.3,0.8,0,1,0,5.7,0.5,12,1,0,7.6,0.9,5,1,0,9.2,2.1,9,1,339,1,0,0,0,0,0,0,340,1,0,0,0,0,0,0,341,31,0,-2,0.6,0,0,0,1.1,1,15,1,0,3.6,0.9,0,1,0,6.6,0.7,1,1,0,7.7,1.2,11,1,0,10,2.9,9,1,1015,31,0,-6,1.3,15,0,0,-5.6,1,0,0.2,0,-2.9,0.7,0,1,0,0.7,0.6,1,0.9,0,3.3,0.6,2,1,0,5,0.8,13,0.8,1016,1,0,0,0,0,0,0,1018,31,0,-2.2,0.6,1,0.2,0,0.2,0.2,16,1,0,3.6,1,8,1,0,5.4,1.4,8,1,0,7.3,1.8,8,1,0,9.8,2.9,9,1,1221,127,0,-10.3,0.3,14,0,0,93,0,-6.5,0,16,1,0,93,0,-2.1,1.5,5,1,1,94,0,1.4,1.9,6,0.6,0,94,0,2.1,1,13,0.1,0,94,0,4.3,1.5,15,0.6,0,94,1333,31,0,-3.1,0.6,13,0.4,0,0,0.6,0,1,0,2,1.2,4,1,0,4.1,1.8,4,1,0,5.2,2.1,5,1,0,6.2,2.2,5,1,1334,31,0,-4,0.2,16,0.3,0,-0.9,0.2,16,1,0,2.5,1,9,1,0,4.8,0.7,7,1,0,6.4,2.4,8,1,0,7.8,2.4,6,1,1605,31,0,-4.5,0.2,16,0.3,0,-1.3,0,16,1,0,2,0.5,8,1,0,5.2,0.6,10,1,0,8.2,1.2,6,1,0,9.8,2.5,8,1,343,127,0,-4.6,0.1,16,0,1,118,0,-2.2,1.3,9,1,0,117,0,-1.7,0.4,7,0.3,0,117,0,0.4,1,13,0.5,0,117,0,1.3,1.2,14,0.9,0,117,0,1.7,2.5,14,1,0,115,346,31,0,-5.6,1.1,1,0.3,0,-2.8,0.7,13,1,0,-0.2,1,0,1,0,2.9,0.7,4,1,0,4.9,1.3,8,1,0,6.6,1,7,1,348,31,0,-6.2,1,11,0.4,0,-1.7,1.7,11,1,0,-0.9,1.8,14,1,0,0.1,3.7,13,0.9,0,1,3.1,11,1,0,2,4.3,11,1,349,1,0,0,0,0,0,0,47624,95,0,-0.5,3,14,0.2,4,0,1.1,3.5,14,1,4,0,3.4,2.7,13,1,4,0,6.1,4.1,14,1,4,0,9.1,3.1,14,1,3,0,10,1.5,14,1,2,351,31,0,-1.5,0.4,15,0.2,0,0.5,0.7,13,1,0,3.5,0.4,2,1,0,6.3,0.7,11,1,0,9.1,2.3,9,1,0,9.9,1.8,8,1,353,31,0,-1.5,2,14,0.2,0,1.6,2.9,13,1,0,5.3,0.8,12,1,0,6.8,1.4,6,1,0,8.3,1.6,6,1,0,9.6,1.5,5,1,354,31,0,-4.3,0,16,0,0,-2.5,0,16,0.1,0,2.2,0.2,16,0.9,0,6.5,0.5,6,1,0,8.5,3.4,7,1,0,8.6,3.6,15,1,355,1,0,0,0,0,0,0,356,31,0,-1.1,0.9,13,0.2,0,0.7,1.1,13,1,0,2.6,0.8,15,1,0,5.1,0.9,9,1,0,7,1.1,9,1,0,9.6,1.8,9,1,1019,127,0,-3.1,2.4,4,0,0,117,0,-1.9,2,4,0,0,117,0,-0.1,2.5,4,0.1,0,116,0,2.6,2.7,4,0.8,1,117,0,4.1,2.3,3,0.9,1,118,0,4.2,2.4,7,0.6,0,117,1020,31,0,-5.6,1.8,15,0,0,-3.6,1.1,0,0.9,0,-0.5,0.4,13,1,0,4,1.4,8,1,0,7.1,1.6,8,1,0,9.1,1.1,8,0.9,1021,31,0,-1.6,0.8,15,0.2,0,1.3,0.5,14,1,0,4,1.6,14,1,0,5.7,2.2,13,1,0,8.2,1.9,10,1,0,9.9,1.4,11,1,1174,1,0,0,0,0,0,0,1222,127,0,-5.2,1.4,0,0,0,146,0,-4,0.9,1,0,3,149,0,-2.9,0.8,15,0,0,148,0,-1.6,0,16,0,2,150,0,1.1,1.1,14,0,0,150,0,1.3,2.7,0,0.1,0,146,1223,31,0,-5.2,0.3,11,0,0,-4.4,1.4,10,0,0,-0.7,1.3,8,1,0,3.6,0.7,7,1,0,7.4,2.3,3,1,0,10,2.3,9,1,1259,1,0,0,0,0,0,0,47626,95,0,-1.4,1,1,0.3,3,0,0.6,1.7,14,1,3,0,2.6,1.9,15,1,3,0,5,1.7,14,1,3,0,7.6,1.5,14,1,2,0,9,0.8,13,1,1,359,31,0,-1.2,1.1,14,0.3,0,0.8,1.5,12,1,0,2.6,1.2,12,1,0,4.6,0.9,12,1,0,6.6,1.3,13,1,0,9,1.5,14,1,47641,95,0,-4.9,0.3,4,0.1,29,0,-2.4,1.7,9,1,29,0,0.7,0.4,12,1,29,0,3.7,0.6,14,1,29,0,6.4,1.4,1,1,28,0,8.3,0.8,1,1,,362,1,0,0,0,0,0,0,363,31,0,-0.8,0.7,14,0.3,0,1.4,1.2,1,1,0,2.9,1.6,14,1,0,5.3,1.8,15,1,0,7.2,1.3,14,1,0,9.6,0.9,9,1,364,31,0,-0.5,0.8,13,0.3,0,2.3,1.4,15,1,0,4.2,1.3,15,1,0,6.7,1.6,15,1,0,8.5,1.6,14,1,0,9.9,1.2,12,1,1000,1,0,0,0,0,0,0,1009,31,0,-2.3,1.2,12,0.2,0,-0.5,0.8,12,1,0,2.6,1.1,15,1,0,5.2,1.2,0,1,0,7.5,1.2,2,1,0,9.3,1.8,2,1,1069,1,0,0,0,0,0,0,1070,31,0,-1.1,0.3,10,0.2,0,1.5,0.5,8,1,0,3.5,0.8,0,1,0,5.5,0.4,14,1,0,7.2,1.6,14,1,0,8.9,0.9,0,1,1159,1,0,0,0,0,0,0,1182,1,0,0,0,0,0,0,1232,31,0,-3.7,0,16,0.2,0,-0.6,0.4,13,1,0,3,0.4,8,1,0,5.5,0.7,8,1,0,7.9,1.2,6,1,0,9.8,0.6,1,1,1497,1,0,0,0,0,0,0,365,31,0,-2.3,0.6,14,0,0,-1.1,0.6,9,0,0,0.4,1,9,0,0,3.4,1.1,9,0.9,0,6.7,1,13,1,0,8.1,1.2,4,1,366,31,0,-0.9,0.6,12,0.3,0,1.1,0.1,16,1,0,4.5,1.1,3,1,0,6.5,1.1,2,1,0,8,1,4,1,0,9.9,1.8,5,1,368,1,0,0,0,0,0,0,47662,31,0,3.8,1.8,15,0.4,0,5.1,1.7,15,1,0,5.6,2.1,0,1,0,6.8,1.5,1,1,0,8.6,1.9,15,1,0,10.5,1.3,13,1,370,31,0,3.2,1.6,15,0.4,0,4.5,2.7,15,1,0,6.1,2.4,0,1,0,7.9,1.5,1,1,0,10.6,1.6,9,1,0,10.3,3.4,7,1,371,15,0,4.5,3.2,0,0,5.2,2,0,0,6.4,1.5,1,0,7.6,1.9,2,0,8.2,3,4,0,8.8,3.8,5,47675,31,0,6.4,3.7,3,0,0,7.4,2.2,2,0.4,0,9,2.3,2,1,0,10.3,3.3,15,0.9,0,10.5,2.1,15,0.6,0,10.8,2.6,12,1,47677,31,0,10,9.2,13,0.1,0,10.6,8.2,13,0.9,0,10.8,10,13,0.9,0,11.2,10.9,13,0.6,0,11.3,9.3,13,0.5,0,11.3,12,13,0.8,47678,31,0,10.2,4.2,14,0,0,10.9,4,13,0.9,0,11.9,4.3,13,1,0,12.4,5.2,13,1,0,12.6,4.6,13,0.8,0,12.5,5.9,13,0.9,1001,31,0,-1.3,0,16,0.3,0,2.7,0.7,11,1,0,5.4,0.4,4,1,0,6.8,0.8,5,1,0,8,1.7,4,1,0,9.1,1,5,1,1002,31,0,0.6,0.8,0,0,0,2.4,0.4,1,1,0,4.1,1.6,1,1,0,6.2,1.1,15,1,0,8.2,0.8,2,1,0,9.8,0.7,11,1,1133,31,0,-0.6,0.3,5,0.3,0,3,0.4,7,1,0,4.7,0.7,2,1,0,7.4,1,11,1,0,8.9,1.2,6,1,0,9.9,1.3,8,1,1180,1,0,0,0,0,0,0,47971,31,0,14.3,0.9,1,0.5,0,16.8,1.8,7,1,0,18.5,1.6,7,1,0,19.7,3.1,1,1,0,20.1,3.5,1,1,0,19.5,3.8,1,0.9,1467,15,0,5.7,2.5,4,0,7.7,3.4,2,0,8.2,4.3,2,0,8.8,3.5,2,0,9.4,3.1,2,0,9.5,2.8,1,1468,15,0,10.9,5.2,15,0,11.6,5.5,14,0,12.1,6.6,13,0,12.8,7.1,14,0,13.1,7.9,13,0,12.6,8.3,12,1506,15,0,9.8,5.1,13,0,10.9,5.3,13,0,11.3,7.3,14,0,12,7.5,13,0,12.2,5.8,14,0,12.4,6.9,12,1522,15,0,8.4,4.2,13,0,9.7,5.3,13,0,10.5,5.2,13,0,11,5,13,0,11.3,5.4,13,0,11.3,5.2,13,1523,15,0,8.8,9.4,13,0,9.4,10.3,13,0,9.9,10.4,13,0,10.5,9.5,13,0,10.6,9.3,13,0,10.7,10.4,13,47991,31,0,21,9,3,0.7,0,21.7,8.7,3,0.9,0,22.5,8.5,3,1,0,22.2,8.4,3,1,0,22.8,8.3,3,1,0,22.3,7.9,3,0.9,1595,1,0,0,0,0,0,0,1643,1,0,0,0,0,0,0,1644,1,0,0,0,0,0,0,375,31,0,0.6,1.9,15,0.4,0,2.7,1.9,0,1,0,5.4,1.4,0,1,0,7,1.9,14,1,0,8.2,1.7,1,1,0,9.7,1.7,0,1,376,31,0,-0.4,1.1,14,0.4,0,1.2,1.3,14,1,0,3.9,1.5,14,1,0,6.3,1.9,13,1,0,8.3,1.3,9,1,0,8.9,1.4,14,1,377,1,0,0,0,0,0,0,378,15,0,0.2,2.3,14,0,3.2,3.2,14,0,6,2.9,15,0,7.7,2.3,15,0,9.2,1.4,15,0,11.4,2.3,13,47648,31,0,3.5,2.1,12,0.2,0,5.7,4.9,14,1,0,7.5,5.1,15,1,0,8.9,4.2,15,1,0,9.7,3.9,0,1,0,9.2,3.3,1,1,47682,31,0,3.2,0.1,16,0.4,0,4.6,1.2,14,1,0,6.7,1,15,1,0,8.7,1.5,14,1,0,9,1.9,11,1,0,9.3,2.2,11,1,381,31,0,1.6,1.4,13,0.4,0,4,1.6,13,1,0,7.1,1,14,1,0,10.1,0.9,12,1,0,11.2,1.4,2,1,0,12.4,1.8,8,1,382,31,0,1.9,1.3,5,0.4,0,3.6,0.7,3,1,0,5.3,1.4,1,1,0,7.2,1.5,1,1,0,8.6,1.6,1,1,0,9.3,2,1,1,383,1,0,0,0,0,0,0,384,31,0,2.6,3.7,13,0.2,0,5.2,2.7,12,1,0,7.9,2.2,12,1,0,10.5,1.6,12,1,0,10.8,3.2,5,1,0,11.1,3.7,6,1,47674,31,0,3.2,2.9,0,0.3,0,5.3,3.8,0,1,0,8.1,2.8,15,1,0,9.6,1.6,11,1,0,10.4,3.1,4,1,0,10.5,2.7,4,1,47672,31,0,0,2.2,7,0.3,0,3.2,0.7,8,1,0,6.4,0.6,2,1,0,9.4,0.9,0,1,0,10.9,2.5,13,1,0,11.2,3.5,13,1,916,31,0,-0.5,0.7,3,0.4,0,2.5,0.7,1,1,0,5.2,1.5,1,1,0,7.4,2.2,1,1,0,8.5,2.8,1,1,0,10.2,3.5,1,1,1003,31,0,1.6,2.1,15,0.4,0,3.9,2.4,15,1,0,6.5,1.5,15,1,0,9,2.1,15,1,0,10.2,1.9,0,1,0,11.7,1.6,0,1,1004,1,0,0,0,0,0,0,1236,31,0,1,1.1,15,0.3,0,2.8,1.4,13,1,0,5.3,1.8,15,1,0,7.2,1.4,14,1,0,8.9,1.3,15,1,0,10,1.3,11,1,1238,31,0,-1.2,0,16,0.2,0,1,0.4,15,1,0,6.4,1.2,13,1,0,9,1.2,13,1,0,10.3,1.5,14,1,0,11.2,1.5,14,1,1241,31,0,-2.5,0,16,0.1,0,0.3,0.1,16,1,0,5,1.3,7,1,0,6.9,0.9,8,1,0,9.2,1.4,12,1,0,10.4,1.1,2,1,387,1,0,0,0,0,0,0,388,31,0,1.3,0.4,13,0.2,0,3.5,1.5,0,1,0,5.4,1.2,1,1,0,8.6,1.1,9,1,0,9.5,0.9,8,1,0,11,1.5,6,1,47670,31,0,3.1,3.4,0,0.3,0,4.1,2.7,0,1,0,6,1.8,0,1,0,8.2,2.2,0,1,0,9.8,1.2,2,1,0,9.6,2.8,5,1,390,1,0,0,0,0,0,0,392,31,0,2.6,1.7,0,0.3,0,5,1.1,1,1,0,7.3,2.2,3,1,0,8.9,2.3,4,1,0,9.3,2.1,5,1,0,10.3,1.9,10,1,1005,1,0,0,0,0,0,0,1006,1,0,0,0,0,0,0,1007,1,0,0,0,0,0,0,1008,31,0,1.2,0.9,14,0.1,0,3,1.1,15,1,0,5.5,0.6,3,1,0,7.4,2.4,5,1,0,9.7,2.6,8,1,0,9.3,2.9,7,1,1096,1,0,0,0,0,0,0,1443,31,0,3,1.9,1,0.2,0,4.4,2.5,1,1,0,6.2,2.5,1,1,0,7.9,1.2,3,1,0,10.2,2.2,8,1,0,10.1,3.4,9,1,393,127,0,-5.4,0.7,10,0,0,140,0,-4,0.8,9,0,0,140,0,-5,1,14,0.3,0,140,0,-2.6,0.3,2,0.3,0,139,0,-0.9,1.3,15,0.2,0,139,0,0.3,0.9,0,0.2,1,140,394,127,0,-6.9,0.6,6,0,0,93,0,-4.3,1.2,10,0,0,92,0,-3,3.2,8,0.1,0,92,0,-0.4,3.2,8,0.7,0,92,0,1,1.5,10,0,0,92,0,2.7,1.1,9,0.7,0,91,395,127,0,-7,0.3,12,0,1,91,0,-5.1,0.7,13,0,0,90,0,-3.5,1.6,3,0.5,0,90,0,-2.4,0.9,8,0.5,0,90,0,-1,0.5,4,0.2,1,91,0,1,0.7,6,0.8,0,91,396,127,0,-3.6,0.6,9,0,0,52,0,-2.9,0.4,4,0,0,52,0,-1.6,0.5,8,0,0,52,0,-0.3,0.7,6,0,0,52,0,0,0.3,10,0,1,53,0.5,1.1,0.9,2,0,1,54,47610,95,0,-5.2,0.5,12,0.2,28,0,-3.5,0.5,4,0.4,28,0,-2.2,0.6,8,1,28,0,-0.8,0.3,11,1,28,0,1.7,0.5,4,1,28,0,3.6,1.2,5,1,27,398,1,0,0,0,0,0,0,399,127,0,-5.6,0.5,13,0,0,35,0,-3.6,1,8,0.3,0,34,0,-2.5,0.7,0,1,0,34,0,-0.4,1,10,0.9,0,34,0,1.5,1.3,10,1,0,33,0,3.1,2.9,1,1,0,33,400,31,0,-4.8,0.2,16,0,0,-3,0.6,9,0.1,0,-1.7,0.7,15,0.8,0,0.7,2.6,1,1,0,2.9,0.8,1,1,0,5.2,0.8,14,1,402,31,0,-7.6,0.9,4,0.2,0,-6.7,1.5,5,0.5,0,-4.6,1.1,3,1,0,-1.9,1.5,5,1,0,1,1,9,1,0,2.8,0.8,10,1,404,23,0,-6,0.2,0,0,-4.6,0.8,0.9,0,-2.2,0.4,1,0,-0.5,0.9,1,0,1.7,1.1,1,0,4.1,1.3,1,47622,95,0,-9.4,1.2,0,0,59,0,-5.4,0.9,11,0.8,59,0,-1.7,1.4,9,0.7,58,0,1.8,2.6,11,1,58,0,2.7,2.6,10,1,58,0,3.6,2.7,11,1,57,47618,95,0,-6.1,2.6,0,0,28,0,-4.3,0.6,8,0.6,28,0,-2.3,1.1,7,1,28,0,-0.5,1.5,9,1,28,0,1.8,1.3,11,1,28,0,4.6,1.6,2,1,28,407,1,0,0,0,0,0,0,408,31,0,-10.3,0.5,15,0.2,0,-8.8,0.3,8,0.8,0,-6.3,0.6,6,1,0,-2.5,0.6,7,1,0,-0.1,0.5,10,1,0,1.7,0.7,13,1,47620,95,0,-6,1.6,6,0,19,0,-4,1.4,7,0.7,19,0,-2.9,0.6,11,1,19,0,0,0.6,9,0.9,19,0,1.7,0.5,0,1,19,0,4.9,1.6,15,1,18,413,31,0,-3.3,0.9,10,0,0,-0.7,2.2,12,0,0,0.7,1.7,9,0.2,0,2.9,0.9,9,1,0,3.8,3.8,9,1,0,5,4,9,1,414,31,0,-6.6,1.4,3,0,0,-5.4,1.5,15,0.5,0,-1.4,1.1,0,0.8,0,1.2,2.2,2,1,0,2.7,1.3,1,1,0,3.4,1.3,15,1,415,31,0,-11.6,0.6,10,0.2,0,-5.8,1.1,1,1,0,-0.8,1.9,9,1,0,0.1,1.5,8,1,0,0.2,1.8,4,1,0,0.9,1.7,4,1,416,1,0,0,0,0,0,0,417,29,0,0.7,8,0,0,0.4,14,0.1,0,0.4,2,0.5,0,1.3,9,1,0,0.9,10,1,0,1.5,5,0.8,420,1,0,0,0,0,0,0,422,1,0,0,0,0,0,0,424,31,0,-2.9,0.7,14,0,0,-1.9,1.1,2,1,0,0,1.3,6,1,0,3.1,1.8,7,1,0,3.9,3.7,7,1,0,4.8,2.2,7,1,47637,95,0,-2.9,0.8,13,0,18,0,-0.9,0.9,6,1,18,0,0.5,2.4,5,1,18,0,3.3,2.2,4,1,18,0,5.3,0.8,4,1,18,0,8.1,2.7,5,1,18,992,127,0,-18.2,0,16,0,0,102,0,-11.4,0.2,16,0.8,0,102,0,-3.4,0,16,1,0,102,0,-0.8,1.2,12,1,0,101,0,0.3,1.2,15,1,0,101,0,0.1,1.7,14,1,0,101,993,31,0,-8.5,1,1,0,0,-3.4,3,1,0.1,0,-4.7,0.8,15,0.9,0,-1.2,1.2,9,1,0,0.7,0.3,7,1,0,2.9,3.5,12,1,994,1,0,0,0,0,0,0,1022,31,0,-3,0.8,2,0,0,-2.3,0.5,12,0,0,-0.9,0.6,13,0.2,0,1.2,0.6,14,0.8,0,5.1,0.9,10,0.8,0,7,1.4,11,0.9,1162,1,0,0,0,0,0,0,1300,31,0,-12.7,0.4,9,0.1,0,-10.9,0.2,16,1,0,-4.7,1,1,1,0,-2.6,0.8,3,1,0,-0.1,0.6,2,1,0,2.3,0.7,0,1,1312,31,0,-1.8,1.1,7,0,0,-0.5,1.1,12,0,0,1,0.7,2,0.3,0,1.4,1.4,1,0.1,0,2.9,3.6,3,0.7,0,3,2.6,1,1,1314,127,0,-8,0.1,16,0,1,85,0,-6.5,0.4,6,0,0,84,0,-1.6,2.4,2,0.2,0,84,0,0.5,1.5,15,0.5,1,85,0,0.9,2.7,0,0.9,0,85,0,0.8,3.4,0,1,0,85,1317,31,0,-2.5,0.3,14,0,0,-0.5,0.4,14,0.2,0,0.9,0.5,7,0.5,0,3,0.8,5,1,0,3.7,2.3,9,0.7,0,4.1,2.2,13,1,1319,31,0,-6.9,0.3,0,0,0,-4.4,0.2,16,0.8,0,-1.5,2.1,5,1,0,2.4,2.8,7,1,0,4.5,2.7,8,1,0,6.2,2.9,7,1,1323,31,0,-1.6,0.5,5,0,0,-0.8,0.4,4,0,0,1.4,0.7,10,0.3,0,4.6,1.4,9,0.8,0,8.2,1.2,12,0.9,0,8.9,1.4,11,1,1339,1,0,0,0,0,0,0,1360,1,0,0,0,0,0,0,1394,1,0,0,0,0,0,0,1397,1,0,0,0,0,0,0,1411,97,0,0,122,0,1,123,0,0,123,0,0,123,0,0,123,0,0,121,1445,31,0,-4.4,0.7,4,0,0,-2.9,1.5,8,0.5,0,0.6,1.3,7,1,0,1.5,1,9,0.8,0,5.2,4,8,0.7,0,7,3.9,8,1,1529,15,0,-7.6,0.9,8,0,-6.1,0.5,0,0,-4.1,1.1,15,0,-2.4,0.5,14,0,-0.3,2.3,0,0,1.5,2.8,14,1549,1,0,0,0,0,0,0,1550,1,0,0,0,0,0,0,1551,1,0,0,0,0,0,0,47638,95,0,-1.1,1.1,8,0.2,3,0,0.6,0.8,13,0.9,3,0,2.4,0.7,7,1,2,0,3.9,1.3,7,1,2,0,5.6,1.3,9,1,1,0,7.2,1,6,1,,433,31,0,-2,0.6,6,0,0,0.6,0.5,6,0.7,0,1.1,1.1,13,1,0,2.6,0.5,13,1,0,4.5,0.6,13,1,0,5.6,0.7,10,1,434,31,0,-3.7,1.6,8,0,0,-2.7,1.8,8,0.2,0,1,2,8,1,0,5.1,1.1,8,1,0,7.8,2.2,2,1,0,9,3,2,1,436,31,0,-2.1,1.6,6,0,0,-0.9,1.2,7,0.2,0,1.8,0.3,12,1,0,4.9,1.3,12,1,0,6.3,2.6,13,1,0,7.4,2.6,11,1,47640,95,0,-4.9,0.9,13,0,67,0,-3.7,1.1,0,0.5,67,0,-1.3,1.2,0,1,67,0,3.1,0.6,0,1,66,0,5,1.2,3,1,66,0,5.6,3.9,0,1,66,438,31,0,-7,0.5,8,0,0,-3.5,0.9,6,1,0,0.6,1.8,5,1,0,2.6,1.2,15,1,0,3.9,0.9,13,1,0,4.5,1.9,13,1,439,31,0,-0.1,1.1,14,0,0,1.8,1.4,13,0.3,0,3.7,2.6,0,1,0,6.9,2,15,1,0,9.2,1.7,15,1,0,11.9,0.9,12,1,1023,31,0,-3.5,1.7,2,0.2,0,-2.4,1,2,1,0,0.5,0.4,5,1,0,2.4,0.8,7,1,0,4.6,5.5,14,1,0,5.5,4.8,14,1,1024,31,0,-3,0.1,16,0.2,0,-0.6,0.7,0,1,0,1.6,0,16,1,0,2.3,1.5,6,1,0,4.4,2.3,5,1,0,4.9,1.9,5,1,1165,1,0,0,0,0,0,0,1234,31,0,-2.4,1.5,1,0,0,-2.1,2.4,1,0,0,0.1,1.7,2,0.8,0,3,1.8,2,1,0,5.7,2.9,2,1,0,7.6,1.8,2,1,47639,2,-19.7,-18.5,-17.4,-16,-17.1,-17.6,1599,1,0,0,0,0,0,0,1640,1,0,0,0,0,0,0,440,1,0,0,0,0,0,0,441,31,0,-1.9,0.8,1,0.1,0,0.7,1.5,1,1,0,2.5,1.3,1,1,0,5.6,0.9,4,1,0,7,1.5,8,1,0,8.3,2.4,9,1,442,31,0,2.1,2.5,15,0.1,0,4.3,2.1,14,1,0,7.6,1.8,14,1,0,8.8,1.3,4,1,0,10.9,1.2,9,1,0,11.9,2.8,8,1,47657,31,0,1,1.4,7,0.2,0,3,0.4,3,1,0,6.3,1.3,6,1,0,9.5,0.7,8,1,0,11.3,1.3,6,1,0,12.3,3,11,1,444,1,0,0,0,0,0,0,445,31,0,-0.2,0.4,9,0,0,1.5,0.1,16,0,0,4.4,0.5,8,1,0,9.1,1.2,15,1,0,11.5,1.5,2,1,0,12.5,1.4,0,1,47668,31,0,5.4,0.7,8,0,0,6.3,2.8,1,0,0,6.8,1.5,2,0,0,8.1,2,1,0.8,0,8,2.2,2,1,0,8.6,2.5,5,1,448,1,0,0,0,0,0,0,47656,31,0,2.7,0.7,0,0.2,0,5.5,1.1,14,1,0,7.7,0.7,3,1,0,10.2,1.4,1,1,0,11.1,1.7,7,1,0,11.8,3,7,1,451,31,0,2.1,5.2,15,0,0,3.7,2.5,0,0.8,0,8.6,2.2,15,1,0,10,5.1,15,1,0,11.3,4.4,0,1,0,12,5.8,15,1,453,1,0,0,0,0,0,0,454,1,0,0,0,0,0,0,47654,31,0,4.2,3,13,0,0,6.2,3.5,12,1,0,8.3,4.5,12,1,0,10.1,5.3,12,1,0,11.7,7,12,1,0,12.4,7.8,12,1,456,31,0,2.7,0.6,3,0,0,5.4,1.4,4,0.9,0,9.4,1,5,1,0,9.8,2.7,13,1,0,10.6,3,12,1,0,10.8,1.7,12,1,457,31,0,5.9,2,1,0,0,6.9,2.8,1,0.4,0,8.1,2.4,2,0.8,0,9.3,1.3,3,0.7,0,10.4,1.7,3,0.8,0,10.7,1.3,3,0.9,47655,31,0,4.8,3.2,13,0,0,7.1,4,12,1,0,9.4,6.7,12,1,0,10.8,8.6,12,1,0,11.1,9.7,12,1,0,11.6,9.3,11,1,47666,31,0,6.9,2.2,15,0.1,0,8,3.6,13,1,0,9.3,4.3,13,1,0,10.7,4.3,13,1,0,10.9,4.1,13,1,0,12.2,3.6,12,1,986,31,0,-1.1,0,16,0,0,-0.2,0,16,0,0,2.2,0.5,5,0.3,0,9,1.6,9,0.9,0,10.4,2.5,10,0.9,0,11.2,2.4,6,1,987,1,0,0,0,0,0,0,988,1,0,0,0,0,0,0,989,1,0,0,0,0,0,0,1105,1,0,0,0,0,0,0,1114,1,0,0,0,0,0,0,1243,31,0,3.9,3.5,0,0.1,0,5.4,3.2,0,1,0,8.3,1.8,0,1,0,9.6,2.1,5,1,0,10,2.2,6,1,0,10.4,1.8,7,1,1244,31,0,4.2,1.6,14,0,0,6.1,2.4,13,0.9,0,8.6,3.8,13,1,0,10.5,4,13,1,0,11.2,6.2,12,1,0,12.4,6.3,13,1,1335,31,0,0,0.4,12,0,0,3.3,0.3,10,1,0,6.6,1.1,12,1,0,9.4,1.5,1,1,0,10.6,2,13,1,0,11.9,1.7,15,1,1338,31,0,-2.4,0.3,12,0,0,-1,0.8,4,0.2,0,2.4,1.9,11,1,0,5,2.3,12,1,0,6.4,2,3,1,0,6.9,2.6,3,1,1393,1,0,0,0,0,0,0,1440,1,0,0,0,0,0,0,1601,15,0,3.7,6.8,12,0,6,6,12,0,8,8.4,12,0,10.5,8.3,12,0,10.9,8.9,12,0,12.2,8.1,12,460,1,0,0,0,0,0,0,462,1,0,0,0,0,0,0,47636,31,0,3.4,1.9,0,0,0,4.9,1.5,15,0,0,7,1.7,0,0.9,0,8.4,3.6,14,1,0,10.7,3.7,13,1,0,11.5,4.8,13,0.9,464,31,0,1.4,1.4,1,0,0,2.9,1.7,2,0.5,0,6.5,1,9,1,0,9.1,2,12,1,0,10.4,2.8,11,1,0,10.7,3.2,12,0.9,467,31,0,-1.3,0.5,6,0,0,1.1,0.2,16,0.7,0,4.7,0.4,10,0.8,0,8.6,2.3,13,1,0,9.6,4.5,13,1,0,10.9,3.9,13,1,468,1,0,0,0,0,0,0,469,1,0,0,0,0,0,0,470,31,0,2.8,2.5,10,0,0,4.2,2.6,12,0.6,0,5.7,3.5,13,1,0,8.2,5.8,13,1,0,8.7,4.8,12,1,0,10.8,6.8,13,1,47653,31,0,0.6,0,16,0,0,5.2,1.2,15,0.6,0,8,2.5,13,1,0,9.1,3.2,12,1,0,9.9,3.6,12,1,0,11.1,4.4,14,1,472,1,0,0,0,0,0,0,982,31,0,-1.8,0,16,0,0,-1.1,0.6,1,0,0,3.9,2.8,2,0.8,0,4.9,3.5,0,0.9,0,6,4.3,1,0.9,0,6.6,6.2,1,0.8,983,1,0,0,0,0,0,0,984,31,0,3.2,1.4,13,0,0,5.1,1,12,0.8,0,7.4,2.8,15,1,0,9.3,4,14,1,0,10.7,5.6,14,1,0,11,4.7,14,1,1166,1,0,0,0,0,0,0,1344,31,0,5.4,1.2,15,0,0,6.2,1.2,9,0.7,0,7.7,1.8,12,1,0,8.6,3.4,12,1,0,10.7,5.2,12,1,0,10.8,5.1,12,1,1346,31,0,2.6,0.2,16,0,0,3.6,1.2,2,0,0,5.9,1.8,15,0.6,0,7.8,3.3,14,0.2,0,10.5,4.3,13,0.8,0,10.5,7.4,13,0.9,1541,31,0,-1.5,0.9,4,0,0,1.1,0.3,2,1,0,5.6,2.3,10,1,0,10.6,3.4,12,1,0,10.5,4.8,14,0.8,0,11.8,3.7,13,1,1555,15,0,4.1,2.8,0,0,5.9,1.9,15,0,6.8,3.2,14,0,7.5,2.6,13,0,9.3,3.5,15,0,10,2.7,14,1576,1,0,0,0,0,0,0,1638,31,0,3,1.3,12,0,0,4.6,1.2,15,0.1,0,7.4,1.8,0,0.7,0,9,3.1,14,0.8,0,10.4,3.7,14,0.3,0,11,5.2,14,0.7,473,127,0,-2.7,0.9,8,0,3,70,0,-1.7,1.2,8,0,0,70,0,-0.5,0.5,7,0,0,70,0,0.7,0.7,9,0,0,70,0,2.1,0.4,0,0.5,0,70,0,7.2,1.7,8,0.5,0,67,47617,127,0,-4.4,0.4,7,0,,25,0,-3.8,1.3,5,0.2,1,26,0,-1.8,0.9,13,0.6,,26,0,-0.5,1,4,0.1,,26,0,2.1,0.6,3,1,,26,0,4.6,0.8,11,1,,25,480,1,0,0,0,0,0,0,483,31,0,-2.2,0.8,1,0,0,-0.6,2.7,14,0,0,1.4,2.5,14,0.9,0,4.7,2.5,15,1,0,7.1,2.5,14,1,0,7.7,4.4,0,0.8,485,31,0,-0.6,0.1,16,0,0,0.4,0.1,16,0,0,1.3,0,16,0,0,3.5,0.1,16,0.3,0,,0.6,13,0.2,,7,1.5,9,0.1,486,127,0,-0.1,0.3,4,0,0,0,0,0.9,0.5,4,0.1,0,0,0,3.8,1.3,6,0.6,0,0,0,8.2,2.8,14,0.5,0,0,0,6.8,4.5,15,0.4,0,0,0,9.1,4.3,15,0.8,0,0,487,31,0,-0.5,0.5,10,0,0,0.3,0.9,5,0.4,0,2.2,0.9,6,0.9,0,4.8,0.5,9,0.9,0,7.7,3.2,10,1,0,9.1,2.5,10,1,490,1,0,0,0,0,0,0,491,31,0,0.6,0.7,1,0,0,2.7,1.2,3,0.7,0,5.1,0.7,1,1,0,7.5,0.9,11,1,0,8.4,1.6,13,1,0,9.9,3.1,13,0.8,493,31,0,-0.4,0.6,1,0,0,0.3,0.7,0,0.4,0,2.7,0.8,1,1,0,5.7,0.7,11,1,0,8.3,5.4,13,1,0,10,4,12,0.9,494,31,0,0,1.1,2,0,0,0.3,1.5,2,0.1,0,2.3,1,4,0.4,0,6.2,1.1,15,0.9,0,6.9,0.9,5,1,0,9.9,2.2,13,0.7,495,127,0,2.1,2.4,12,0,0,0,0,2.2,3.2,12,0,0,0,0.5,2.9,2.5,12,0.1,0,0,0,4.6,1.1,11,0.1,0,0,0,6.1,1.9,13,0.3,0,0,0,6.7,3.2,12,0,0,0,496,31,0,4.2,1.3,15,0,0,4.3,1.8,14,0.3,0,5.8,1.4,15,0.3,0,8,3.3,12,0.4,0,9.7,2.9,14,0.3,0,9.5,4.5,12,0.3,47632,31,0,3.4,1.1,2,0,0,4.8,1.9,3,0.3,0,5.9,0.7,14,1,0,7.4,2.5,11,0.3,0,9.8,3.8,11,1,0,11,5.3,13,0.6,1057,31,0,1.9,2.6,0,0,0,2.7,1.6,2,0,0,5.4,2.1,1,0.8,0,7.3,2.2,9,1,0,9.2,1.8,10,1,0,9.9,2.7,9,0.3,1058,31,0,0.5,0,16,0,0,2.8,0.7,7,0.7,0,5.4,0.9,5,1,0,8.5,1,12,1,0,11.7,1.8,12,1,0,11.7,2,12,0.9,1059,1,0,0,0,0,0,0,1061,31,0,-4,0.3,12,0,0,-3.4,0.4,3,0,0,-1.9,0.2,16,0,0,-0.5,1.7,12,0.4,0,0.6,1.6,11,0.2,0,3.3,3.4,10,0.3,1066,31,0,-2.4,0,16,0,0,-1.7,0.1,16,0.2,0,0.5,0.3,10,0.9,0,3.7,0.8,5,1,0,6.9,2.2,13,1,0,8.2,2.4,13,1,1299,127,0,-0.2,0.4,5,0,0,6,0,0.2,0.8,7,0,0,6,0,1.6,1.6,1,0.3,3,9,0,1.7,0.4,4,0.1,0,9,0,3.6,0.7,1,0.1,0,8,0,5.4,1.2,8,0.1,0,7,1301,31,0,2,0.9,12,0,0,3.1,0.7,11,0.2,0,4.5,0.9,13,0.2,0,5.7,0.9,9,0.1,0,7.3,1,14,0,0,10.9,3.8,13,0.2,1305,31,0,-5.8,0.1,16,0,0,-5,0.1,16,0,0,-1.5,0.1,16,0.1,0,0.1,0.1,16,0.7,0,1.3,1.4,12,0.7,0,1.9,2.3,15,0.4,1306,127,0,-1.5,0,16,0,0,88,0.5,-1,0,16,0,0,88,0.5,-0.6,0,16,0,1,89,0,0.6,0.1,16,0.1,0,89,0,2.8,0.3,9,0.3,0,87,0,3.8,0.7,2,0,0,85,1308,127,0,-2.5,0.1,16,0,0,93,0,-1.9,0.4,2,0,0,93,0,-1.8,0.7,3,0,0,93,0,-0.9,0.6,2,0.1,0,93,0,1.5,0.2,16,0.5,0,93,0,3.7,0.7,11,0.3,0,92,1311,31,0,-8.5,0.7,9,0,0,-6.9,0,16,0,0,-3.3,0.2,16,0.6,0,-0.1,1.5,1,0.4,0,1.6,2.8,2,0.5,0,2,1.9,0,0.4,1313,31,0,-1.6,0,16,0,0,-0.5,0,16,0.3,0,2.5,0.6,9,0.8,0,4.5,0.9,12,1,0,5.2,0.7,10,0.9,0,7.3,0.9,10,1,1384,1,0,0,0,0,0,0,1387,1,0,0,0,0,0,0,1436,1,0,0,0,0,0,0,1437,1,0,0,0,0,0,0,1438,1,0,0,0,0,0,0,1577,1,0,0,0,0,0,0,499,1,0,0,0,0,0,0,500,31,0,1.5,0.4,10,0,0,2.7,0.3,12,0,0,4.9,0.6,1,0.5,0,6.6,1.1,3,0.4,0,10.4,4.8,13,0.4,0,11.7,4.6,14,0.9,47684,31,0,0.4,1.1,0,0,0,3.8,0.8,13,0.7,0,7.3,0.8,3,1,0,9.9,0.8,0,1,0,9.8,3.2,15,0.4,0,10.9,2.7,14,0.4,503,31,0,3,2.2,13,0,0,6.7,2.8,12,0.7,0,7.7,3.1,12,0.6,0,9.3,1.9,14,0.6,0,10.3,3.5,14,0.8,0,10.5,5,15,0.6,47649,31,0,-1.7,0.7,7,0,0,-0.4,0.4,6,0.5,0,2.1,1,7,1,0,8.4,3.3,12,1,0,10.5,5.6,13,1,0,11.3,6.2,13,1,505,1,0,0,0,0,0,0,47651,31,0,3.4,0.9,9,0,0,6.1,1.4,13,0.5,0,8.1,3.2,13,1,0,9.8,5.1,14,0.9,0,11,5.2,14,0.8,0,12.4,4.9,13,0.5,507,1,0,0,0,0,0,0,509,31,0,0.2,1.5,9,0,0,2.7,1.2,6,0.6,0,6.1,1,1,1,0,10.3,3.3,14,1,0,12,5.1,14,1,0,13,4.8,14,0.9,510,31,0,-2.7,0.5,10,0,0,-0.4,0.1,16,0.4,0,4.2,0.8,10,1,0,10,1.4,9,1,0,11.1,3.9,15,0.9,0,12.2,3.5,12,0.9,511,1,0,0,0,0,0,0,47663,31,0,3.9,2.5,12,0,0,6.7,0.6,8,1,0,9.8,1.1,5,1,0,12.2,2.3,5,1,0,13.9,4.5,3,1,0,14.4,5.5,3,1,1230,31,0,-0.2,0.6,8,0,0,2.7,0.3,4,0.5,0,7.7,1.9,13,1,0,8.9,2.1,14,1,0,10.1,4.3,14,1,0,10.6,5.1,15,1,1255,1,0,0,0,0,0,0,1258,31,0,1.6,0.2,16,0,0,4.6,0.3,3,0.7,0,9.9,0.9,7,1,0,10.9,2.2,2,1,0,11.9,1.5,11,1,0,12.4,2.3,15,0.9,1349,31,0,0.2,0.5,13,0,0,2.9,0.6,14,0.8,0,7,0.4,12,1,0,12.4,1.3,13,1,0,13.7,3.3,15,1,0,14.4,4.3,14,1,1356,1,0,0,0,0,0,0,1381,1,0,0,0,0,0,0,1423,1,0,0,0,0,0,0,1532,31,0,6.2,2,14,0.1,0,9,1.6,15,1,0,10.9,1.4,5,1,0,12,2.1,5,1,0,12.7,3.1,5,1,0,13.1,2.7,5,1,515,31,0,-1.3,2,3,0,0,-0.7,1.9,4,0,0,0.2,1.7,3,0,0,0.8,2.3,3,0,0,1.9,2.1,2,0.3,1.5,0.8,0.8,1,0,47602,31,0,3.6,3.1,6,0,0.5,3.6,2.1,6,0,0,6.4,5.6,10,0,0.5,5.9,11.7,12,0,0,7.4,12.3,13,0,0,7.8,10.9,14,0.3,518,31,0,1.4,1.9,9,0,0,2.9,3.5,11,0,0.5,3,2.3,9,0,1.5,3.2,3.5,8,0,1,5.5,4.1,11,0,0,8,10.5,13,0.4,47604,31,0,0.3,2,9,0,0,1.2,2.3,7,0,0,1.8,2.4,8,0,0,1.4,2.4,8,0,1,2.3,3.4,8,0,1.5,2.4,4.9,8,0,521,127,0,-0.5,0.2,16,0,0,0,0,-0.3,1.8,5,0,0,0,0,1.1,1.9,7,0,0,0,0,1,3.6,9,0,1,1,0.5,2.7,4.1,9,0,0,0,1.5,2,5.3,10,0,0,0,522,31,0,0,1.6,9,0,0,0.8,3,8,0,0,1.6,4.7,8,0,0,1.2,4.4,8,0,0.5,1.5,6,8,0,2,1.9,5.8,8,0,524,31,0,0.3,4.1,5,0,0,1.5,3.3,5,0,0,1.4,3.1,6,0,0,1.7,4.2,6,0,1.5,2.6,4.1,8,0.2,0,5.6,7.9,12,0,525,31,0,0.7,2.2,10,0,0,1.1,1.5,7,0,0,1.5,2.7,9,0,0,2.4,2.1,8,0,0.5,2,3.7,10,0,1,2.4,3.7,8,0,526,1,0,0,0,0,0,0.5,527,127,0,-4.5,0.3,1,0,0,66,0,-3.9,0.3,7,0,0,66,0,-2.8,0.2,16,0,0,66,0.5,-1.8,0.1,16,0,0,66,0,-0.8,0,16,0,0,66,0.5,-0.5,0,16,0,2,68,529,127,0,0.4,2.5,9,0,0,21,0,0.6,3,9,0,0,21,0,1.5,3.5,9,0,0,21,0,2.1,3.5,9,0,0,20,1.5,1.2,2.7,10,0,0,19,2.5,1.6,1.9,7,0,2,21,530,1,0,0,0,0,1,4,532,127,0,-0.3,1.2,7,0,0,0,0,0.9,2.6,7,0,0,0,0,2.7,1.3,5,0,0,0,0,5,2.3,9,0,0,0,0,6.1,4.4,11,0,0,0,0,8.3,6.1,12,0.4,0,0,534,127,0,-1.8,0.6,11,0,0,135,0,-1.2,0.3,14,0,0,135,0,-1,0.1,16,0,1,136,0,-0.3,1.1,0,0,0,136,0.5,0.8,1.3,15,0,0,135,0.5,1.3,1.1,6,0,0,135,47612,95,0,0.8,1.5,8,0,50,0,2.3,3.2,8,0,50,0,4.7,3.8,8,0,49,0,6.3,3.5,8,0.1,49,0,5.8,4.1,12,0.1,49,0.5,7.8,5.8,12,0.1,48,536,127,0,-3.3,0.9,9,0,0,129,0,-1.5,1,9,0,0,129,0,-0.2,1.3,8,0,0,129,0,2.3,1.7,14,0.1,0,129,0,3.2,0.9,1,0,0,128,0,4.1,1.8,14,0,0,128,537,127,0,-2,1,9,0,0,141,0,-1.7,2,9,0,1,142,0,-0.2,3.9,8,0,0,142,0,1.4,5.3,8,0.3,0,142,0,2.1,4.8,8,0.2,0,141,0,0.6,3.3,8,0,0,140,539,31,0,4.3,3.2,7,0,0,5.9,1.9,9,0,0,7.4,4.4,10,0,0,6.4,2.6,9,0,0.5,6.7,4.5,11,0,0,9.1,6.6,11,0.2,540,127,0,-0.1,1.9,6,0,0,42,0,1.6,1.5,6,0,1,43,0,7,3.3,11,0,0,42,0,5.7,4.2,13,0,0,42,0.5,4.9,3.4,13,0,0,42,0,6.4,5.7,13,0,0,41,543,127,0,-2,1.9,9,0,0,224,0,-2.1,4.7,11,0,1,225,0,-1.3,3.4,12,0.5,0,224,0,-0.1,1.9,10,0.3,0,224,0,1.4,1.2,8,0.3,0,223,0,0.5,0.4,0,0,1,224,544,127,0,-1.5,1.1,7,0,0,177,0,-0.7,0.8,7,0,0,177,0,0.9,2.1,6,0.1,0,177,0,2.7,0.6,4,0.4,0,177,0,3.8,1.6,7,0.2,0,177,0,3.8,0.5,12,0,0,176,995,31,0,2.8,3.3,9,0,0,3.3,3,9,0,0.5,2.9,5.3,8,0,0.5,3.2,4.9,8,0,0,3.3,6.9,8,0,0.5,3.6,7.9,8,0,996,31,0,0.5,2.9,1,0,0,1.2,2.4,1,0,0,2.4,1,1,0,0,5.6,5.1,10,0,0.5,6.4,1.8,14,0,0,7.5,3.2,15,0,997,127,0,-2.5,0.7,1,0,0,220,0,-2.2,0.3,4,0,0,220,0.5,-1.9,0.9,13,0,2,222,0.5,-1.3,0,16,0,0,222,0.5,-0.5,1,1,0,0,222,1.5,-0.2,0,16,0,2,224,998,127,0,-0.2,4,9,0,0,116,0,0.4,4.4,9,0,0,116,0,1.9,4.6,9,0,0,116,0,2.5,3.6,9,0,0,116,0,2.8,3,9,0,0,115,0,4.1,0.9,2,0.9,0,114,1060,127,0,-3.2,0.9,10,0,0,50,0,-2.4,0.7,11,0,0,50,0,-1.3,1.2,4,0,0,50,0,-0.1,1.6,5,0,0,50,0,0.5,1.9,5,0,1,51,0.5,0.5,1.1,1,0,0,51,1111,1,0,0,0,0.5,0,1.5,1154,1,0,0,0,0,0,0,1155,1,0,0,0,0,0,0,1256,1,0,0,0,0.5,0,0.5,1297,1,0,0,0,0,1,0,1302,31,0,-0.7,1.2,6,0,0,0.7,2.2,7,0,0,3,2,7,0.1,0,4.7,1.5,9,0.4,0,6.4,7.5,11,0,0,8.3,7.3,11,0,1315,31,0,2.8,2.3,7,0,0,3.1,2.4,7,0,0,4.5,3.3,7,0,0,5.5,3.2,9,0.1,0.5,6.7,5.1,13,0.2,0,6.2,3.6,13,0.1,1318,31,0,0.5,0.6,3,0,0,1.9,1.7,9,0,0,2.6,0.6,6,0,0,3.8,2.2,10,0,0,4.1,2.7,9,0,0.5,3.8,4.2,10,0,1369,1,0,0,0,0.5,0,1,1370,1,0,0,0.5,0,0,0,1395,1,0,0,0,0,0,0.5,1398,1,0,0,0,0.5,0.5,3,1424,1,0,0,0,0,0,0,1426,1,0,0,0,0,0,0,1427,1,0,0,0,0,0,0,1444,1,0,0,0,0,0,1,1469,15,0,0.3,1.9,7,0,1,3.6,7,0,2.3,2.2,6,0,2.5,4.7,8,0.5,1.7,3.7,7,0.5,2.9,6.7,9,1514,15,0,-0.1,1.1,9,0.5,1.3,0.5,10,0.5,2.2,1.2,7,1.5,2.3,1.4,8,1,5.8,6.5,13,0,7.9,6.5,13,546,127,0,5.5,6,8,0,0,0,0,6.1,3.5,9,0,0,0,0,6.4,4.8,10,0,0,0,0.5,6.9,5.6,9,0,0,0,0,7.8,8.2,10,0,0,0,0,8.5,6.7,10,0.1,0,0,547,127,0,5.5,3.1,8,0,0,0,0,6.4,3,9,0,0,0,0,6.3,3.5,9,0,0,0,0,6.8,3.4,9,0,0,0,0,6.5,3.9,11,0.1,0,0,0,8.3,4.8,9,0.2,0,0,47606,31,0,2.1,3,10,0,0,3.2,2.9,10,0,0,4.9,2.8,10,0,0,7.7,2.7,10,0.3,0,10,4.4,11,0.3,0,11.4,5.4,12,0.9,47607,31,0,3.2,3.8,8,0,0,4.5,2.6,9,0,0,5.9,2.7,8,0.1,0,9,2,8,0.5,0,8.9,6.6,12,0.1,0,9.8,6.3,12,0.5,552,127,0,0.9,2.4,7,0,0,1,0,2.5,1,10,0,0,1,0,6.7,3.2,10,0.2,0,1,0,8.5,5,11,0.9,0,0,0,8.1,5,12,0.2,0,0,0,8.8,5.2,11,0.5,0,0,553,31,0,0.9,0.5,3,0,0,1.4,0,16,0,0,1.6,0.3,13,0,0,2.9,0.5,4,0,0,5.4,1.7,9,0,0,5,1.5,14,0.1,554,31,0,1.4,0.6,4,0,0,5,2,9,0,0,6.8,3.9,10,0,0,8,2.2,11,0.5,0,7.7,2.7,12,0,0,8.6,2.9,11,0.2,555,31,0,1.2,1.4,10,0,0,2.6,1.8,10,0.3,0,4.5,1.2,10,0,0,8.1,3.6,10,0.5,0,8.5,4,11,0.4,0,8.5,2.2,9,0.3,1309,127,0,-0.1,0.3,10,0,0,0,0,0.9,0.3,10,0,0,0,0,3.2,1,12,0,0,0,0,7.7,1.4,12,0.4,0,0,0,9.5,5.4,12,0.3,0,0,0,10.5,5.5,12,0.9,0,0,1412,1,0,0,0,0,0,0,1414,1,0,0,0,0,0,0,1455,97,0,0,33,0,0,33,0,0,33,0,0,33,0,0,31,0,,,1533,15,0,3.3,1.8,8,0,4.4,2.9,7,0,6.1,2.8,7,0,9.2,5.3,11,0,8.9,6.7,11,0,9.4,6.7,12,1553,1,0,0,0,0,0,0,1621,1,0,0,0,0,0,0,560,127,0,3,1.2,11,0,0,0,0,4.5,2.4,10,0,0,0,0,5.1,3.5,10,0,0,0,0.5,7.3,1.9,11,0.3,0,0,0,8.6,4.3,12,0.7,0,0,0,8.8,5.3,13,0.4,0,0,47600,31,0,2.6,3.7,9,0,0,3.6,3.7,10,0,0.5,6.3,3.4,12,0,0,8.9,4.8,11,0.6,0,8.7,5.2,13,0.7,0,9.3,4.8,12,0.9,562,1,0,0,0,0,0,0,564,31,0,6.3,2.6,10,0,0,7.9,2.8,11,0.1,0.5,7.8,5.7,13,0,0,9.1,5.4,13,0.7,0,10.1,5.5,13,1,0,10.6,5.6,13,0.9,565,127,0,3.6,1.5,11,0,0,0,2,3.6,3.5,9,0,0,0,2.5,4.9,1.1,13,0.1,0,0,0,6,1.7,9,0,0,0,0,8.3,2.3,11,0.6,0,0,0,8.9,2.7,10,0.3,0,0,566,31,0,5.3,3.8,9,0,0,6,5,10,0,0,8.2,6.7,11,0,0,8.7,6.9,13,0,0,9.3,6.7,12,0.5,0,9.6,5.5,12,0.4,567,31,0,2.6,2.4,9,0,0,5.9,4.7,10,0,0,7.3,5.3,10,0.1,0,8.4,5.2,13,0.5,0,9.2,5.3,13,0.3,0,10.2,5.3,12,0.9,47605,31,0,6.3,5.1,10,0,0,6.5,7.3,10,0.2,0,8,4.9,10,1,0,9.7,5.1,11,0.9,0,10,5.2,13,0.4,0,10.8,5.3,12,1,570,1,0,0,0,0,0,0,571,127,0,2.2,0.9,11,0,0,0,0,3,0.4,12,0,0,0,0,5.1,0.9,8,0.1,0,0,0,6.2,2.1,10,0.1,0,0,0,8.4,1.5,6,0.6,0,0,0,8.4,1.4,4,0.1,0,0,973,127,0,2.9,1.6,4,0,0,0,1,2.6,3.3,6,0,0,0,0,3.6,2.9,6,0,0,0,0,5.4,3.6,6,0.1,0,0,0,6.5,1.4,6,0,0,0,0,7.3,1,7,0.2,0,0,1171,1,0,0,0,0,0,0,1324,31,0.5,4.9,2.5,10,0,0.5,5,2,6,0,0,6.5,1.5,8,0.2,0,8.3,1.2,10,0.1,0,9.9,2.1,11,0.5,0,10.4,3.2,12,0.6,1544,15,0,1.1,1.9,10,0,1.9,1.7,10,0,2.2,1.6,12,0,4.9,4.1,11,0,6.1,4.5,13,0,6.4,5.3,12,1545,1,0,0,0,0,0,0,47616,31,0,1.8,1.9,9,0,0,2.8,1.7,9,0,0,3.8,1.4,7,0.2,0,4.7,1.7,4,0,0,7.6,2.3,6,0.4,0,8.8,1.7,3,0.2,573,127,0,-0.5,0,16,0,0,0,0,-0.3,0.2,16,0,0,0,0,1,0.6,5,0.2,0,0,0,1.8,0.7,6,0.1,0,0,0,3,2.4,5,0,0,0,0,5.3,0.6,15,0.5,0,0,577,127,0,0,1.8,9,0,0,0,0,0.5,1.5,9,0,0,0,0,2,1.8,9,0.1,0,0,0,3.8,0.8,2,0.1,0,0,0,6.5,3,8,0.1,0,0,0,8.5,1.4,1,0.5,0,0,47631,31,0.5,3.7,2.8,10,0,1,4.1,1.6,8,0,0,5.1,1.9,7,0,0,8.1,0.7,2,0.2,0,7.8,6.6,15,0,0,8.8,2,15,0,579,127,0,1.2,1.1,6,0,0,0,0,2,0.9,4,0,0,0,0,4.7,1.4,13,0.2,0,0,0,8.7,2.3,14,0.5,0,0,0,10.2,4.3,13,1,0,0,0,10.6,5.6,12,1,0,0,974,1,0,0,0,0,0,0,1010,31,0,4.2,2.2,10,0,0,5.9,1.5,10,0,0,7,1.5,10,0,0,9.3,2.5,11,0.8,0,8.7,2.8,14,0,0,9.5,2.8,14,0.1,1071,31,0,3.2,5.6,7,0,0,3.5,4.3,7,0,0,4,3,7,0,0,6,3,7,0.1,0,9.6,3.4,7,1,0,10.5,2.3,14,0.4,1226,31,0,0.6,1,6,0,0,0.8,1.2,5,0,0,1.3,0.4,6,0.1,0.5,2.2,1.5,15,0,0,3.5,1.6,5,0,0,5.8,1.2,11,0.7,1316,31,0,7.9,4.4,12,0,0,8.1,4.4,12,0,0,8.9,3.9,12,0,0,8.6,0.9,0,0.1,0,10.4,2.7,15,0.2,0,10.1,3.2,15,0.3,1382,97,0,0,74,0,0,74,0,0,74,0,0,73,0,0,72,0.5,0,71,1454,1,0,0,0,0,0,0,1537,15,0,2.5,3.8,7,0,3.2,4.2,7,0,4.2,3.1,7,0,5,0.6,6,0,7.8,3.8,5,0,8.9,1.4,14,1565,97,0,0,0,0,0,0,0,0,0,0,0,0,0,0,0,0,0,0,580,127,0,1.8,0.6,0,0,0,0,0,3.7,0.1,16,0.1,0,0,0,5,1.4,4,0.6,0,0,0,5.8,1.6,6,0.4,0,0,0,6.6,1.6,6,0.4,0,0,0,6.1,1.5,7,0.1,0,0,47761,31,0,1.2,1.1,5,0,0,2.6,1.4,7,0.3,0,5.5,2.2,9,1,0,5.9,0.8,13,0.5,0,7.9,1.7,10,0.8,0,7.4,3,1,0.1,584,1,0,0,0,0,0,0,586,31,0,1,1.4,8,0,0,2.9,0.6,7,0.3,0,4.3,1.1,12,0.3,0,7.8,0.8,12,0.6,0,9.8,3.8,12,1,0,10.1,3.7,12,0.8,587,31,0,-2.2,0.6,5,0,0,-0.9,0.9,6,0.2,0,1.6,0.5,14,0,0,6.2,3.2,13,0.5,0,8.3,3.9,12,0.9,0,9.5,4.2,12,0.4,963,31,0,-1.7,0.4,4,0,0,0.5,0.8,4,0,0,3.5,1.2,9,0.2,0,7.4,1.1,13,0.8,0,9.5,2.2,13,0.2,0,10.9,3.8,13,0.9,964,31,0,-4.4,0.3,4,0,0,-2.3,0.1,16,0.7,0,1.3,0.2,16,1,0,6.8,2.3,14,0.4,0,7.9,3.2,14,0.7,0,8.3,3,14,0.5,976,31,0,0.8,0.4,4,0,0,1.8,0.8,4,0,0,2.9,0.6,15,0,0,4.5,0.9,3,0.4,0,6.6,0.9,13,0.6,0,7.9,1.7,12,0.4,1083,31,0,2.2,0.7,11,0,0,2.9,0.8,14,0,0,3.6,1,10,0.1,0,4.6,1.6,3,0.1,0,6.5,1.6,6,0.2,0,9.5,1.7,3,0.5,1087,97,0.5,0,0,1,0,0,0.5,0,0,0,0,0,0.5,0,0,0,0,0,1524,127,0,0.4,0.4,5,0,0,0,0,1.1,0.7,7,0,0,0,0,2.5,1.1,13,0,0,0,0,4.5,2.1,10,0.2,0,0,0,5.2,2.4,13,0.7,0,0,0,6.4,2.5,13,0,0,0,1578,1,0,0,0,0,0,0,588,97,0,0,0,0,0,0,0,0,0,0,0,0,0,0,0,0,0,0,589,31,0,3.6,1.9,13,0,0,5.3,0.8,8,0,0,6.6,0.8,4,0.4,0,8.1,1.7,4,0.4,0,10.9,1.9,12,0.7,0,10.9,3.2,12,0.2,47750,31,0,1.2,1.4,10,0,0,2.1,0.7,3,0,0,3.7,1.4,11,0.7,0,6.1,0.4,11,0.8,0,9.2,1.1,3,0.7,0,10.2,1.6,10,0.1,593,31,0,0,0.1,16,0,0,0.9,0.2,16,0,0,3,1.3,7,0.9,0,5.6,1.1,7,1,0,8.7,1,5,1,0,11.4,1.4,2,0.7,596,31,0,-2.6,0.1,16,0,0,-1.6,0.1,16,0,0,0.8,0.1,16,0.5,0,3.4,0,16,0.2,0,10,2.3,13,0.9,0,10,2.7,14,0.4,47759,31,0,1.6,1,0,0,0,2.5,0.2,16,0.1,0,4.1,0.2,16,0.7,0,5.2,1.1,9,0,0,8,1.4,7,0.4,0,10.8,2,10,0.6,598,31,0,-0.9,0,16,0,0,0.7,0.9,4,0.5,0,4,1.4,5,1,0,6.3,1,1,1,0,10.2,1.1,2,1,0,10.6,1.2,3,0.9,928,1,0,0,0,0,0,0,965,31,0,7.2,4.4,13,0,0,8.2,3.6,13,0,0,8.4,2.7,12,0,0,9.4,2.2,12,0.1,0,10.2,1.5,12,0.2,0,10.9,1.7,12,0.8,966,1,0,0,0,0,0,0,1025,1,0,0,0,0,0,0,1160,1,0,0,0,0,0,0,1303,127,0,-1.6,0.4,3,0,0,0,0,-0.6,1.3,3,0,0,0,0,1.8,0.6,10,0.5,0,0,0,4.2,0.5,7,0.9,0,0,0,7.7,1.6,11,0.6,0,0,0,8.3,1.6,12,0.2,0,0,1378,1,0,0,0,0,0,0,1380,1,0,0,0,0,0,0,1383,1,0,0,0,0,0,0,1641,1,0,0,0,0,0,0,600,31,0,-2.4,0,16,0,0,-0.3,0,16,0.6,0,2.6,0.5,2,1,0,8.2,0.7,11,1,0,8.7,1,1,0.8,0,10.8,1.1,2,0.6,602,15,0,1.8,1.4,13,0,3.7,0.9,12,0,5.6,0.8,13,0,8.5,0.5,12,0,10.8,1.4,9,0,11.8,2.8,10,47772,31,0,3.8,1.4,3,0,0,5,1.2,2,0.6,0,7.1,0.8,6,1,0,8.1,2.1,10,1,0,10,1.3,12,1,0,11.4,2,11,1,604,31,0,1,3.2,12,0,0,1.2,2.3,12,0.6,0,2.6,2.3,12,1,0,3.6,2.7,12,1,0,5.9,2,13,1,0,6.7,2.4,12,1,605,1,0,0,0,0,0,0,606,31,0,1.8,2.7,8,0,0,4.4,2,8,0.6,0,8.3,1,8,1,0,8.7,1.1,14,1,0,10.2,1.5,13,1,0,10.4,2.6,15,1,1062,31,0,0.7,0,16,0,0,4.3,1,5,0.5,0,6.9,0.8,9,1,0,9.2,1.8,12,1,0,12,1.9,11,1,0,11.4,2.1,13,1,1065,31,0,0.9,0,16,0,0,2.8,0,16,0.5,0,5.2,1.4,10,1,0,7.9,1.8,9,1,0,9.6,0.9,12,1,0,11.1,0.7,1,0.8,1470,15,0,2.3,1,5,0,3.8,1.2,6,0,6.3,1,5,0,8.5,1.7,11,0,10.3,1.8,12,0,11.7,2.8,12,1471,15,0,5,1.4,6,0,5.9,1.3,7,0,7.5,1.8,8,0,8.8,0.7,2,0,9.4,1.5,14,0,10.3,1.8,14,1602,1,0,0,0,0,0,0,607,127,0,4.1,3.2,7,0,0,0,0,4.5,3.9,7,0,0,0,0,6.2,2.4,6,0.9,0,0,0,9.1,1.1,6,0.8,0,0,0,10.4,4.2,1,0.8,0,0,0,10.2,4.2,0,0.2,0,0,608,1,0,0,0,0,0,0,47747,31,0,0.8,0.5,8,0,0,1.3,1.1,8,0,0,2.9,1,6,0.9,0,5.5,0.8,7,1,0,8.7,1.2,7,1,0,11.6,1.6,15,0.6,611,1,0,0,0,0,0,0,612,127,0,-0.9,0.1,16,0,0,0,0,-0.2,0,16,0,0,0,0,1.8,0.2,16,0.9,0,0,0,5.8,0.1,16,1,0,0,0,9.7,0.6,3,1,0,0,0,11.2,2.5,0,1,0,0,613,31,0,-1.3,1.1,10,0,0,0.3,0.7,10,0,0,2.1,0.4,9,0.7,0,7.4,0.6,6,1,0,8.9,1.8,1,0.8,0,10,1.4,1,0.8,614,31,0,-2.1,0.3,6,0,0,-0.8,0.1,16,0,0,1.5,0.1,16,0.8,0,4.8,0.2,16,1,0,8.6,1,12,0.9,0,10.9,1.7,1,1,615,31,0,-1.6,0,16,0,0,-0.6,0.9,15,0,0,1.7,0,16,0.6,0,4.8,0.5,8,1,0,9.1,1.9,7,0.9,0,11,1.7,8,0.8,617,1,0,0,0,0,0,0,618,1,0,0,0,0,0,0,619,31,0,-1.5,1.6,14,0,0,0.5,0.9,15,0.4,0,2.6,2.5,14,0.6,0,6.7,0.4,3,0.9,0,11.8,0.8,12,1,0,12.7,1.5,2,0.9,47769,31,0,0.5,2,15,0,0,1.6,1,15,0.3,0,4,1.3,1,1,0,7.8,1.1,8,0.9,0,10.9,2.6,9,1,0,12.7,3.9,9,1,624,31,0,3.8,0.6,15,0,0,4.8,0.2,16,0.4,0,7,1.5,10,1,0,7.6,3.3,11,0.9,0,8.5,2.1,12,1,0,10.1,3.1,11,1,625,31,0,1.8,2.6,1,0,0,3.3,2.7,1,0.4,0,5.2,2.2,0,1,0,6.9,1.2,10,1,0,7.8,2.8,11,1,0,8.4,1.9,10,1,47770,31,0,4.9,1.2,8,0,0,6,0.9,7,0.5,0,7.2,2.4,5,1,0,7.4,4.1,5,1,0,8.3,2.5,7,1,0,10.8,3.7,9,1,47776,31,0,4.6,1.8,11,0,0,5.7,1.4,10,0.3,0,7.3,2.4,11,1,0,9.5,1.9,12,1,0,10,1.2,1,1,0,10.4,2.3,2,1,956,31,0,-2,0,16,0,0,-0.6,0.5,0,0.3,0,2.6,0.3,3,1,0,6.2,0.3,11,1,0,9.9,0.7,8,1,0,11.8,0.9,8,0.8,967,1,0,0,0,0,0,0,968,31,0,-0.1,0.3,1,0,0,1,0.8,1,0.2,0,3.4,0.6,4,1,0,6.5,0.5,6,1,0,10,1.6,8,1,0,11.8,1.7,8,0.9,969,31,0,-2.3,0.6,0,0,0,-0.9,0.2,16,0.5,0,2.1,0.2,16,1,0,6.7,0.8,4,1,0,9.9,0.9,9,1,0,10.3,2.7,12,0.8,970,31,0,-0.8,1.1,6,0,0,1.3,0.9,6,0.4,0,6.8,0.7,2,1,0,8.7,1.9,14,1,0,9.3,2.2,14,1,0,9.4,2.6,14,1,977,127,0,3.2,2,14,0,0,95,0,2.4,0.4,10,0,0,95,0,3.4,1.1,4,1,0,95,0,4.3,1.9,2,1,0,95,0,5.6,2.1,2,1,0,94,0,6.6,2.9,15,0.7,0,94,1227,31,0,0.1,1,3,0,0,1,1.1,1,0.4,0,5.2,0,16,1,0,7.6,1.1,11,1,0,9.1,1.9,11,1,0,10,2.8,11,1,1337,31,0,-0.6,1.2,2,0,0,3.3,0.7,3,0.4,0,8.4,1.7,0,1,0,10.6,1.9,14,1,0,10.5,4.5,13,1,0,11.5,4.8,13,1,1587,15,0,3,1.5,2,0,5.5,1.5,3,0,6.4,1.3,5,0,7.7,1.9,7,0,8.8,3.3,9,0,9.5,5.8,11,1588,1,0,0,0,0,0,0,47780,31,0,-0.1,0.7,6,0,0,1.7,0.4,8,0.5,0,4.6,1.6,8,1,0,8,2.7,8,1,0,9.7,1.9,7,1,0,10.1,1.4,15,0.8,630,31,0,-3.1,0.4,10,0,0,-1.4,0,16,0.5,0,4.4,2.7,10,1,0,5.6,2.7,10,1,0,6.7,3.2,10,1,0,7.8,2.8,12,1,631,1,0,0,0,0,0,0,632,1,0,0,0,0,0,0,633,31,0,-3.4,0.4,8,0,0,-1.7,0.6,8,0.4,0,2.5,0.1,16,1,0,7,1.8,12,1,0,8.6,2.8,12,1,0,8.8,2.6,15,1,635,31,0,-1.8,1.7,3,0,0,-0.3,1.2,3,0.6,0,3.9,0.5,8,1,0,8,1.1,9,1,0,10.6,2.2,10,1,0,11.8,1.9,10,1,641,1,0,0,0,0,0,0,957,31,0,-1.8,0.1,16,0,0,-0.8,0,16,0,0,1.4,0.6,7,0.5,0,6.2,1.7,4,1,0,10.2,1.9,3,1,0,11.7,3.1,8,1,1228,31,0,-1.9,0.4,1,0,0,-1.1,0.4,1,0,0,2.7,0.4,3,1,0,6.9,1.3,10,1,0,10.4,1.2,5,1,0,11.6,1.2,3,1,1376,1,0,0,0,0,0,0,1439,1,0,0,0,0,0,0,1619,1,0,0,0,0,0,0,642,1,0,0,0,0,0,0,47777,31,0,2.1,3.8,3,0,0,3,3.3,3,0.5,0,5,1.6,2,1,0,9.2,1,3,1,0,11.4,1.6,14,1,0,12.3,3.5,15,1,645,31,0,-5.4,0.3,6,0,0,-2.6,0,16,0.8,0,3.6,0.5,1,1,0,4.4,1.2,14,1,0,5.5,1.1,14,1,0,6.2,1.4,15,1,646,1,0,0,0,0,0,0,649,31,0,6.9,4.3,14,0,0,9.3,3,13,1,0,11.1,2.6,13,1,0,12.3,3.2,14,1,0,13.7,3.8,15,1,0,13.4,2.9,8,1,651,1,0,0,0,0,0,0,47778,31,0,6.1,1.5,1,0,0,8.9,1,8,1,0,10.8,2.7,13,1,0,12.1,3.2,12,1,0,13.4,2.6,13,1,0,13.7,7,12,1,971,29,0,0.8,1,0,0,0.5,4,0.5,0,0.8,5,1,0,1.7,9,1,0,2.8,13,1,0,2.1,13,1,978,1,0,0,0,0,0,0,1063,31,0,-3.6,0,16,0,0,-2.1,0,16,0.2,0,0.5,0,16,1,0,5.6,0.4,4,1,0,10.3,1.4,7,1,0,11.4,2.3,9,1,1074,1,0,0,0,0,0,0,1089,31,0,-2.3,0.7,14,0,0,-1.3,0,16,0.1,0,1.5,0.8,6,1,0,7.5,1.3,5,1,0,10,1.9,4,1,0,10.5,2.1,0,1,1172,1,0,0,0,0,0,0,1342,31,0,-0.6,1.6,2,0,0,1.6,1.2,2,0.7,0,3.8,1.1,4,1,0,7.3,1.1,7,1,0,10,1.5,7,1,0,13.3,1.8,15,1,1347,31,0,-2.1,0.1,16,0,0,-0.9,0.2,16,0.3,0,4.3,0.7,3,1,0,10.9,1,8,1,0,13.2,1.4,0,1,0,14.5,1.2,7,1,1457,31,0,5.4,0.8,12,0,0,6.6,0.8,12,0.5,0,7.2,2.7,1,1,0,9.1,1.9,2,1,0,9.5,2.3,3,1,0,10.3,2.8,3,1,1485,31,0,0.9,1,5,0,0,3.3,0.5,6,0.9,0,7.8,2.3,15,1,0,9.5,3.4,0,1,0,11.6,2.7,15,1,0,12.4,3.4,15,1,1589,15,0,5.8,1.4,14,0,6.7,2.2,15,0,8.4,2.3,15,0,11,3.6,15,0,12.5,5.7,15,0,12.6,5.8,13,655,127,0,-2.3,0.1,16,0,0,0,0,-1.3,0.4,2,0.2,0,0,0,1.7,0.6,8,0.8,0,0,0,6.1,0.8,8,0.8,0,0,0,8.3,3.1,9,0.9,0,0,0,9.2,3.5,9,0.4,0,0,656,31,0,-2.3,0,16,0,0,-1.1,0.4,8,0,0,0.3,0.3,3,0.3,0,3.2,0.6,4,0.6,0,7.6,0.3,6,0.4,0,10.4,1.3,8,0.8,47756,31,0,-1.7,0.4,6,0,0,-1.1,0.7,14,0.1,0,1.4,0.8,11,0.3,0,4.5,0.6,13,1,0,7.2,1,13,1,0,10.9,2.3,13,0.9,658,31,0,-2.4,0.5,13,0,0,-0.8,0,16,0,0,1.3,0.1,16,0,0,3.2,0.2,16,0,0,6.9,0.9,4,0.3,0,9.6,2,9,1,660,1,0,0,0,0,0,0,661,1,0,0,0,0,0,0,663,31,0,-2.4,0.8,15,0,0,-1.4,1.1,15,0.2,0,0.9,0.9,9,0.2,0,4.7,0.4,7,0.9,0,9,0.6,8,0.7,0,11.2,1.3,5,0.4,664,31,0,-2.5,0.8,1,0,0,-0.6,0,16,0.4,0,1.7,0.5,6,0.5,0,6.2,1.1,9,0.7,0,10.2,2.5,9,1,0,11.3,3.2,9,0.5,665,1,0,0,0,0,0,0,666,1,0,0,0,0,0,0,47768,31,0,2.5,1.3,2,0,0,2.6,0.9,15,0.3,0,5.2,0.2,16,0.9,0,6.7,0.4,9,0.3,0,10.3,1.5,11,1,0,12.8,2,10,1,668,31,0,-1,0.1,16,0,0,1.5,0.1,16,0.4,0,6.7,0.9,11,1,0,8.9,2.5,14,0.8,0,10.8,1.9,13,1,0,12.2,1.9,13,0.9,669,31,0,0.6,0,16,0,0,1.7,0.1,16,0.2,0,3.6,0.8,5,1,0,7.1,0.1,16,1,0,10.3,1.8,9,0.9,0,11.6,2.9,9,1,670,31,0,2.5,1,13,0,0,4.8,0.5,8,0.2,0,6.3,0.9,3,1,0,8.2,1.7,5,1,0,10.9,1.7,10,1,0,11.7,1.7,9,0.9,919,31,0,0.4,2.2,14,0,0,1.5,1.2,14,0.2,0,4.5,1.1,14,1,0,7.6,0.6,5,1,0,10.5,1.6,9,0.8,0,11.9,3.5,9,1,929,1,0,0,0,0,0,0,930,31,0,-1.6,0,16,0,0,-0.7,0,16,0,0,0.7,0.7,3,0.1,0,2.5,0.3,4,0,0,7.4,0.7,6,0.7,0,11.1,0.8,3,0.7,1140,31,0,-3.8,0.5,0,0,0,0.4,0.3,6,0.3,0,2.3,0.3,9,0.4,0,4.4,0.3,7,0.9,0,6.9,1.1,10,1,0,8.9,2.9,10,1,1328,127,0,-3.5,0.4,12,0,0,76,0,-2.8,1.2,13,0,0,76,0,-1.3,0.5,9,0,0,76,0,0.5,0.1,16,0.8,1,77,0,4,1.2,2,1,0,77,0,6,0.7,8,0.4,0,76,1330,127,0,-1.6,0.3,14,0,0,6,0,-0.8,0.4,1,0,0,6,0,1.3,0.1,16,0,1,7,0,3.2,0.3,8,0,0,6,0,6,1.7,6,0.5,1,7,0,8,2.6,14,0.8,0,6,1371,1,0,0,0,0,0,0,1531,15,0,0.5,1,1,0,3.2,0.3,12,0,5.4,1,11,0,8.2,2.9,11,0,9.9,2.5,11,0,10.1,1.9,10,1584,1,0,0,0,0,0,0,1585,1,0,0,0,0,0,0,1618,1,0,0,0,0,0,0,671,1,0,0,0,0,0,0,674,31,0,-0.5,0.8,14,0,0,-0.4,1.2,14,0,0,0.6,0,16,0,0,3.1,0.4,9,0.3,0,6.3,0.4,4,1,0,10.2,1.2,6,1,675,31,0,-2.6,0.8,13,0,0,-1,0.2,16,0,0,0.3,0.2,16,0,0,3.8,0.3,13,0.4,0,7.4,0.8,6,0.9,0,10.9,2.1,9,1,676,127,0,-3.6,0,16,0,0,0,0,-2.5,0.4,5,0,0,0,0,-0.2,0.6,4,0.3,0,0,0,4.3,0.9,3,1,0,0,0,9.3,2.2,4,1,0,0,0,11.2,1.4,11,1,0,0,677,31,0,-0.5,0.7,12,0,0,-0.3,1.1,11,0,0,1.3,0.9,10,0.3,0,5.3,1.1,7,0.9,0,9.3,1,6,1,0,14.3,1.8,7,1,679,1,0,0,0,0,0,0,680,1,0,0,0,0,0,0,681,31,0,-1.9,0.6,3,0,0,-1.4,0.3,11,0,0,0.7,0,16,1,0,5.9,0.1,16,0.9,0,9.3,1.2,11,1,0,11.1,2.3,12,0.8,683,31,0,-3,0.4,12,0,0,-1,0,16,0.4,0,2.9,0.2,16,1,0,6.6,1.2,3,1,0,10.6,0.8,5,1,0,12,1.6,5,1,47767,31,0,0.4,0.3,5,0,0,1.9,1.1,2,0,0,5.1,0.7,3,1,0,8.1,1.3,6,1,0,11.1,1.2,7,1,0,12.4,2.7,6,1,47765,31,0,2.9,1.6,1,0,0,3.2,4,1,0.4,0,4.7,4.2,1,1,0,7.2,2,0,1,0,10.1,0.9,12,1,0,11.6,1.9,9,1,686,31,0,3.5,2.6,1,0,0,4.8,2.3,1,0.3,0,7,0.8,7,1,0,8.4,0.9,9,1,0,9.6,0.8,7,1,0,10.5,0.3,10,1,687,31,0,2.5,0.2,16,0,0,5.1,0.9,3,0.3,0,7.3,1.3,4,1,0,9.6,0.4,7,1,0,10.6,0.9,9,1,0,12.3,1.5,9,1,688,31,0,1.9,0.6,8,0,0,3.6,0.5,8,0.4,0,6.2,1.9,1,1,0,8.1,0.7,5,1,0,10.3,1.6,5,1,0,11.5,2.6,6,1,47766,31,0,2.9,1.6,2,0,0,4.1,1.2,2,0.3,0,6,0.6,9,1,0,8,1.8,11,1,0,9.8,2.2,11,1,0,11,2.6,11,1,690,1,0,0,0,0,0,0,947,127,0,-2.5,,,0,0,39,0,-1.8,,,0,0,39,0,0,,,0.1,0,39,0,3.2,1.3,5,0.2,1,40,0,7.3,1.2,10,0.8,0,39,0,8.1,1.3,13,0.7,0,38,948,1,0,0,0,0,0,0,949,1,0,0,0,0,0,0,950,31,0,-0.8,0,16,0,0,0.6,0.3,15,0,0,3.1,1.2,5,0.9,0,6.8,0.1,16,1,0,10.3,2.5,9,1,0,12.2,2.9,10,1,951,31,0,-0.2,0,16,0,0,0.5,0.1,16,0,0,3.3,0.1,16,0.7,0,6.1,0.1,16,0.8,0,9.4,0.8,3,0.6,0,12.1,1.7,5,0.8,1163,1,0,0,0,0,0,0,1257,1,0,0,0,0,0,0,1262,97,0,0,93,0,1,94,0,0,93,0,1,94,0,0,93,0,0,93,1325,31,0,-4.8,1.6,10,0,0,-2.4,0.1,16,0,0,0.2,0.8,3,0,0,3.2,1.3,3,0.1,0,7.1,3.9,9,0.9,0,7.6,2,6,0.7,1326,31,0,-3.5,0,16,0,0,-2.1,0.2,16,0.3,0,1.2,0.4,1,1,0,6.7,0.2,16,1,0,9.7,1.7,12,1,0,11.2,1.9,5,1,1472,15,0,3.7,0.6,15,0,3.2,1,14,0,6.7,0.8,14,0,7.7,1.8,9,0,9.9,1.9,5,0,11.3,1.5,9,1575,1,0,0,0,0,0,0,1579,1,0,0,0,0,0,0,1582,1,0,0,0,0,0,0,1583,1,0,0,0,0,0,0,1603,1,0,0,0,0,0,0,1606,31,0,5.5,0.5,3,0,0,6.6,0,16,0.5,0,8.6,0.6,8,1,0,9.6,0.9,8,1,0,10.1,1.7,10,1,0,11,1.6,10,1,47740,31,0,-0.1,1.8,14,0,0,1,1.8,14,0,0,4.1,0.7,15,0.8,0,7.9,0.8,10,0.8,0,9.9,2.9,7,0.3,0,10.7,1.7,4,0.1,693,31,0,1.1,0.5,2,0,0,2.3,0.2,16,0,0,5.1,1.9,11,0.2,0,7.4,0.3,12,0.1,0,10.8,2.4,9,0.4,0,11.3,2.7,13,0.2,694,15,0,2,4.6,6,0,3.3,3.4,6,0,4.3,3.4,6,0,6.9,1.4,7,0,7.8,2.2,2,0,12.6,1.9,2,47741,31,0,2.4,0.6,3,0,0,3.6,0.2,16,0,0,5.5,0.4,4,0.3,0,7.3,1.4,13,0.1,0,9.7,1.2,14,0.6,0,12.7,3,12,1,696,1,0,0,0,0,0,0,697,31,0,5.3,1.7,8,0,0,5.9,1.7,8,0,0,7.7,2.3,7,0.4,0,10.4,2.4,5,1,0,12.1,1.7,12,0.7,0,13.4,3,14,0.7,698,31,0,0.8,0,16,0,0,1.9,0,16,0,0,4.4,0.2,16,0.3,0,9.8,1.5,10,1,0,11.3,1.6,13,0.7,0,11,2.2,0,0.4,699,127,0,-1.4,0.1,16,0,0,0,0,-0.4,0,16,0,0,0,0,0.5,0,16,0,0,0,0,4.5,0.5,9,0.4,0,0,0,9,0.8,13,0.8,0,0,0,10.3,2.7,12,0.8,0,0,701,31,0,0,0.8,8,0,0,0.8,0.3,12,0,0,1.9,0.1,16,0,0,4.7,0.4,14,0.9,0,9.2,0.8,11,1,0,13.4,1.8,8,0.8,47755,31,0,4.5,2.4,3,0,0,5.5,2.9,3,0,0,7.7,1.9,3,0.3,0,10.8,1.4,10,0.4,0,11.4,3.1,11,0.9,0,11.9,4.2,11,1,703,1,0,0,0,0,0,0,704,31,0,2.8,1.2,8,0,0,3.9,0.1,16,0,0,6.2,0.8,1,0.1,0,11,0.8,10,1,0,13.1,1.1,9,1,0,12.6,2.7,13,0.9,707,31,0,-0.8,0,16,0,0,-0.3,0.2,16,0,0,1.3,0.2,16,0.4,0,5.2,0.2,16,1,0,10,1.6,9,0.7,0,12.8,1.3,1,0.8,954,1,0,0,0,0,0,0,1093,1,0,0,0,0,0,0,1094,127,0,-3.4,0.1,16,0,0,0,0,-2.5,1,3,0,0,0,0,-0.2,1,4,0,0,0,0,4.2,1.4,4,0.7,0,0,0,10.1,1.1,5,1,0,0,0,11.4,2.9,11,0.9,0,0,1095,1,0,0,0,0,0,0,1175,1,0,0,0,0,0,0,1176,1,0,0,0,0,0,0,1307,31,0,-0.4,0.2,16,0,0,1.4,0.2,16,0,0,5.5,0,16,0.4,0,9.2,0.2,16,0,0,10.3,0.4,11,0,0,10.7,1.2,4,0.2,1310,31,0,2.6,0,16,0,0,3.9,0,16,0,0,6.4,0.5,3,0,0,9.5,1.9,1,1,0,11.3,3.8,11,0.6,0,11.9,4.3,12,1,1320,127,0,-0.1,1.2,7,0,0,0,0,1,0,16,0,0,0,0,4.2,1.1,8,0.2,0,0,0,6.5,1.9,6,0.4,0,0,0,8.5,1.1,2,0.5,0,0,0,8.9,1.4,0,0.7,0,0,1321,127,0,-3.2,1.1,0,0,0,0,0,-1.6,0.6,15,0,0,0,0,0.8,0.6,1,0,0,0,0,8.1,1.9,9,0.6,0,0,0,9.5,1.5,10,0.4,0,0,0,10.4,2.9,12,0.9,0,0,1336,1,0,0,0,0,0,0,1473,15,0,3.5,1.8,0,0,5.4,1.5,0,0,7.7,0.1,16,0,9.4,2.1,8,0,10,2.5,7,0,10.4,3.8,9,1474,15,0,3.2,4.8,7,0,4,4.9,8,0,6.2,3.6,8,0,9.6,2.7,7,0,11.2,3,14,0,11.9,4.3,14,1592,31,0,-0.4,0.1,16,0,0,-0.3,0.7,0,0,0,0.3,0.4,4,0,0,3.7,0.4,5,0.7,0,9,0.9,9,1,0,11.9,2.4,1,1,47742,31,0,2.2,0.3,10,0,0,3.8,0.3,6,0,0,5,0.8,8,0.1,0,8.7,0.4,5,0.6,0,10.7,0.6,12,0.9,0,11.4,1.2,12,0.5,709,31,0,2.1,3.2,9,0,0,3.6,2.6,9,0,0,6.1,1.9,9,0.1,0,9.3,0.8,7,0.6,0,9.8,2.4,0,0.1,0,10.2,1.8,0,0.1,47746,31,0,1.3,2.2,5,0,0,2.6,2,5,0,0,4.8,1.5,5,0.8,0,8.5,1.9,5,0.9,0,10.6,0.6,7,0.7,0,11.3,1.8,15,0.2,711,31,0,0.6,1.1,4,0,0,2.6,0.4,5,0,0,6.6,0.5,6,0.9,0,9.7,0.5,6,0.7,0,10.1,2,14,0.8,0,10.8,2.3,15,0.3,47744,31,0,2.4,1.1,10,0,0,3.2,0.6,6,0,0,5.7,0.6,11,0.4,0,9.3,1.2,7,0.7,0,11.6,1.1,12,0.7,0,12.6,2.2,14,1,713,127,0,2.7,4.1,9,0,0,0,0,3.6,4.3,8,0,0,0,0,6,4.9,9,0.3,0,0,0,9.2,3.6,8,0.6,0,0,0,10.7,0.8,14,0.3,0,0,0,11.3,3.5,0,0.9,0,0,716,97,0,0,183,0,0,183,0,0,183,0,0,183,0,0,183,0,0,182,718,127,0,-2.9,0,16,0,0,0,0,-1.4,0.3,14,0,0,0,0,1,0.3,12,0.7,0,0,0,4.4,0.2,16,0.8,0,0,0,8,0.3,7,0.3,0,0,0,10.9,1.5,8,0.3,0,0,1177,1,0,0,0,0,0,0,1178,1,0,0,0,0,0,0,1231,31,0,4,3.1,7,0,0,5.2,2.6,7,0,0,8.6,1.6,8,0.1,0,7.8,2.2,14,0.1,0,9.1,1.6,14,0.4,0,10.2,1.7,2,0.6,1304,31,0,-2.1,0.3,10,0,0,-1.3,0.1,16,0,0,-0.4,0,16,0,0,1.6,0.4,3,0.1,0,6.8,2.2,12,0.8,0,7.8,2.1,15,0.5,1385,1,0,0,0,0,0,0,1389,1,0,0,0,0,0,0,1391,1,0,0,0,0,0,0,1519,15,0,1.8,4.4,6,0,2.9,4.2,6,0,5.4,3.7,7,0,8.6,3.4,6,0,10.6,1.3,2,0,10.3,2.4,0,720,31,0,-0.4,4.6,12,0,0,2.1,3.9,11,0.5,0,4.6,3.5,11,1,0,7.7,2.8,12,1,0,11.1,2.3,11,1,0,12.8,1.6,11,1,47895,31,0,3.5,1.9,0,0,0,4.7,2.9,14,0.5,0,6.9,2.8,14,1,0,9.6,2.5,14,1,0,11.8,2.6,1,1,0,11.9,3.4,3,1,724,31,0,6.3,4.2,15,0,0,8.1,5.1,15,0.9,0,10.3,2.9,0,1,0,13.4,1.3,15,1,0,14.9,2.7,4,1,0,14.8,3.5,4,1,972,31,0,1,2.2,10,0,0,2.5,1.5,10,0.6,0,4.9,1.9,9,1,0,8.7,1.1,3,1,0,11.2,1.8,4,1,0,13.6,2.2,15,1,1098,1,0,0,0,0,0,0,1242,31,0,5,2,13,0,0,6.6,1.9,15,0.8,0,7.9,2.1,1,1,,,,,,,,,,,0,10.8,6.2,2,0.3,1252,31,0,-2.6,0,16,0,0,-1.7,0,16,0,0,1.6,0.1,16,0.8,0,5,0.3,6,1,0,10.1,0.5,12,1,0,11.5,1.2,8,1,1327,1,0,0,0,0,0,0,1352,31,0,-2.4,0.5,8,0,0,-1.6,0,16,0,0,1.6,0.1,16,0.8,0,5.4,0.1,16,1,0,9.6,0.1,16,1,0,13.1,0.4,13,1,1604,31,0,2.4,0.2,16,0,0,5.6,0.6,5,0.5,0,10.7,0.4,7,1,0,12.8,0.5,13,1,0,13.9,2.9,6,1,0,14.2,3.2,7,1,726,31,0,3.9,1.8,14,0,0,7.5,1.6,11,0.4,0,9.2,1.9,13,1,0,10,3.2,11,1,0,11,3.1,11,1,0,11.8,3.2,10,1,47891,31,0,2.1,0.3,7,0,0,3.8,0.7,10,0.4,0,6.4,0.8,10,1,0,9,0.8,3,1,0,11.3,0.9,2,1,0,11.1,3.5,15,1,47890,31,0,2.2,1.4,6,0,0,3.9,1,6,0.4,0,6.6,0.8,6,1,0,8.2,1.9,1,1,0,9.5,1.5,14,1,0,10.9,2.1,12,1,729,31,0,-0.7,0.9,7,0,0,2,0.2,16,0.4,0,6.3,1.4,6,1,0,9.8,0.8,15,1,0,11.4,2.4,13,1,0,12.7,2.5,13,1,730,31,0,1.7,1,9,0,0,3.7,1.4,9,0.4,0,7.7,0.3,8,1,0,8.8,1.4,2,1,0,10,1.9,2,1,0,10.7,2.1,4,1,731,1,0,0,0,0,0,0,1239,31,0,-0.4,0,16,0,0,1.9,0,16,0.4,0,5.8,0.1,16,1,0,10.3,1.6,14,1,0,11.6,1.1,12,1,0,12.2,1.9,12,1,1475,15,0,4.6,3.4,7,0,4.3,3.9,6,0,7.7,0.8,6,0,9.4,1.9,15,0,11.4,2.1,13,0,11.8,3.9,15,732,31,0,0,1.6,2,0,0,2.3,1.1,3,0.3,0,6.2,0.9,10,1,0,9,1.4,11,1,0,10.3,2.2,11,1,0,12,2.3,11,1,733,1,0,0,0,0,0,0,734,31,0,4.1,2.3,6,0,0,4.2,1.8,7,0.5,0,7.8,1.5,0,1,0,9.2,2.1,2,1,0,11,2.4,0,1,0,11.2,1.8,1,1,735,31,0,4.2,1.3,3,0,0,5.8,3.1,4,0.4,0,9.2,1.8,4,1,0,10.5,1.3,12,1,0,10.9,1.9,12,1,0,10.3,2.1,14,1,47887,31,0,2.8,1.8,5,0,0,4.3,1.6,5,0.5,0,7.1,0.8,6,1,0,9.7,0.7,11,1,0,11.6,2,12,1,0,13.1,2.8,12,1,737,1,0,0,0,0,0,0,738,1,0,0,0,0,0,0,739,31,0,0.4,5.9,8,0,0,0.8,4.6,8,0.3,0,2.9,3.5,8,1,0,6.2,2.7,8,1,0,8.8,1.5,1,1,0,9.3,2.9,2,1,740,1,0,0,0,0,0,0,741,31,0,-4.6,0,16,0,0,-2.8,0,16,0.5,0,0.1,0.7,5,1,0,4.6,0.3,5,1,0,10.4,2,13,1,0,11.9,3.1,15,1,742,1,0,0,0,0,0,0,743,1,0,0,0,0,0,0,47892,31,0,1.3,0.8,6,0,0,2.6,1.2,7,0.5,0,5.5,0.9,7,1,0,9.2,0.6,8,1,0,12.5,3.4,12,1,0,14.6,5.3,13,1,745,31,0,0.2,0.5,4,0,0,3.4,1,4,0.9,0,8.2,0.9,5,1,0,12.2,3.3,12,1,0,13.9,2.8,12,1,0,14.2,4.4,12,1,958,31,0,2,2.8,9,0,0,4,2.6,9,0.6,0,7.9,2.2,9,1,0,9.3,2.4,0,1,0,10.7,2.4,2,1,0,11,2.9,1,1,959,31,0,-1.9,0,16,0,0,-0.4,0.1,16,0.5,0,1.9,0.1,16,1,0,5.5,0.1,16,1,0,9.6,0.9,5,1,0,14.4,1.7,5,1,961,31,0,-3.1,0.8,11,0,0,-1.3,0.5,11,0.6,0,1.2,0.2,16,1,0,6.6,0.4,15,1,0,12.5,2.4,14,1,0,13,3.1,0,1,1077,31,0,0.8,0,16,0,0,3.2,0.3,10,0.5,0,7.2,0.1,16,1,0,10.1,0.6,1,1,0,11.3,1.8,3,1,0,11.8,2.4,4,1,1260,1,0,0,0,0,0,0,1350,31,0,-2,0,16,0,0,-0.5,0,16,0.8,0,3,0.8,4,1,0,8.8,0.2,16,1,0,13,1.2,14,1,0,14.2,1.4,13,1,1456,31,0,6.4,1.2,15,0,0,7.2,1.7,1,0.6,0,8.3,1.6,1,1,0,8.8,2.9,0,1,0,9.8,2.8,0,1,0,10.2,2.4,1,1,1521,15,0,3.9,3.7,5,0,4.9,3.8,5,0,7.5,2.9,6,0,9.3,2.1,15,0,9.9,3,14,0,11.1,3.3,14,746,31,0,1.7,1,5,0,0,2,0.9,12,0,0,2.5,1.6,11,0,0,5.5,2.1,10,0.9,0,9.1,1.2,10,1,0,12.7,2,4,1,747,1,0,0,0,0,0,0,748,1,0,0,0,0,0,0,47893,31,0,3.7,1.6,13,0,0,5,1.6,12,0.8,0,7.9,1.8,12,1,0,11.6,1.9,11,1,0,14.1,1.7,10,1,0,14.8,1.2,10,1,753,1,0,0,0,0,0,0,754,1,0,0,0,0,0,0,755,31,0,6.7,2,0,0,0,7.4,1.2,0,0.5,0,10.9,0.4,3,1,0,12.5,1.1,11,1,0,14.1,1.1,8,1,0,14.3,2,9,1,756,31,0,2.9,3,14,0,0,3.7,3.6,14,0.7,0,7.4,2.6,14,1,0,12.8,0.6,8,1,0,14.2,2.2,7,1,0,14.9,2.7,7,1,757,1,0,0,0,0,0,0,758,31,0,0,0.7,0,0,0,0.1,0.6,12,0,0,1.7,0.3,9,0.3,0,7.3,0.5,7,1,0,13.2,0.5,8,1,0,14.9,1.4,11,1,47899,31,0,8.9,5.2,2,0,0,9.9,3.8,3,0.1,0,10.9,2.7,3,0.8,0,12.9,2.7,5,0.8,0,14.5,3,6,0.9,0,14.2,2.6,10,1,761,1,0,0,0,0,0,0,47897,31,0,2.6,2.8,2,0,0,4.5,1.5,3,0.8,0,7.5,2.1,3,1,0,11.2,1.5,4,1,0,14.1,1.5,5,1,0,13.5,4.1,11,1,763,31,0,-0.3,0,16,0,0,1.8,0.2,16,0.9,0,6.1,1.4,15,1,0,10.1,0.4,14,1,0,13.7,0.6,6,1,0,15.4,1.4,1,1,47898,31,0,8.5,3.1,0,0,0,11.8,1.8,15,0.9,0,12.7,1.9,13,1,0,14.7,1.5,8,1,0,15.6,1.8,10,1,0,14.4,2.6,11,1,921,31,0,-2.5,0.3,15,0,0,-1.4,0,16,0,0,1.6,0.4,3,0.8,0,6.3,0.2,16,1,0,12.6,0.4,6,1,0,14.4,2,8,1,955,1,0,0,0,0,0,0,1179,1,0,0,0,0,0,0,1229,31,0,0.9,0.6,11,0,0,1.8,0.5,5,0,0,5,1.4,9,0.9,0,7.9,0.5,15,0.9,0,12.4,0.7,12,1,0,14.1,1.2,10,1,1233,31,0,2.3,2.6,14,0,0,3.7,2.8,15,0.8,0,7.3,2.5,15,1,0,12.4,1.2,15,1,0,13.9,2.4,6,1,0,14.3,2.5,5,1,1235,31,0,-1.3,0.2,16,0,0,-0.5,0,16,0.3,0,2.7,0,16,1,0,6.8,0.2,16,1,0,13,0.2,16,1,0,14.8,1.7,13,1,1249,31,0,1.3,0.1,16,0,0,3.9,0.3,12,0.8,0,8.1,0.9,11,1,0,13.2,3.3,0,1,0,14.3,2.9,0,1,0,15.5,1.4,2,1,1281,1,0,0,0,0,0,0,1351,31,0,-2.4,0.4,10,0,0,-2.1,0,16,0,0,-0.6,0,16,0.8,0,3.1,0.1,16,1,0,7.6,0,16,1,0,10.9,0.8,0,1,1476,15,0,6.9,5.7,0,0,7.5,5.1,0,0,10.6,4.3,15,0,13.2,2.3,15,0,14.5,4.9,15,0,15.4,2,15,1556,1,0,0,0,0,0,0,765,31,0,-0.3,0,16,0,0,0.4,0.3,1,0,0,4.4,0.3,1,0.4,0,9.6,0.5,0,1,0,11.3,1.4,15,0.4,0,12,1.7,13,0.6,47754,31,0,2.5,4.5,8,0,0,3.5,4.7,8,0,0,5.9,3.6,8,0.6,0,8.6,2,7,0.6,0,11.6,0.6,2,0.6,0,12.3,2.5,15,1,767,31,0,-2.2,0.5,5,0,0,-1.5,0,16,0,0,-0.7,0.2,16,0,0,2.4,0.3,11,0.3,0,7.8,1.1,10,0.9,0,10.7,0.8,8,0.7,769,31,0,2.1,0.8,1,0,0,2.2,1.5,1,0.1,0,6,0.8,8,1,0,7.4,1,8,0.6,0,9.6,1.4,8,1,0,11.7,0.7,7,0.9,771,31,0,-0.5,0.2,16,0,0,-0.2,0.6,4,0,0,1.2,0.3,6,0.4,0,4.2,0.6,4,1,0,9.5,0.6,8,1,0,12.7,1.3,4,1,772,31,0,-2.4,0.2,16,0,0,-1.6,0,16,0,0,1.5,0.1,16,0.4,0,5.5,0.2,16,1,0,9.4,0.4,14,0.6,0,13.2,1.1,8,1,47784,31,0,0.5,1.5,2,0,0,1.6,1.3,2,0.1,0,3.8,0.4,4,1,0,7.1,0.6,3,1,0,11,0.5,0,1,0,12.7,1.8,8,1,775,31,0,1.9,2.3,2,0,0,2.6,1.6,2,0.2,0,5.1,1.5,2,1,0,9,0.5,12,1,0,11.5,0.5,7,1,0,13.1,4.1,10,1,776,31,0,2.1,1.8,3,0,0,3,1.7,3,0.2,0,6.7,0.2,16,1,0,8.9,0.9,10,1,0,10.7,1.9,10,1,0,12.2,2.4,10,1,47762,31,0,5.9,1.4,4,0,0,6.2,2,4,0.2,0,7.1,2.3,4,1,0,8.8,2.2,4,1,0,10.4,2.2,4,1,0,12.3,1.6,4,1,778,15,0,2.1,1.2,1,0,4.1,1.2,2,0,6.6,1.6,4,0,7.1,1.5,5,0,8,2.2,4,0,9.3,1.7,6,779,31,0,3.4,1.2,1,0,0,4.2,0.3,2,0.4,0,8.4,0.6,8,1,0,9.1,2.8,2,1,0,11.1,2.8,2,1,0,11.7,2.4,10,1,913,31,0,-1.7,0,16,0,0,-0.5,0.6,10,0.2,0,2.2,0.4,12,1,0,6.7,0.8,11,1,0,11,0.7,8,1,0,12.1,1.1,0,1,939,31,0,1.2,2.4,3,0,0,2.8,1.8,4,0,0,5.4,0.6,4,0.2,0,9.7,0.5,15,0.8,0,11.8,2.1,12,1,0,12.5,2.6,12,1,940,31,0,0.6,1.9,15,0,0,1.7,1.3,15,0.4,0,4,2.3,0,1,0,7.6,0.9,1,1,0,10.5,1.6,4,1,0,11.2,2.8,7,1,942,31,0,0.5,1,12,0,0,2.2,1.6,11,0.4,0,5.1,1.1,11,1,0,8.5,0.4,6,1,0,10,1.8,5,1,0,11,3.1,6,1,1100,1,0,0,0,0,0,0,1261,1,0,0,0,0,0,0,1367,1,0,0,0,0,0,0,1614,1,0,0,0,0,0,0,1620,1,0,0,0,0,0,0,780,31,0,2.7,2.6,9,0,0,3.8,2,9,0.3,0,6.5,1.5,8,1,0,9.8,1.6,9,1,0,11.8,1.3,7,1,0,13.7,1.2,12,1,782,31,0,0.5,0,16,0,0,2.1,0,16,0.3,0,5.8,0.2,16,1,0,9,1,2,1,0,11.7,0.8,2,1,0,13,2,3,1,47809,31,0,0.3,0.9,9,0,0,1,0.8,7,0.4,0,4,0.9,6,1,0,8.2,0.4,8,1,0,11.7,1.1,11,1,0,13.7,1.6,11,1,785,31,0,1.9,1,1,0,0,2.8,0.8,1,0.4,0,6.3,0.8,2,0.9,0,10.8,0.6,2,1,0,12.9,2.9,2,1,0,14.2,1.8,2,1,47807,31,0,5,1.2,6,0,0,5.9,1,6,0.4,0,8.1,0.7,8,1,0,11.3,0.8,6,1,0,14.1,,,1,0,13.9,3.5,0,1,788,31,0,-0.2,0.7,5,0,0,2,0.4,5,0.6,0,4.6,0.5,0,1,0,8.1,1,12,1,0,11.4,0.9,13,1,0,14.6,0.9,12,1,789,1,0,0,0,0,0,0,790,31,0,2.6,2.2,2,0,0,3.8,1.8,2,0.6,0,5.6,1.8,2,0.9,0,8.7,1.8,1,1,0,12.6,2.7,2,1,0,14,1.6,1,1,791,1,0,0,0,0,0,0,792,31,0,0.7,0.2,16,0,0,2.3,0,16,0.7,0,6.1,0,16,1,0,8.9,1,9,1,0,12.1,0.8,9,1,0,13.5,1.3,13,1,793,31,0,-0.6,0.8,5,0,0,1.7,0.3,2,0.4,0,4.5,1.1,8,1,0,7.8,0.7,15,1,0,10.4,0.7,11,1,0,12.2,1,12,1,943,31,0,0.3,0.1,16,0,0,1.2,0.3,2,0.2,0,4.9,0.8,14,1,0,10.5,0.4,5,1,0,13,1.5,6,1,0,14.1,1.5,7,1,945,1,0,0,0,0,0,0,1046,31,0,3.7,0.3,7,0,0,4.6,0.4,1,0,0,7.4,0.7,3,0.7,0,9.1,1.3,1,1,0,12.5,2.1,0,1,0,13.6,1.4,15,1,1141,31,0,1.8,1.1,5,0,0,4.1,1.4,6,0.5,0,6.2,2.2,5,1,0,9.8,2.2,4,1,0,13.1,1.5,6,1,0,13.9,1.6,14,1,1477,15,0,3.2,2.3,6,0,4.1,2.3,6,0,7.5,2.8,7,0,11.2,1.5,6,0,12.7,1,11,0,13.9,1.9,1,1590,15,0,4.4,0.9,13,0,4.7,0.6,13,0,7.1,2.5,1,0,7.4,1.4,5,0,8,0.9,4,0,8.8,2.7,3,1611,1,0,0,0,0,0,0,1637,1,0,0,0,0,0,0,794,31,0,1.3,1,8,0,0,2.5,1,9,0.5,0,6.9,1.6,9,1,0,9.5,0.5,2,1,0,10.9,1.5,3,1,0,10.8,2.8,2,1,795,31,0,1.3,1.5,6,0,0,3.5,1.5,6,0.4,0,7.7,0.8,6,1,0,9.6,1.4,0,1,0,10.6,2.4,14,1,0,12.2,3.6,0,1,796,15,0,1.4,2.1,11,0,4.2,1.6,11,0,8.2,1,11,0,9,1.6,5,0,9.4,1.9,7,0,10.2,1.9,5,47814,31,0,-1,0.6,13,0,0,-0.3,0.8,1,0.6,0,1.8,0.7,14,1,0,5.8,0.7,10,1,0,10.4,0.6,12,1,0,14.7,1.3,14,1,799,31,0,-3.6,0.2,16,0,0,-2.9,0,16,0,0,-0.2,0.6,3,1,0,4.8,0.5,8,1,0,9.3,1.2,4,1,0,11.5,0.9,7,1,47815,31,0,1.6,2.8,8,0,0,3.2,2.5,8,0.6,0,5.9,2.7,8,1,0,9.3,2,9,1,0,11.7,0.7,3,1,0,11.9,3.1,1,1,801,1,0,0,0,0,0,0,805,31,0,-1.5,0.1,16,0,0,-0.3,0.4,8,0.2,0,2.9,0.6,5,1,0,8,0.9,11,1,0,11.8,0.8,2,1,0,14.2,2.2,0,1,806,31,0,-2.7,1.1,12,0,0,-0.1,1.4,10,0.6,0,4.2,0.1,16,1,0,7.9,0.1,16,1,0,10.4,1.4,5,1,0,12.2,1.1,5,1,808,31,0,1.2,2,8,0,0,2.8,2.6,11,0.6,0,5.2,2.3,11,1,0,8.7,1.1,8,1,0,11.9,1.4,7,1,0,12.7,4,4,1,810,31,0,6.3,0.9,4,0,0,7.5,2.4,1,0,0,10.5,2.6,1,1,0,11.9,3.5,0,1,0,13.7,3.4,0,1,0,14.7,3,0,1,931,31,0,-2.2,0.2,16,0,0,-1.3,0.2,16,0.2,0,1.5,0.1,16,1,0,5.8,0.6,0,1,0,11.5,0.8,1,1,0,13.5,1,15,1,932,31,0,-3.4,,,0,0,-2,,,0.5,0,1.3,0.4,4,1,0,6,0.6,9,1,0,10.6,1.2,9,1,0,13.4,1.2,9,1,933,1,0,0,0,0,0,0,979,1,0,0,0,0,0,0,1137,31,0,3.4,2.1,10,0,0,5.2,1.6,9,0.4,0,7.5,1.2,2,1,0,10.4,1,1,1,0,10.3,2.5,1,1,0,10.8,2.5,0,1,1142,31,0,-2.6,,,0,0,-1.3,,,0.7,0,1.7,0.2,16,1,0,7,0.6,7,1,0,11.3,1.2,6,1,0,13.3,2,3,1,1237,31,0,0.5,0.2,16,0,0,2.3,0.3,11,0.4,0,6.1,1,11,1,0,9.8,1.6,5,1,0,11.6,2.3,4,1,0,12.2,3.1,5,1,1554,1,0,0,0,0,0,0,47800,31,0,4.3,1.3,15,0,0,4.9,1.5,15,0.1,0,8,0.1,16,1,0,11.7,1.2,0,0.9,0,12.6,1.4,2,0.9,0,13.1,0.7,6,0.6,47805,31,0,5.7,2,8,0,0,7,1.2,7,0,0,9.7,0.8,7,0.3,0,10.6,1.6,2,0.6,0,12,2.7,2,1,0,12.3,3.4,1,1,814,31,0,3.8,1,8,0,0,5.4,1.6,8,0,0,7.9,0.2,16,0.3,0,10.4,1,14,0.7,0,11.8,2.3,1,1,0,12.6,3.3,1,1,47812,31,0,4,1.3,4,0,0,4.8,2.2,3,0.1,0,6.9,0.9,6,0.2,0,9.4,0.8,7,1,0,10.6,1.8,11,1,0,13.3,1.6,11,1,817,31,0,6.6,2,1,0,0,8,3.3,1,0,0,10.5,2.1,1,0.9,0,12.8,1.7,1,1,0,13.8,1,6,1,0,15.3,1.7,9,0.3,818,1,0,0,0,0,0,0,820,1,0,0,0,0,0,0,47817,31,0,4.4,1.3,4,0,0,5.5,1.1,4,0,0,7.9,1.4,0,0.8,0,10.5,2.4,0,1,0,13.1,1.2,8,1,0,13.8,2.7,6,0.9,47818,31,0,-0.1,1.2,15,0,0,1.6,0,16,0,0,4.8,0.4,14,0,0,9.9,0.5,12,1,0,10,1.4,11,1,0,9.7,1,9,0.6,47843,31,0,3.9,0.9,11,0,0,5.5,0.9,10,0.1,0,9.5,0.8,10,0,0,12.8,2,3,0.8,0,13,3.1,3,0.4,0,13.8,2.4,2,1,922,31,0,3.8,0.6,1,0,0,5,0.3,0,0.1,0,8.9,1.2,5,1,0,10.8,2.3,4,1,0,11.4,2.8,6,1,0,14.6,1.5,15,1,962,31,0,7.1,2.2,1,0,0,6.8,3.4,1,0.2,0,7.6,5.2,1,1,0,8.3,5.2,1,1,0,9.2,4,1,1,0,9.5,3.6,1,0.8,1084,15,0,3.5,2.3,6,0,5,2.9,6,0,6.5,2,6,0,8,0.8,4,0,9.6,0.6,2,0,11.4,1.3,0,1138,31,0,7.9,2.4,8,0,0,9.3,2,8,0,0,12,0.1,16,0.1,0,12.9,2.3,2,1,0,12.9,2.5,1,0.3,0,13.6,2.3,1,0.3,1144,31,0,6.6,1.5,7,0,0,7.9,1.7,7,0.1,0,9.8,2.2,7,1,0,10.9,1.1,6,1,0,11.8,1.4,5,1,0,11.7,2,3,0.9,1441,31,0,6.6,3.4,1,0,0,7.9,3.7,2,0.3,0,9.6,2.5,2,0.4,0,10.3,2.6,5,0.8,0,11.6,2.2,4,1,0,12.9,1.7,4,0.9,1453,31,0,9,1.5,3,0,0,9.5,1.6,4,0,0,11.1,1.5,4,0.7,0,11.7,2.2,4,1,0,12,2.4,4,1,0,12.2,2.9,4,1,1478,15,0,2.4,1.5,13,0,4.8,1.3,13,0,10.3,1.7,7,0,11.2,2.3,6,0,11.9,1.9,5,0,12.1,2.2,4,1479,15,0,6.4,3,1,0,8.8,2.6,1,0,11,0.5,13,0,12.5,3.2,1,0,13.1,3.9,2,0,13.7,3.4,2,1535,15,0,10.4,1.7,1,0,10.9,1.8,1,0,12,2,2,0,12.5,1.5,3,0,12.7,1.5,4,0,13.4,2.6,2,1536,15,0,9.7,2.2,1,0,10.4,1.4,3,0,11.2,2.3,3,0,11.6,3.2,2,0,12,2.3,3,0,12.3,2.5,3,1538,15,0,6.2,2.1,12,0,6.2,1.8,12,0,8.5,1.8,13,0,10.7,1.3,1,0,12,2.4,6,0,12.1,3.4,6,47813,31,0,3.3,2,1,0,0,4.4,1.5,1,0.5,0,6.2,1.8,0,1,0,8.2,1.1,1,0.7,0,11.1,1.6,0,1,0,13.7,1.7,3,1,829,31,0,0.4,1.4,13,0,0,1.7,0.1,16,0.2,0,4.5,0.6,0,0.9,0,7.5,0.9,11,1,0,10.7,0.6,8,1,0,12,1.5,5,1,830,31,0,-0.3,0.3,6,0,0,0.8,0.8,8,0.1,0,3.4,0.4,0,0.6,0,7.6,0.9,1,0.9,0,10.8,1,0,1,0,13.3,1.5,1,0.9,1075,31,0,0.4,0.5,5,0,0,2,0.9,5,0,0,4.7,0,16,0.5,0,8.6,0.4,4,1,0,12,0.8,3,1,0,13.8,0.9,4,1,1480,15,0,-0.4,2.2,15,0,2.4,2.4,15,0,5.2,3.2,1,0,8.2,2.6,0,0,11.1,1.5,3,0,10.8,2,9,1610,31,0,2.7,0,16,0,0,3.8,0,16,0,0,6.7,0.3,2,0.6,0,10.4,0.4,2,1,0,12.2,1.1,3,0.9,0,13,3.6,3,1,1612,1,0,0,0,0,0,0,1616,1,0,0,0,0,0,0,832,31,0,-1.7,0.2,16,0,0,-0.7,0.1,16,0.6,0,3.8,0,16,1,0,10.3,0,16,1,0,12.7,1.2,8,1,0,14.2,3,7,1,833,31,0,-4.1,,,0,0,-3,,,0.5,0,-0.5,,,1,0,4.4,0.8,14,1,0,9.2,0.9,14,1,0,12,0.7,13,1,834,31,0,-0.2,0,16,0,0,1.8,0.6,3,0.2,0,5.2,0.8,4,1,0,7.9,0.9,10,1,0,10.8,0.9,12,1,0,13.6,1.3,15,1,835,31,0,-1.3,0.1,16,0,0,0.7,0.3,7,0.7,0,4,0.8,15,1,0,7.2,0.6,9,1,0,10.5,1.4,15,1,0,13.3,1.5,0,1,47819,31,0,1.9,1.5,0,0,0,3,0.7,15,0.5,0,5.5,0.9,15,1,0,8.6,1,14,1,0,11.4,0.6,8,1,0,13.6,1.2,7,1,47821,31,0,0.9,1.7,2,0,0,2.6,0.9,1,0.6,0,5.2,0.1,16,1,0,6.2,1.2,12,1,0,6.8,2.3,10,1,0,8.2,1.9,11,1,840,31,0,-2.2,0.4,3,0,0,0.4,0.1,16,0.2,0,4.1,0,16,1,0,6.3,0.5,11,1,0,9.6,0.7,11,1,0,11.2,1.7,12,1,842,31,0,1.3,0.7,7,0,0,3.3,0.2,16,0,0,6.8,1.1,7,0.9,0,10.3,0.7,15,1,0,12.7,1.1,15,1,0,13.8,2.5,0,1,843,31,0,1.7,1.3,9,0,0,3.4,0.9,9,0,0,6.7,1.3,3,1,0,8.2,0.6,3,1,0,10.7,1.3,2,1,0,12.2,1.2,1,1,845,31,0,2.4,1.2,12,0,0,3.6,1.7,11,0.2,0,7.4,0.2,16,0.9,0,9.8,1.4,2,0.8,0,11.2,2.6,2,1,0,11.7,2.8,2,1,846,31,0,1.1,0.2,16,0,0,3.7,0.6,3,0.1,0,7.6,0.4,5,1,0,9.5,0.7,3,1,0,11.5,1,2,1,0,13.9,0.8,3,1,47824,31,0,-1.3,0.3,1,0,0,0.3,0.2,16,0.5,0,2.7,0.6,4,1,0,5.4,0.8,6,1,0,9,1.2,4,1,0,10.7,1.7,6,1,47838,31,0,7.1,1.8,2,0,0,8.9,3.9,3,0,0,9.9,2.5,4,0.5,0,11.1,3.4,4,0.6,0,13.1,4.2,4,0.9,0,14.2,4.1,4,0.9,923,15,0,1.6,0.3,3,0,3.7,1.7,1,0,8.4,1.6,3,0,9.8,1.6,15,0,12.3,1.9,13,0,13.3,1.6,14,924,31,0,2,1.4,3,0,0,3.5,0.3,6,0.5,0,6.5,0.5,9,0.8,0,9.2,1.3,14,1,0,11.2,3.1,15,1,0,12.8,2.5,15,0.9,925,1,0,0,0,0,0,0,926,31,0,-2.2,0.1,16,0,0,-0.5,0.3,12,0.5,0,2.2,0.7,11,1,0,5.1,1.1,9,1,0,8.9,0.6,6,1,0,12,1.1,4,1,946,1,0,0,0,0,0,0,1081,31,0,5.2,1.1,15,0,0,5,1.1,4,0.1,0,7.2,0.4,8,1,0,9,1.2,9,1,0,10.3,1.8,9,1,0,12.3,1.4,10,1,1086,1,0,0,0,0,0,0,1240,31,0,-4.1,0,16,0,0,-1.5,0.8,13,0.7,0,1.5,0.6,3,1,0,5.1,1.2,1,1,0,9,0.9,2,1,0,11.4,0.6,15,1,1368,1,0,0,0,0,0,0,1435,1,0,0,0,0,0,0,1580,1,0,0,0,0,0,0,1581,1,0,0,0,0,0,0,1613,1,0,0,0,0,0,0,852,31,0,-3.1,0.7,0,0,0,-1.4,0.3,0,0.8,0,1.6,0.7,1,1,0,6.5,0.8,5,1,0,10.6,0.8,7,1,0,12.9,1.5,8,1,47822,31,0,2.6,3.2,12,0,0,4,2.8,11,0.8,0,6.8,2,11,1,0,9.9,1.3,11,1,0,13,0.6,4,1,0,14.7,2.8,5,1,857,31,0,4.5,2.3,13,0,0,6.3,2.3,13,0.6,0,8.7,2.6,12,1,0,11.3,1.5,13,1,0,15,1.2,2,1,0,15.2,1.7,4,1,859,31,0,4.4,1,15,0,0,6.2,0.9,14,0.6,0,9.6,1.2,13,1,0,13.2,2.1,2,1,0,13.7,1.5,3,1,0,14.5,2.1,4,1,860,31,0,-0.7,0.7,11,0,0,-0.4,0.3,0,0,0,2.5,0.2,16,0.7,0,6.2,1,13,1,0,13,1,6,1,0,15.5,2,5,1,861,31,0,2.1,1.5,13,0,0,4.2,1.3,13,0.6,0,8.4,0.5,14,1,0,11.6,1.8,14,1,0,13.7,1.2,4,1,0,15.1,2.8,5,1,862,1,0,0,0,0,0,0,863,31,0,4.1,1.3,12,0,0,4.5,0.3,15,0.7,0,8,0.1,16,1,0,11.1,0.8,6,0.9,0,13.5,2.7,7,1,0,14.6,2.8,7,1,864,1,0,0,0,0,0,0,865,1,0,0,0,0,0,0,47830,31,0,3.8,3.2,13,0,0,4.9,3.3,13,0.6,0,7,3.4,13,1,0,10.9,2.5,13,1,0,14,2.7,2,1,0,14.5,3,4,0.9,868,31,0,7.1,2.5,12,0,0,8.6,2.4,13,0.7,0,11.4,2.1,13,1,0,13.3,1.9,13,1,0,14.1,1.7,0,0.8,0,14.9,1.7,1,1,47829,31,0,1.4,0.7,1,0,0,2.3,1,0,0.3,0,4.6,0.3,3,0.8,0,8.6,0.6,0,0.9,0,12,0.9,1,1,0,14.9,1.6,0,0.9,47835,31,0,5.9,4.7,13,0,0,7,4.8,13,0,0,9.3,4.7,12,0.7,0,13.2,2.1,12,1,0,15.6,3.5,3,0.8,0,15.5,4.5,4,0.9,872,31,0,4,1.9,2,0,0,5.6,2.6,2,0.7,0,9.8,2.1,3,0.9,0,14,2.6,2,0.9,0,15.6,3.2,2,0.5,0,16.1,3.1,3,0.5,1135,31,0,3.3,3.8,0,0,0,7.3,3.1,2,0.4,0,11.2,4.2,1,1,0,12,5.3,0,1,0,13.7,4.7,0,1,0,14.9,1.6,1,1,1164,1,0,0,0,0,0,0,1343,1,0,0,0,0,0,0,1345,31,0,0.6,0.4,7,0,0,1,0,16,0,0,2.3,0.2,16,0,0,6,0,16,1,0,10,0.1,16,1,0,15.6,1.2,10,1,1348,31,0,-1.6,1,11,0,0,0.1,1.1,11,0,0,3.5,0.3,8,0.9,0,8,1.1,4,1,0,11.2,1.4,3,1,0,12.7,1.9,3,1,1353,31,0,-0.9,0.1,16,0,0,-0.5,0,16,0,0,2.8,0.2,16,0.5,0,7,0.6,8,1,0,12.1,0.6,8,1,0,15,1.2,3,1,1432,1,0,0,0,0,0,0,1481,15,0,4.4,4.3,13,0,6.2,4.5,13,0,9.1,3.8,13,0,12.2,2.8,14,0,13.8,3.1,1,0,14.4,3.8,2,1608,1,0,0,0,0,0,0,1609,1,0,0,0,0,0,0,1636,1,0,0,0,0,0,0,47823,31,0,6,3.4,3,0,0,6.7,3.3,3,0.5,0,8.3,3.8,3,0.6,0,10.2,2.9,3,0.4,0,11.4,4.2,3,1,0,13,3.5,3,1,875,31,0,-1.7,0,16,0,0,-0.4,0,16,0.4,0,3.1,0.1,16,1,0,6.6,0.2,16,0.8,0,12.3,0.8,11,1,0,15.9,1.1,7,1,877,1,0,0,0,0,0,0,878,31,0,-1.6,0.2,16,0,0,0.4,0.3,0,0.5,0,4.3,0.1,16,0.7,0,7.4,0.7,15,0.4,0,12,1,0,1,0,15.1,1.1,1,1,879,31,0,10.2,1.6,3,0,0,10.9,1.6,3,0,0,12,1.8,4,0,0,12.8,2,3,0.2,0,14,2,3,1,0,14.2,2.3,3,0.8,880,31,0,0.7,1.3,1,0,0,1.3,1.9,1,0.3,0,4.1,1.7,1,0.4,0,7.2,1.7,2,0.2,0,11.3,0.9,6,1,0,16,0.5,15,1,881,15,0,2.4,1.9,0,0,3.7,2.7,0,0,7.2,2.2,0,0,10.7,1.4,0,0,13.3,1.5,4,0,15.2,2,6,882,1,0,0,0,0,0,0,883,31,0,2.3,0.8,6,0,0,4.5,0.9,4,0.5,0,9.6,1.1,5,0.3,0,13.5,1.1,4,0.8,0,15.6,2.6,5,1,0,17.2,1.5,10,1,47827,31,0,5.9,4,0,0,0,7.6,4,0,0.4,0,10,2.8,0,0.1,0,12,2.3,1,0.8,0,13.4,1.8,1,1,0,15.1,2.4,1,1,887,31,0,3.7,0.7,10,0,0,5.5,1.1,8,0,0,8,0.1,16,0.2,0,13,0.3,13,1,0,15.9,0.3,11,1,0,16,1.4,0,0.1,888,1,0,0,0,0,0,0,890,31,0,4.8,0.5,12,0,0,6.5,0,16,0,0,10.8,2,0,0.4,0,12.3,1.7,0,1,0,13.5,1.4,0,1,0,14.5,1.3,0,0.4,47831,31,0,6.4,4.6,0,0,0,7.5,3.6,0,0,0,10.9,3.6,0,0.4,0,14.6,1.9,0,0.6,0,15.9,0.8,6,0.3,0,15.8,2.2,8,0.2,893,31,0,6.2,0.2,16,0,0,8.9,0.8,15,0,0,11.6,1.6,15,0.5,0,12.8,1.6,0,1,0,14,1.9,14,1,0,14,1.5,0,0.5,895,31,0,4.3,0.7,11,0,0,7.2,0.9,12,0.1,0,10.7,0,16,0.1,0,14,2.1,4,0.7,0,15.6,2.2,4,1,0,14.9,2,3,0.3,47837,31,0,12.4,1,8,0,0,12.8,2.2,5,0,0,14.4,3.6,2,0,0,16.6,2.8,2,0.6,0,18.1,4.9,4,0.9,0,17.8,3.7,5,0,897,15,0,10.8,1.3,3,0,11.8,1,2,0,13.3,2.5,5,0,15.1,2.7,5,0,15.4,4.6,5,0,15.7,5.2,5,898,31,0,11,0.4,3,0,0,12.4,0.7,3,0.1,0,14.3,1.2,4,0.1,0,15.7,1.8,4,0.5,0,15.2,1.4,3,0.1,0.5,13,1.6,5,0,899,31,0,12.7,0.8,1,0,0,15.1,3.4,3,0.2,0,15.2,3.1,3,0.3,0,14.8,2.9,2,0,0,16.2,3.8,4,0.5,0,16.3,2.3,3,0,47909,31,0,11,2.5,8,0,0,12.3,1.1,8,0,0,15.4,0.8,9,0,0,18.2,1.8,4,0.7,0,19.5,1.4,5,1,0,19.7,2.7,7,0.7,47836,31,0,12.9,2.9,9,0,0,15.5,5.3,4,0.2,0,17.1,6.6,4,0.3,0,15,4.1,8,0.1,0,14.9,2,7,0,2,15,2.7,4,0,47942,31,0,17.6,4.8,3,0,0,18.1,5.3,4,0.3,0,18.8,4.8,4,0.1,0,19.3,4.7,4,0.1,0,19.7,5.1,4,0.4,0,19.5,5,4,0,934,1,0,0,0,0,0,0,935,31,0,4.2,1.2,6,0,0,7.6,1.8,5,0.8,0,9.2,2.3,5,0.3,0,11.2,2.9,5,1,0,12.7,3.5,5,1,0,13.5,2.1,4,1,936,31,0,4,0.7,0,0,0,4.9,0.6,0,0.6,0,7.9,0.8,15,0.6,0,11.8,0.9,15,1,0,14.9,0.4,12,0.9,0,16.4,1.4,6,0.9,937,31,0,2.6,0.8,2,0,0,5.2,0.8,0,0.4,0,10.1,2.8,2,0.2,0,13.7,1.7,2,0.9,0,15.2,2.5,3,0.9,0,15.4,1.9,3,0.4,980,31,0,13,0.2,16,0,0,14.2,0.3,2,0,0,16.5,0.2,16,0.1,0,18.3,1.5,4,0.6,0,18.3,2.5,3,0.9,0,19,3.5,5,0.2,1136,31,0,1.4,0.5,7,0,0,3.5,0,16,0,0,7.9,0.2,16,0.3,0,12.5,0.6,12,0.9,0,14.5,2,0,0.7,0,15.6,3.2,6,0.1,1139,31,0,14,1.8,1,0,0,16.6,1.9,3,0.5,0,16.9,2.6,4,0.2,0,18.5,3.3,4,0.5,0,18.8,3.6,4,0.5,0,19.5,3.5,4,0,1146,31,0,2.7,0.4,13,0,0,6.6,1.2,0,0.5,0,8.6,0.8,2,0.4,0,10.3,1.3,4,1,0,12.5,0.9,3,1,0,13,1.2,6,1,1149,1,0,0,0,0,0,0,1161,1,0,0,0,0,0,0,1181,31,0,2.2,0.6,9,0,0,4.4,0.1,16,0.3,0,7.6,0.2,16,0.3,0,10.6,0.4,2,0.7,0,13.6,0.9,2,0.9,0,14.7,0.7,2,0.5,1277,15,0,17.8,4.3,3,0,17.8,3.1,4,0,18.7,4.6,4,0,20,5.7,5,0,20.5,6,5,0,20.5,6.2,4,1296,15,0,9.4,1.7,6,0,13.3,1.9,6,0,17,1.3,3,0,18.1,2.5,5,0,19.2,3,5,0,19.1,2.5,6,1520,15,0,9.6,1.2,15,0,14.2,1,15,0,17.4,2.4,4,0,18.3,2.4,5,0,18.6,2.5,5,0,18.7,2.8,4,1540,31,0,10,2,3,0,0,11.5,1.3,4,0.4,0,15.7,1.9,3,1,0,15.3,1.5,2,0.3,0,16.8,2,2,0.3,0,16.8,2.7,5,0.1,1542,15,0,10.5,2,5,0,13,1.4,5,0,17.5,0.9,5,0,18.6,3.6,4,0,18.8,4.1,4,0,19.3,4.7,4,901,31,0,15.6,3.7,5,0,0,15.9,4.4,5,0,0,16.8,4,5,0,0,17.4,5,5,0.2,0,19.5,5.6,5,0.5,0,20,5.8,4,1,47940,31,0,15.7,2,3,0,0,18.2,2.2,5,0.3,0,19.3,4.4,5,0.6,0,20.4,4.1,5,0.6,0,21.2,4.7,5,1,0,21,5.2,6,0.9,906,1,0,0,0,0,0,0,907,1,0,0,0,0,0,0,47936,31,0,17.5,3,5,0,0,18.3,4.1,5,0.3,0,19.4,6,5,0.7,0,20.2,7.1,4,0.5,0,21.1,5.9,5,0.7,0,20.7,7.4,5,0.2,909,31,0,16.1,5.8,5,0,0,16.7,5.7,5,0.1,0,19.5,6.4,4,0.6,0,19.9,6.6,4,0.7,0,19.7,6.9,5,0.7,0,21.1,7.6,4,0.9,47918,31,0,19.5,5.5,5,,0,19.8,5.1,5,0.1,0,21.2,5.8,5,0.5,0,22.3,6.1,5,1,0,22.7,6.4,6,0.9,0,22.9,5.2,6,1,1145,31,0,19.7,4.1,6,,0,20.2,3.6,6,0.5,0,21.1,4.4,6,0.9,0,21.8,4.5,6,0.9,0,22.4,3.9,6,1,0,22.5,4.3,6,1,1147,31,0,18.3,5.9,4,0,0,18.4,4.2,5,0,0,18.7,4.8,5,0,0,18.8,5.4,5,0,0,20.9,6.1,5,0.5,0,21.1,5.7,5,0.9,47927,31,0,17.9,3.6,5,,0,18.5,2.6,5,0.6,0,20.5,4.1,5,1,0,21.7,4.5,5,1,0,22.7,4.4,6,1,0,23,5.5,5,0.9,47929,31,0,18.7,5.3,5,,0,18.7,4,5,0,0,19.6,3.7,4,0,0,19.7,4.9,5,0.2,0,20.6,5.1,5,0.1,0,21,5,5,0.1,1152,31,0,16.4,4.6,5,0,0,16.8,4.2,5,0.2,0,16.8,5.5,5,0,0,18.1,4.3,5,0.8,0,18.7,5.8,5,0.9,0,19.2,5.8,5,1,1248,1,0,0,0,0,0,0,1250,1,0,0,0,0,0,0,1251,31,0,19,4.5,5,,0,19.5,4.3,5,0.1,0,20.8,5,5,0.3,0,21.2,5.4,5,0.4,0,22.7,5.4,5,0.8,0,22.3,4.5,6,0.8,47917,31,0,17.1,1.4,6,,0,17.9,0.7,6,0.2,0,20.2,1.9,6,1,0,21.4,1.8,6,0.7,0,21.7,1.9,6,0.4,0,23.6,3.5,7,0.6,47912,31,0,19.5,5.1,6,,0,20.2,6.6,6,0.2,0,21.3,6.3,6,0.8,0,21.8,7.1,6,1,0,22.8,6.8,6,1,0,22.6,6.3,7,1,1354,31,0,19.2,3.9,5,,0,20.4,4.5,5,0.3,0,21.1,4.9,5,0.9,0,22.6,4.9,6,0.5,0,23.3,4.3,6,0.8,0,23.3,4.7,6,0.9,47945,31,0,17.3,3.5,3,0,0,18.2,4.3,4,0.4,0,19.3,6,4,0.9,0,19.9,6.1,4,0.9,0,19.8,7.5,4,1,0,20.2,7,3,0.9,1373,1,0,0,0,0,0,0,1374,1,0,0,0,0,0,0,1482,15,0,17.7,1.7,5,0,18.5,2.4,4,0,19.5,4.5,5,0,20.5,5.7,5,0,21.4,5.9,5,0,21.5,6,5,1483,15,0,17.3,3.1,5,0,18.1,2.6,5,0,20,4.9,5,0,21.7,5.3,6,0,22.7,5.2,6,0,22.8,5.7,6,1490,15,0,16.8,3.6,5,0,18.2,3.6,4,0,20.5,4.7,5,0,21.8,6.3,6,0,22.6,7.1,6,0,22.9,6.2,6,1491,15,0,19.1,3.2,6,0,19.7,3.5,6,0,20.7,4,6,0,22.1,4.8,6,0,22.7,4.7,6,,,5.1,6,1493,15,0,19,2.7,6,0,19.8,3.8,6,0,21.4,4.3,6,0,22.3,4.7,6,0,23,5.4,7,0,23.3,4.4,7,1494,15,0,20,5.8,5,0,20.5,6,6,0,21.1,5.4,6,0,22.4,5.3,6,0,22.6,4.8,6,0,22.6,4.4,6,1515,15,0,18.3,4.3,6,0,18.6,4.2,6,0,19.2,4.2,5,0,19.9,4.1,5,0,20.4,4,5,0,21.3,4.2,6,1516,15,0,18.4,4.5,4,0,18.7,6,4,0,18.7,5.9,4,0,20.1,7,4,0,20.5,6.7,4,0,21.2,3.1,4,1517,15,0,18,5.4,3,0,18.6,6,3,0,18.3,6.5,3,0,18.6,6.4,4,0,20.4,6.1,4,0,20.2,5.6,3,1518,15,0,17.8,4,3,0,18.7,4.3,4,0,19.5,4.6,4,0,19.6,5.3,4,0,20.5,5.2,4,0,20.5,5.7,4,1534,15,0,18,4.9,5,0,18.3,2.2,3,0,19.5,3.6,4,0,19.9,5.7,5,0,20.3,6.7,5,0,20.7,7.6,5,1586,1,0,0,0,0,0,0,1596,31,0,17.9,6.8,4,0,0,18.6,5.2,5,0.6,0,19.2,6.5,5,0.6,0,19.3,6.7,4,0.9,0,19.9,7.8,5,0.9,0,20.3,7.9,5,0.9,1639,15,0,19.6,4.8,5,0,19.6,4.3,5,0,20.7,4.3,6,0,22,5.2,5,0,22.7,4.9,5,0,22.6,5,6,89532,94,-6.3,10.5,3,1,76,-5.7,8.5,4,0.4,76,-4.7,9.3,3,,76,-3.5,9.8,3,,76,-2.7,10.3,3,,76,-2,7.5,2,,76,